@    title "Magnitude of Electric Field"
@    xaxis  label "Residues"
@    yaxis  label "MV/cm"
#time  EField_Magnitude
@type xydy
21        6.284997401383e-01            4.348946887643e-02            
22        2.791066835894e+00            2.738985883560e-02            
23        6.105913241212e+00            6.099241941898e-02            
24        1.128244583167e-01            1.228934654669e-02            
25        3.317543254044e-02            1.264103935510e-02            
26        2.138937851805e-02            9.437475394316e-03            
27        5.070652556399e-02            1.775052667640e-02            
28        1.422161123637e-01            2.056505477523e-02            
29        4.526397462750e-02            1.251626310145e-02            
30        1.072083422599e-01            1.996310444775e-02            
31        3.361608181518e-01            2.283929124774e-02            
32        2.788080692876e-02            1.205484542880e-02            
33        1.975504691064e-01            1.253164461237e-02            
34        4.310364409303e-01            5.667570806632e-02            
35        3.977178370887e-01            2.273951697315e-02            
36        2.706817428360e-01            9.647034393473e-03            
37        5.253542243095e-01            8.121842936538e-02            
38        6.865208904778e-01            1.461160664216e-02            
39        5.433512331491e-01            2.302719506083e-02            
40        3.868181891776e-01            7.956699436910e-03            
41        3.684817184520e-01            1.512533172289e-02            
42        2.183112472187e-01            5.169422520314e-02            
43        1.955422665615e-01            2.622717946339e-02            
44        2.611720980029e-01            2.387806277200e-02            
45        2.645139173853e-01            1.640638273058e-02            
46        8.675027604020e+00            1.104910774815e-01            
47        3.242206476380e-01            3.146739048445e-02            
48        5.187788808743e-01            2.856884002060e-02            
49        5.624032410000e+00            7.663882728019e-02            
50        6.155452734199e-02            2.011474058003e-02            
51        2.208503351753e-01            3.017832824127e-02            
52        7.875570874015e+00            1.117418043464e-01            
53        2.252694554383e-01            3.131251149838e-02            
54        6.998491853341e-01            2.167596794124e-02            
55        2.760210957789e+00            1.357799874699e-01            
56        2.514974173045e+00            1.229807669023e-01            
57        1.588139210923e+00            5.525997409660e-02            
58        3.218440885604e+00            7.655456897763e-02            
59        1.002184765492e+01            2.769279027790e-01            
60        5.494760185803e+00            3.222496019814e-01            
61        1.814417654335e+00            2.123589970513e-01            
62        5.582893948345e+00            3.737971391750e-01            
63        3.923456734781e+01            1.742324081094e+00            
64        1.121488067672e+02            9.094032150100e+00            
65        1.095337333840e+02            7.233847757436e+00            
66        1.782858220607e+01            2.508143868710e+00            
67        6.047310769161e+00            5.495223529029e-01            
68        3.308079366926e+01            6.799952666252e-01            
69        3.811753203982e+00            3.015799167174e-01            
70        8.142498743059e-01            4.419386298537e-01            
71        1.745082492908e+00            1.020809895939e-01            
72        4.323873798356e-01            1.910798140492e-01            
73        9.230955166190e-02            3.496674262789e-02            
74        4.790007291388e+00            8.439715946044e-02            
75        3.301769932152e-01            1.539355132613e-02            
76        7.555746280555e-01            3.334715339257e-02            
77        1.098797774642e+01            1.790476226663e-01            
78        5.551225580011e-01            1.250376674344e-02            
79        8.765719510108e-01            2.122536082029e-02            
80        1.258341403630e+00            8.202850361331e-02            
81        1.198231124283e+00            3.317875998675e-02            
82        8.164643434392e-01            3.337504488575e-02            
83        1.025618182023e+00            6.136958444292e-02            
84        5.189973484967e-01            9.142655576644e-02            
85        8.711852154262e-01            6.292654229556e-02            
86        3.233473241064e-01            4.839810811773e-02            
87        1.383594835831e-01            5.106744500103e-02            
88        4.918456459459e-01            8.777524447468e-02            
89        4.270634571007e-01            5.973070637762e-02            
90        8.388383407897e-02            3.175310457255e-02            
91        7.186472869589e-01            5.782730429737e-02            
92        1.121508417018e+00            7.741305454849e-02            
93        4.224532910346e-02            1.996548270141e-02            
94        3.979666259583e-01            2.775132865381e-02            
95        9.374102084309e-01            3.950709561644e-02            
96        1.009882049031e+00            6.450210625618e-02            
97        7.539960929182e+00            1.169338162094e-01            
98        4.982419546170e-01            1.631626239091e-02            
99        5.900871588855e-01            1.619465413471e-02            
100       3.045789491137e-01            1.297609870398e-02            
101       6.194951147635e-02            2.320167620114e-02            
102       2.811205570070e-01            7.036701822582e-03            
103       1.969734024446e-01            5.099837428913e-02            
104       2.408054588028e-01            1.033259579249e-02            
105       1.342821589545e-01            6.816772391944e-03            
106       2.863275698294e-01            3.380723980213e-02            
107       2.376430698581e-01            7.437758944059e-03            
108       1.412359372847e-01            6.392047018882e-03            
109       1.363460252142e-01            1.767009569097e-02            
110       2.749059626520e-01            2.719864081481e-02            
111       1.100441214042e-01            7.692789602611e-03            
112       4.765912045248e-02            5.674508205784e-03            
113       2.028487376572e+00            1.001293801716e-02            
