@    title "Magnitude of Electric Field"
@    xaxis  label "Residues"
@    yaxis  label "MV/cm"
#time  EField_Magnitude
@type xydy
21        1.429711265119e+00            4.711259710385e-02            
22        3.024948927721e+00            4.218039641805e-02            
23        9.035969447635e+00            1.074283703409e-01            
24        4.101862160537e-02            1.630180018766e-02            
25        2.226172524106e-01            2.872428455892e-02            
26        2.271177732718e-01            1.569970228028e-02            
27        3.471649420711e-01            2.832644956917e-02            
28        1.372358554935e-01            2.209590020291e-02            
29        2.396260983785e-01            1.276628136137e-02            
30        5.215970492626e-01            2.143705894035e-02            
31        1.639325530017e-01            4.842862268584e-02            
32        3.557642355153e-01            1.300088774917e-02            
33        4.328674691450e-01            1.189578950504e-02            
34        4.969696880779e-01            5.819521340221e-02            
35        4.419497646331e-01            1.831148425074e-02            
36        4.024898139356e-01            1.078434458887e-02            
37        4.383149096467e-01            5.224942986837e-02            
38        1.491383894828e-01            2.284697070004e-02            
39        4.162461044826e-01            3.196001671773e-02            
40        2.367133448551e-01            1.033432239581e-02            
41        4.248681464849e-02            1.653549039798e-02            
42        1.752830328865e-01            6.101159519936e-02            
43        1.296597190771e-01            2.002588488386e-02            
44        7.137424636323e-02            1.686837665523e-02            
45        5.025013945045e-02            1.429093203405e-02            
46        8.150867730944e+00            6.533243301894e-02            
47        1.043459567541e-01            1.789450098862e-02            
48        4.521479163931e-01            1.768994366294e-02            
49        5.580855436832e+00            4.866822214849e-02            
50        3.096476916616e-01            1.967428689553e-02            
51        3.545079987715e-01            2.149975218714e-02            
52        8.465629028949e+00            6.966712594865e-02            
53        6.118124646289e-01            3.078469481291e-02            
54        5.324836829780e-01            3.699264785562e-02            
55        1.295201375247e+00            9.564766145901e-02            
56        1.420787433643e+00            6.585999482925e-02            
57        7.567607188022e-01            1.092200929627e-01            
58        9.730262918021e-01            1.137135664373e-01            
59        5.892718044768e+00            1.730159753655e-01            
60        5.769051711952e+00            3.489011302158e-01            
61        3.547148908838e+00            1.586822762823e-01            
62        4.175998383793e+00            1.157175131749e+00            
63        6.909890048409e+01            1.140777867579e+01            
64        1.711366586012e+01            8.226609900234e-01            
65        5.637603131383e+00            4.115503307809e-01            
66        1.257446390902e+00            2.626444498554e-01            
67        6.399050145592e-01            9.493248544789e-02            
68        1.921235038859e+01            2.192309480122e-01            
69        1.416568388138e+00            5.074740792226e-02            
70        1.116726895103e+00            1.463094451221e-01            
71        3.691345426283e-01            3.964093292771e-02            
72        1.499647312009e-01            8.639423793495e-02            
73        2.693223485583e-01            2.510507121491e-02            
74        5.761778243593e+00            5.969360223784e-02            
75        1.181238960609e-01            1.610635426557e-02            
76        7.890865714455e-02            3.151943715353e-02            
77        9.075532762183e+00            1.140949178337e-01            
78        7.944764189780e-02            2.286636630570e-02            
79        3.187771768543e-01            2.688136205617e-02            
80        1.173727776595e-01            5.170613878800e-02            
81        3.002762507308e-01            3.975318134976e-02            
82        5.786925559143e-01            2.379060347964e-02            
83        1.057085867107e+00            5.424638619576e-02            
84        2.562286756492e+00            8.765748646255e-02            
85        1.118046205452e+00            6.158713416346e-02            
86        1.159911238150e+00            7.246130227101e-02            
87        1.397799750196e+00            8.057602033448e-02            
88        1.554237961212e+00            2.523308267815e-01            
89        1.518848342450e+00            1.530547575444e-01            
90        9.621830060165e-01            7.638029407168e-02            
91        2.233644160959e-01            9.338235928625e-02            
92        1.834926972851e+00            6.180461160158e-01            
93        5.806299730587e-01            9.285337010558e-02            
94        9.604183423468e-02            3.789848879083e-02            
95        1.502382255584e+00            1.058539034490e-01            
96        2.583862985031e+00            2.309168169095e-01            
97        1.238034924276e+01            2.618454031887e-01            
98        5.917948185479e-01            3.590641053549e-02            
99        1.218638255723e+00            3.990535986089e-02            
100       6.993955922990e-01            3.390332264882e-02            
101       2.025123137456e-01            5.584521261747e-02            
102       3.397011497979e-01            1.474734666460e-02            
103       6.198352003816e-01            8.712062258740e-02            
104       5.059105344121e-01            1.669046935067e-02            
105       2.295443700857e-01            1.181935600443e-02            
106       3.704316603924e-01            4.579627266064e-02            
107       3.240216671666e-01            1.236447955303e-02            
108       2.410188716765e-01            1.010329967731e-02            
109       2.093409366155e-01            2.767515712494e-02            
110       2.989120770802e-01            2.241859560620e-02            
111       1.519920090753e-01            1.168716039888e-02            
112       1.022271898462e-01            8.267279792740e-03            
113       2.106938686889e+00            1.649786154488e-02            
