@    title "Magnitude of Electric Field"
@    xaxis  label "Residues"
@    yaxis  label "MV/cm"
#time  EField_Magnitude
@type xydy
21        1.216052983295e-01            2.436610768409e-02            
22        2.015882947914e+00            1.746829249073e-02            
23        3.173546293432e+00            2.298359764375e-02            
24        8.193046179603e-02            3.873752466404e-03            
25        5.586060866961e-02            7.389402661841e-03            
26        7.121480671730e-02            4.271417618881e-03            
27        9.161362315134e-02            5.519339519169e-03            
28        1.356577376677e-01            7.415673769207e-03            
29        1.169117477285e-01            5.805358868033e-03            
30        8.146031072973e-02            7.137364210206e-03            
31        2.328142770771e-01            9.481309798213e-03            
32        1.581371325405e-01            7.963681985157e-03            
33        8.276167537851e-02            6.962125528417e-03            
34        2.906587943848e-02            1.383014091010e-02            
35        9.132464227415e-02            1.173398632563e-02            
36        1.090974632041e-01            9.420476632231e-03            
37        6.318908826826e-02            2.799971525381e-02            
38        9.790635960908e-02            1.679217495630e-02            
39        1.153184020298e-01            2.212500669621e-02            
40        2.531241352935e-02            9.510407293876e-03            
41        2.678640892273e-01            1.713811528178e-02            
42        3.184813858798e-01            4.640617931539e-02            
43        3.642146592406e-01            1.870455123535e-02            
44        3.674882996240e-01            1.389612616659e-02            
45        3.526256134432e-01            1.901872321982e-02            
46        7.038513703720e+00            1.128856174683e-01            
47        1.614735637848e-01            2.208802318876e-02            
48        5.564333036453e-01            2.866187558473e-02            
49        3.204562912537e+00            6.665690062617e-02            
50        4.446133943045e-01            1.509684888073e-02            
51        4.990911772460e-01            1.725937164006e-02            
52        7.394183365089e+00            1.090575821333e-01            
53        6.180870430477e-01            2.419046235913e-02            
54        4.390500927600e-01            2.174402260181e-02            
55        2.793846364016e-01            7.186947395157e-02            
56        2.628694229019e-01            4.893201555986e-02            
57        3.028447989766e-01            4.595188449385e-02            
58        1.218414424151e-01            2.495383304233e-02            
59        1.127044260927e-01            5.060942857129e-02            
60        7.950733141301e-01            6.780536091096e-02            
61        3.248142038010e-02            1.640023617537e-02            
62        2.790037530738e-01            3.924364955973e-02            
63        3.111955958511e-01            6.469218494243e-02            
64        1.155383390404e+00            5.540686095716e-02            
65        2.069094673358e+00            9.672606558432e-02            
66        5.119316347082e+00            2.280424506672e-01            
67        7.177249955573e+00            7.570343138847e-01            
68        2.963820438697e+01            4.812088163759e-01            
69        2.851364207720e+00            1.951402763573e-01            
70        1.214054493949e+00            4.895274059618e-01            
71        1.337634091409e+00            8.488053580564e-02            
72        1.763828309990e+00            5.151203484520e-01            
73        6.234220327505e-01            3.791311381569e-02            
74        4.130762277781e+00            8.681492085259e-02            
75        3.331741506437e-01            1.491388557034e-02            
76        1.807749885147e-01            2.944516686184e-02            
77        8.873079498592e+00            2.080889732205e-01            
78        2.846796912981e-01            1.707315777839e-02            
79        2.635858649417e-02            1.206215002732e-02            
80        1.319596331964e-01            4.199432517610e-02            
81        1.368379786463e-01            1.830022690568e-02            
82        7.085851099788e-02            1.619764631136e-02            
83        3.485044755937e-02            1.526642262860e-02            
84        3.168414293542e-01            2.027383912067e-02            
85        2.888184227701e-02            1.366265945771e-02            
86        9.117231143041e-02            1.185366865705e-02            
87        2.094963989256e-01            1.657424161175e-02            
88        1.578525988170e-01            1.619673900691e-02            
89        2.632795201885e-02            1.139390919533e-02            
90        6.337415017161e-02            1.045569965929e-02            
91        2.247423846009e-01            1.203756819641e-02            
92        1.694780857342e-01            1.037599924243e-02            
93        5.037168446168e-02            7.152432419773e-03            
94        1.605881622967e-01            6.925268731684e-03            
95        2.239717083555e-01            9.040495097515e-03            
96        2.621444984694e-01            1.439626036224e-02            
97        3.561168419260e+00            3.683954030379e-02            
98        1.760762718416e-01            5.898469077004e-03            
99        1.541647603829e-01            5.192403889370e-03            
100       8.683105845078e-02            3.612722503398e-03            
101       1.591656799004e-02            6.782949955488e-03            
102       1.180046129885e-01            3.269992839179e-03            
103       7.996446748041e-02            2.201131781622e-02            
104       6.462951980346e-02            4.193046036647e-03            
105       4.779464569877e-02            2.919339618866e-03            
106       1.195483182994e-01            1.441794456800e-02            
107       9.633053019896e-02            3.472026055267e-03            
108       5.037652712527e-02            2.883162012816e-03            
109       5.200143394445e-02            6.869827790094e-03            
110       1.437104388618e-01            1.975189134136e-02            
111       4.907657265814e-02            3.363072232891e-03            
112       6.412818246791e-03            2.544818219990e-03            
113       1.580003656430e+00            6.158361341593e-03            
