@    title "Magnitude of Electric Field"
@    xaxis  label "Residues"
@    yaxis  label "MV/cm"
#time     EField_per_residue            Std.Deviation         EField_residue_alignement   Std.Deviation
@type xydy
21        7.463613934028e-01            3.324946341258e-01            0.003091            0.002509                      
22        3.178964030959e+00            9.794746150045e-02            0.018616            0.000962                      
23        9.042105763736e+00            3.980628706730e-01            0.052959            0.003141                      
24        7.953767768169e-02            2.698520380279e-02            0.000398            0.000175                      
25        1.940448754121e-01            4.240198081793e-02            0.000978            0.000282                      
26        3.087014881125e-01            1.883564197209e-02            0.001801            0.000132                      
27        4.957665892433e-01            3.135917592587e-02            0.002885            0.000215                      
28        2.293504280572e-01            2.091918444034e-02            0.001306            0.000133                      
29        3.025571211055e-01            1.227345821864e-02            0.001763            0.000105                      
30        5.758194438970e-01            2.472839250853e-02            0.003361            0.000209                      
31        3.372737038448e-01            6.058942009398e-02            0.001875            0.000371                      
32        4.049581448981e-01            1.307994977299e-02            0.002357            0.000128                      
33        4.394792943482e-01            1.361650512148e-02            0.002569            0.000135                      
34        3.643729488593e-01            4.525595354709e-02            0.002051            0.000270                      
35        3.700097780035e-01            2.100081317866e-02            0.002141            0.000147                      
36        3.732295265749e-01            1.571070489163e-02            0.002181            0.000128                      
37        2.707468228489e-01            6.238640974699e-02            0.001043            0.000306                      
38        4.803487904976e-02            2.030890714463e-02            0.000147            0.000108                      
39        3.678170430074e-01            3.358429924650e-02            0.002140            0.000212                      
40        1.877510864957e-01            1.334735656540e-02            0.001094            0.000090                      
41        7.404405372059e-02            1.702828454003e-02            0.000408            0.000108                      
42        1.211858723827e-01            5.984447654239e-02            0.000597            0.000386                      
43        1.532707855265e-01            2.407967373219e-02            0.000880            0.000151                      
44        9.807648210992e-02            2.149619067689e-02            0.000556            0.000131                      
45        8.137046968677e-02            1.782372207892e-02            0.000463            0.000109                      
46        7.774339806488e+00            1.021559622465e-01            0.045568            0.002025                      
47        6.461957773000e-02            2.101436112420e-02            0.000363            0.000131                      
48        4.064744817505e-01            1.782808154025e-02            0.002379            0.000141                      
49        5.324782618754e+00            5.446861419002e-02            0.031210            0.001322                      
50        3.338153122404e-01            1.902008864048e-02            0.001954            0.000142                      
51        3.777149489995e-01            1.782285864679e-02            0.002210            0.000142                      
52        7.987226519424e+00            7.946612771130e-02            0.046817            0.001981                      
53        6.219034782004e-01            3.269248496931e-02            0.003641            0.000246                      
54        6.141700348188e-01            3.626184869201e-02            0.003591            0.000259                      
55        1.367406235223e+00            8.453623503238e-02            0.008001            0.000580                      
56        1.479453539354e+00            6.269876621161e-02            0.008658            0.000522                      
57        9.958733796679e-01            1.061920561753e-01            0.005804            0.000667                      
58        1.669403314421e+00            1.265240472603e-01            0.009718            0.000859                      
59        5.185586948587e+00            1.237565180403e-01            0.030354            0.001469                      
60        5.908250470058e+00            3.252366066995e-01            0.034572            0.002372                      
61        1.983987470203e+00            3.451096117838e-01            0.010375            0.002045                      
62        1.230207963984e+01            1.182739325590e+00            0.070630            0.007504                      
63        1.057256475335e+02            6.327169346989e+00            0.619359            0.017730                      
64        9.487478751456e+00            7.116166951546e-01            0.055520            0.004437                      
65        2.714173411850e+00            3.089572186845e-01            0.015856            0.001897                      
66        9.610099897039e-01            2.000288877259e-01            0.005501            0.001207                      
67        4.664547189761e-01            7.122966215252e-02            0.002691            0.000439                      
68        1.681597282401e+01            2.440547911096e-01            0.098581            0.004302                      
69        1.122840473955e+00            3.986347802042e-02            0.006570            0.000364                      
70        1.024065191182e+00            1.218683405792e-01            0.005968            0.000781                      
71        2.385203200752e-01            4.144020557844e-02            0.001364            0.000253                      
72        4.549793997283e-01            9.980715556698e-02            0.002582            0.000690                      
73        2.691780196492e-01            2.920031426385e-02            0.001557            0.000188                      
74        5.655839528843e+00            8.649495864806e-02            0.033149            0.001473                      
75        1.464878456729e-01            1.747344891949e-02            0.000847            0.000108                      
76        1.268222013550e-01            2.826547395546e-02            0.000728            0.000170                      
77        8.375682995544e+00            1.344329461271e-01            0.049097            0.002213                      
78        1.433479513753e-01            2.539635025814e-02            0.000808            0.000155                      
79        1.689629700006e-01            2.758860287798e-02            0.000947            0.000172                      
80        1.876836940201e-01            6.486425294237e-02            0.000961            0.000413                      
81        9.928058946810e-02            4.403985983079e-02            0.000260            0.000179                      
82        3.803960201136e-01            2.681083082385e-02            0.002165            0.000177                      
83        6.397608390674e-01            8.446739183955e-02            0.003666            0.000513                      
84        2.058906117612e+00            9.896476204824e-02            0.011905            0.000799                      
85        9.061616763396e-01            6.954053824277e-02            0.005123            0.000466                      
86        1.224099672497e+00            9.669567846281e-02            0.007097            0.000647                      
87        1.647610722994e+00            1.098280668980e-01            0.009579            0.000744                      
88        2.605526081675e+00            3.107711405616e-01            0.014942            0.001973                      
89        1.435557629691e+00            2.041020092693e-01            0.008243            0.001232                      
90        1.355990886752e+00            9.824509050755e-02            0.007891            0.000663                      
91        7.625566960145e-01            1.233576771268e-01            0.004186            0.000738                      
92        5.620207929798e+00            1.694055692744e+00            0.021735            0.011909                      
93        8.428841880288e-01            1.210174501827e-01            0.004878            0.000740                      
94        2.930715257513e-01            7.011942911529e-02            0.001569            0.000445                      
95        1.405273681678e+00            1.474739974495e-01            0.008171            0.000936                      
96        2.276792473352e+00            5.361889557279e-01            0.010298            0.005699                      
97        1.246089317897e+01            4.420578031564e-01            0.073024            0.003849                      
98        5.431688124194e-01            4.813857435429e-02            0.003162            0.000307                      
99        1.385739548103e+00            5.577824235002e-02            0.008105            0.000461                      
100       7.931653411464e-01            4.917707865298e-02            0.004640            0.000359                      
101       1.860040132543e-01            9.519197077681e-02            0.000586            0.000501                      
102       3.210958060575e-01            2.165112307398e-02            0.001871            0.000148                      
103       6.667453446956e-01            1.848099458926e-01            0.002059            0.001236                      
104       5.838567037807e-01            2.260041318219e-02            0.003412            0.000189                      
105       2.709377003153e-01            1.759191687690e-02            0.001583            0.000126                      
106       3.924927425424e-01            2.326750872571e-02            0.002261            0.000173                      
107       3.193876820431e-01            1.493718439419e-02            0.001867            0.000118                      
108       2.686756120654e-01            1.248523531930e-02            0.001570            0.000099                      
109       2.230176579788e-01            2.692006897798e-02            0.001275            0.000176                      
110       2.290331255768e-01            5.498629449311e-02            0.000944            0.000281                      
111       1.059414300914e-01            2.057854461124e-02            0.000595            0.000123                      
112       2.563324512903e+00            7.867702278588e-02            0.015020            0.000783                      
1         2.609624915684e-01            8.687444895786e-02            0.001050            0.000490                      
2         3.023568025720e-01            6.934167376626e-02            0.001209            0.000483                      
3         1.818541624110e-01            5.294291391534e-02            0.000707            0.000437                      
4         2.775929311303e-01            7.999307689861e-02            0.000829            0.000499                      
5         1.981081848431e-01            5.540756546463e-02            0.000643            0.000401                      
6         2.665940660885e-01            6.038277795264e-02            0.000970            0.000496                      
7         2.518792414523e-01            2.545088203598e-02            0.001327            0.000228                      
8         2.074508699688e-01            6.565943225564e-02            0.000708            0.000413                      
9         2.306564945052e-01            5.962723561309e-02            0.000873            0.000380                      
10        2.554013020347e-01            5.496811467483e-02            0.001070            0.000479                      
11        3.365313285781e-01            5.518288474500e-02            0.001107            0.000416                      
12        2.718944019933e-01            7.574172710127e-02            0.000453            0.000447                      
13        2.861716973381e-01            7.198325190705e-02            0.000931            0.000454                      
14        2.065950905272e-01            6.752725406083e-02            0.000620            0.000367                      
15        2.286563332926e-01            5.791158110632e-02            0.000682            0.000382                      
16        2.595255398516e-01            9.759611238094e-02            0.000910            0.000392                      
17        3.008892159365e-01            5.664671792559e-02            0.000936            0.000469                      
18        1.453115168120e-01            3.387398772761e-02            0.000558            0.000175                      
19        1.317298409353e-01            1.795731740508e-02            0.000381            0.000142                      
20        2.015467736023e-01            6.065700099734e-02            0.000828            0.000436                      
21        1.752484033028e-01            4.856165857862e-02            0.000636            0.000326                      
22        1.780449986880e-01            3.663076624005e-02            0.000405            0.000242                      
23        1.736180779486e-01            4.377323069968e-02            0.000603            0.000227                      
24        1.866038713971e-01            3.968231412902e-02            0.000542            0.000309                      
25        1.545420504746e-01            4.341036217385e-02            0.000598            0.000320                      
26        1.770692951753e-01            4.625329163804e-02            0.000432            0.000377                      
27        2.345799383980e-01            3.937115342490e-02            0.000607            0.000360                      
28        1.606515465381e-01            3.826146843452e-02            0.000420            0.000233                      
29        1.199617300196e-01            2.917514069583e-02            0.000372            0.000192                      
30        1.619381095788e-01            4.239673666883e-02            0.000516            0.000312                      
31        1.310780372636e-01            4.247124309166e-02            0.000325            0.000198                      
32        1.235394215482e-01            2.819506057571e-02            0.000449            0.000245                      
33        1.198547256384e-01            3.132878486814e-02            0.000399            0.000232                      
34        1.458479159323e-01            3.049709427674e-02            0.000423            0.000203                      
35        1.449017935311e-01            4.268406085052e-02            0.000537            0.000251                      
36        1.513129248832e-01            4.911740944207e-02            0.000489            0.000283                      
37        1.157037487444e-01            2.151853738064e-02            0.000349            0.000213                      
38        1.410292608293e-01            2.861615358201e-02            0.000506            0.000300                      
39        1.145073207775e-01            2.460642262743e-02            0.000280            0.000178                      
40        1.073490960533e-01            2.877779088215e-02            0.000296            0.000152                      
41        1.472639314792e-01            3.903416235282e-02            0.000430            0.000272                      
42        1.337156500831e-01            3.156364365999e-02            0.000226            0.000203                      
43        8.790147879990e-02            2.315269486410e-02            0.000233            0.000194                      
44        1.237112018667e-01            3.335277343267e-02            0.000242            0.000168                      
45        7.383162005224e-02            2.454375240779e-02            0.000289            0.000167                      
46        1.030689702217e-01            2.311667957781e-02            0.000380            0.000165                      
47        8.091940680055e-02            2.314058215558e-02            0.000193            0.000152                      
48        1.194939969080e-01            3.365322940510e-02            0.000490            0.000113                      
49        8.162059410578e-02            2.111877155715e-02            0.000230            0.000155                      
50        8.379239280981e-02            1.755285222333e-02            0.000226            0.000109                      
51        6.938887660180e-02            1.668486774827e-02            0.000252            0.000123                      
52        6.161444138654e-02            1.592834103896e-02            0.000214            0.000092                      
53        1.085028280557e-01            2.534563985303e-02            0.000241            0.000141                      
54        9.590585981053e-02            2.777016597631e-02            0.000269            0.000205                      
55        9.330593907376e-02            2.576915809048e-02            0.000239            0.000159                      
56        1.117688636133e-01            2.805940760452e-02            0.000331            0.000144                      
57        1.048215863636e-01            2.911729191410e-02            0.000365            0.000157                      
58        1.180161501045e-01            3.483677393629e-02            0.000420            0.000201                      
59        1.001063296964e-01            2.330513282195e-02            0.000291            0.000198                      
60        1.455123968800e-01            3.448797972124e-02            0.000451            0.000204                      
61        1.272251541068e-01            2.590614304875e-02            0.000425            0.000195                      
62        1.020839901003e-01            2.445985288753e-02            0.000262            0.000219                      
63        7.951972914474e-02            2.120623909333e-02            0.000298            0.000152                      
64        6.319062216760e-02            1.651556241060e-02            0.000184            0.000135                      
65        8.099531913404e-02            1.946746810243e-02            0.000219            0.000118                      
66        8.673177952373e-02            1.769538900707e-02            0.000136            0.000093                      
67        8.269114392502e-02            2.126196968929e-02            0.000248            0.000127                      
68        9.834311957441e-02            2.432147784038e-02            0.000316            0.000134                      
69        7.633553053166e-02            1.782733201046e-02            0.000215            0.000124                      
70        8.416772247387e-02            2.676959314810e-02            0.000264            0.000118                      
71        5.321533082895e-02            1.321330160640e-02            0.000151            0.000093                      
72        8.209023071539e-02            2.050433747678e-02            0.000219            0.000123                      
73        8.457799694797e-02            1.718503183443e-02            0.000194            0.000113                      
74        9.181839372319e-02            2.953110336066e-02            0.000357            0.000180                      
75        6.958862516223e-02            1.821322514625e-02            0.000197            0.000111                      
76        7.670840919095e-02            1.884664089532e-02            0.000183            0.000129                      
77        5.340516050715e-02            1.175008226211e-02            0.000168            0.000090                      
78        7.499493836846e-02            1.714396378277e-02            0.000273            0.000127                      
79        8.905484285781e-02            3.302513643436e-02            0.000277            0.000159                      
80        6.401364023841e-02            1.322044501004e-02            0.000112            0.000084                      
81        5.469584860299e-02            1.609845496563e-02            0.000186            0.000116                      
82        5.754905021490e-02            9.305181802541e-03            0.000091            0.000068                      
83        6.597154462770e-02            2.113560021279e-02            0.000165            0.000116                      
84        8.383958216644e-02            2.664690283296e-02            0.000272            0.000122                      
85        5.729032491114e-02            1.585234731277e-02            0.000206            0.000096                      
86        5.517656237349e-02            1.657127966810e-02            0.000173            0.000111                      
87        6.368509724025e-02            1.783322955687e-02            0.000106            0.000063                      
88        6.010175636825e-02            1.313833885939e-02            0.000132            0.000088                      
89        4.990978302233e-02            1.399570938826e-02            0.000153            0.000095                      
90        5.722106259841e-02            1.555363228708e-02            0.000208            0.000096                      
91        4.858944649781e-02            1.222014677842e-02            0.000139            0.000065                      
92        6.353972685926e-02            1.800129057221e-02            0.000262            0.000090                      
93        5.666199157446e-02            1.862965524003e-02            0.000215            0.000112                      
94        4.093374990009e-02            8.001073550240e-03            0.000095            0.000065                      
95        4.942552763188e-02            1.055194635482e-02            0.000115            0.000061                      
96        4.239258660908e-02            1.073146785950e-02            0.000152            0.000072                      
97        3.330144618642e-02            5.989524318775e-03            0.000089            0.000057                      
98        4.225063599746e-02            7.406472908013e-03            0.000104            0.000063                      
99        3.443453038386e-02            8.907087811348e-03            0.000078            0.000052                      
100       4.261270061923e-02            6.939419661513e-03            0.000071            0.000035                      
101       2.853153823397e-01            7.750332360115e-02            0.001202            0.000319                      
102       1.715539390474e-01            5.723034002740e-02            0.000330            0.000187                      
103       2.490606295026e-01            4.419545354025e-02            0.000473            0.000342                      
104       2.923087920168e-01            6.415121716183e-02            0.000693            0.000491                      
105       2.762873891049e-01            7.532915156193e-02            0.000733            0.000557                      
106       3.831013762655e-01            9.478135370467e-02            0.001714            0.000390                      
107       1.716650745417e-01            5.754979324764e-02            0.000444            0.000377                      
108       2.413261457557e-01            6.155583979275e-02            0.000527            0.000354                      
109       3.863096130247e-01            1.103637833923e-01            0.000878            0.000634                      
110       2.527410406637e-01            5.118571278079e-02            0.000932            0.000419                      
111       3.267058398648e-01            9.843634408500e-02            0.000752            0.000487                      
112       1.935372758619e-01            4.055917053739e-02            0.000216            0.000166                      
113       2.662946139591e-01            6.960574631601e-02            0.000677            0.000369                      
114       1.701525967589e-01            2.542957050472e-02            0.000318            0.000207                      
115       1.775991458394e-01            4.162473811234e-02            0.000422            0.000306                      
116       2.916079181515e-01            1.145686545154e-01            0.000835            0.000519                      
117       2.236534211962e-01            6.209575859900e-02            0.000825            0.000281                      
118       3.000842941465e-01            2.732343442094e-02            0.001030            0.000238                      
119       2.259027427286e-01            4.194805998558e-02            0.000644            0.000266                      
120       1.716567289219e-01            3.417904083489e-02            0.000500            0.000318                      
121       1.830485762979e-01            3.293397835879e-02            0.000379            0.000235                      
122       1.350894064999e-01            1.366441659908e-02            0.000442            0.000138                      
123       3.116999086785e-01            8.271313769046e-02            0.000545            0.000374                      
124       1.992367459175e-01            5.621186448199e-02            0.000829            0.000221                      
125       1.504021635668e-01            4.006502155225e-02            0.000371            0.000226                      
126       1.622209487753e-01            3.402104441218e-02            0.000336            0.000180                      
127       1.467783045298e-01            3.262404978051e-02            0.000392            0.000240                      
128       1.232248101086e-01            2.130761201542e-02            0.000444            0.000277                      
129       1.689236375684e-01            3.993619146059e-02            0.000477            0.000230                      
130       1.323333358460e-01            3.262669597913e-02            0.000410            0.000237                      
131       1.548224584329e-01            3.252618942276e-02            0.000410            0.000188                      
132       1.799571631883e-01            5.826132005299e-02            0.000333            0.000266                      
133       1.692275976094e-01            3.746235583219e-02            0.000635            0.000319                      
134       1.860700172027e-01            5.048052052462e-02            0.000264            0.000180                      
135       1.531842515773e-01            3.598343914780e-02            0.000560            0.000296                      
136       1.764768508622e-01            4.062081804310e-02            0.000481            0.000254                      
137       2.086932524119e-01            3.912559376950e-02            0.000881            0.000139                      
138       1.248686280488e-01            2.652157881814e-02            0.000370            0.000195                      
139       1.678125721803e-01            5.345674978131e-02            0.000352            0.000233                      
140       1.538446472493e-01            3.169594962814e-02            0.000506            0.000177                      
141       1.897785984244e-01            2.805884292190e-02            0.000235            0.000154                      
142       1.220001090376e-01            2.519943929938e-02            0.000357            0.000216                      
143       1.123561120259e-01            2.227801707234e-02            0.000255            0.000104                      
144       1.396267586900e-01            3.739831200845e-02            0.000274            0.000140                      
145       1.184845409773e-01            2.421316006283e-02            0.000444            0.000182                      
146       1.396669067331e-01            3.063568803217e-02            0.000483            0.000215                      
147       1.169659485490e-01            2.812592170253e-02            0.000318            0.000147                      
148       1.201509674574e-01            3.163442633240e-02            0.000250            0.000118                      
149       1.397657660021e-01            2.221034312756e-02            0.000326            0.000183                      
150       1.211652566794e-01            3.696653616003e-02            0.000184            0.000122                      
151       7.586135184502e-02            9.826655252545e-03            0.000276            0.000109                      
152       1.018066975757e-01            1.276503885644e-02            0.000259            0.000132                      
153       9.868588386411e-02            2.000959155167e-02            0.000284            0.000178                      
154       1.049539126684e-01            2.264065911721e-02            0.000229            0.000132                      
155       9.510370989497e-02            1.890219309905e-02            0.000250            0.000131                      
156       1.256336321730e-01            2.394202423696e-02            0.000256            0.000109                      
157       1.030012623039e-01            2.572909917033e-02            0.000231            0.000143                      
158       1.275839831763e-01            4.121869310554e-02            0.000334            0.000185                      
159       8.007876488749e-02            2.163143912203e-02            0.000138            0.000097                      
160       1.190743452620e-01            1.976074243720e-02            0.000256            0.000102                      
161       9.210405248485e-02            2.503759984526e-02            0.000354            0.000142                      
162       8.929549814428e-02            1.604560351306e-02            0.000238            0.000131                      
163       8.770937311928e-02            2.109506123603e-02            0.000288            0.000163                      
164       1.213460563334e-01            2.275961509263e-02            0.000214            0.000135                      
165       1.157011208193e-01            2.598224193373e-02            0.000263            0.000159                      
166       9.989501366134e-02            2.129512588375e-02            0.000299            0.000140                      
167       1.109179702617e-01            1.976519135392e-02            0.000317            0.000113                      
168       6.709520064350e-02            1.679107762025e-02            0.000159            0.000124                      
169       8.132440110640e-02            2.459752518150e-02            0.000223            0.000127                      
170       7.861139533350e-02            1.612313403776e-02            0.000122            0.000089                      
171       7.292444296907e-02            1.551759100856e-02            0.000172            0.000121                      
172       9.547057246468e-02            2.463413474773e-02            0.000367            0.000173                      
173       1.244585068304e-01            2.552130497070e-02            0.000323            0.000134                      
174       6.623346074877e-02            1.775740354770e-02            0.000188            0.000113                      
175       7.147222392388e-02            2.121414684996e-02            0.000124            0.000081                      
176       1.006736634272e-01            2.098975401523e-02            0.000157            0.000089                      
177       7.074808254156e-02            1.477088068297e-02            0.000177            0.000121                      
178       9.653411966010e-02            1.955094319190e-02            0.000201            0.000103                      
179       8.603826453088e-02            2.619532301582e-02            0.000275            0.000133                      
180       7.579902530443e-02            1.767008627696e-02            0.000141            0.000088                      
181       6.382967118963e-02            1.647009767845e-02            0.000128            0.000095                      
182       9.909603300272e-02            2.032772759704e-02            0.000293            0.000143                      
183       5.280772556951e-02            1.352549416882e-02            0.000172            0.000091                      
184       8.209206782477e-02            2.876284038292e-02            0.000182            0.000124                      
185       6.276480479586e-02            1.641689999292e-02            0.000180            0.000100                      
186       5.329528857805e-02            1.440223536611e-02            0.000248            0.000064                      
187       6.445349741790e-02            2.245636363527e-02            0.000189            0.000084                      
188       5.321682738378e-02            1.356245397205e-02            0.000237            0.000068                      
189       4.825359768106e-02            1.500050549543e-02            0.000146            0.000073                      
190       5.623973926069e-02            1.292386406422e-02            0.000109            0.000086                      
191       8.335005895951e-02            2.324033712378e-02            0.000176            0.000117                      
192       5.841979605763e-02            1.493727807266e-02            0.000147            0.000126                      
193       5.843826967160e-02            1.226207850941e-02            0.000144            0.000075                      
194       7.179117056919e-02            2.240066478215e-02            0.000158            0.000096                      
195       5.999035774391e-02            1.395675873215e-02            0.000121            0.000065                      
196       6.051517457055e-02            1.434836702225e-02            0.000088            0.000052                      
197       5.490538659799e-02            1.194839714586e-02            0.000155            0.000069                      
198       5.647179719718e-02            1.310008147791e-02            0.000190            0.000082                      
199       4.151447736032e-02            9.155327013657e-03            0.000088            0.000055                      
200       4.433830031430e-02            1.181470455051e-02            0.000137            0.000062                      
201       3.904808629990e-02            9.625003563937e-03            0.000075            0.000045                      
202       4.646951829014e-02            1.228770995116e-02            0.000155            0.000066                      
