@    title "Magnitude of Electric Field"
@    xaxis  label "Residues"
@    yaxis  label "MV/cm"
#time     EField_per_residue            Std.Deviation         EField_residue_alignement   Std.Deviation
@type xydy
21        1.901549792440e+00            5.236738462937e-01            0.063643            0.040150                      
22        7.818074681172e-01            1.736692232972e-01            0.042846            0.016191                      
23        1.861025766051e+00            1.013624021557e+00            0.060060            0.043995                      
24        3.628584811170e-01            2.432472093767e-02            0.022703            0.006140                      
25        3.366114036669e-01            5.343895438610e-02            0.017490            0.006663                      
26        2.422428056507e-01            1.755109271757e-02            0.015437            0.004168                      
27        7.855573419882e-02            2.929235018982e-02            0.003676            0.002392                      
28        2.643703853061e-01            2.174613328710e-02            0.016662            0.004528                      
29        1.800359355376e-01            1.344769218623e-02            0.011347            0.003085                      
30        5.679357872762e-02            1.971607348762e-02            0.002953            0.001808                      
31        3.502675876340e-01            3.044652715450e-02            0.021749            0.006267                      
32        1.102916632211e-01            1.401461982583e-02            0.006924            0.002036                      
33        2.775326865681e-02            1.042412650976e-02            0.001473            0.000908                      
34        1.520945627835e-01            3.193879341586e-02            0.009428            0.003439                      
35        1.036235732097e-01            1.344360976592e-02            0.006508            0.001943                      
36        1.434881688342e-02            6.404065757408e-03            0.000681            0.000505                      
37        1.781914627980e-01            3.151708111649e-02            0.011029            0.003553                      
38        2.125123960206e-01            8.698025399769e-03            0.013464            0.003534                      
39        5.515759421639e-02            1.053314980439e-02            0.003381            0.001064                      
40        5.018853656786e-02            5.796829002022e-03            0.003140            0.000927                      
41        1.439272265682e-01            6.970575659114e-03            0.009130            0.002418                      
42        3.375361655171e-02            1.265478151281e-02            0.002022            0.001045                      
43        1.378607159952e-01            7.374678486897e-03            0.008681            0.002362                      
44        1.289970105545e-01            7.125443520672e-03            0.008099            0.002121                      
45        9.876112012189e-02            5.934232029291e-03            0.006242            0.001650                      
46        3.771691803264e+00            3.007820810385e-02            0.239345            0.062653                      
47        2.009344223200e-02            6.143690316167e-03            0.001222            0.000547                      
48        1.127362932505e-01            6.260565526908e-03            0.007155            0.001922                      
49        3.054939060079e+00            1.590437015085e-02            0.193762            0.050716                      
50        1.802867060553e-01            3.801583333159e-03            0.011414            0.002984                      
51        1.908968441764e-01            3.645784462723e-03            0.012115            0.003171                      
52        3.927355784977e+00            2.114581563474e-02            0.249088            0.065153                      
53        2.416523744130e-01            5.376187627634e-03            0.015342            0.004009                      
54        2.983018209592e-01            5.734106117338e-03            0.018928            0.004947                      
55        4.242913370473e-01            1.285567451493e-02            0.026948            0.007100                      
56        3.681500273265e-01            1.013015605958e-02            0.023380            0.006077                      
57        3.662632268060e-01            1.492172859344e-02            0.023264            0.006134                      
58        5.513720608811e-01            1.050159935158e-02            0.034990            0.009149                      
59        5.482642025951e-01            1.956322520267e-02            0.034839            0.009157                      
60        5.114645376549e-01            2.736054634529e-02            0.032425            0.008532                      
61        8.652283626420e-01            2.774160777200e-02            0.055128            0.014144                      
62        5.005225749229e-01            7.242791513414e-02            0.031746            0.009154                      
63        7.013715646479e-01            7.766849899615e-02            0.044475            0.012220                      
64        3.423774079339e-02            1.834265287770e-02            0.001787            0.001404                      
65        2.357693245828e-02            1.206818516092e-02            0.001263            0.001038                      
66        2.613358379602e-02            1.433842965359e-02            0.001368            0.001139                      
67        1.231500543757e-01            9.357913280378e-03            0.007780            0.002112                      
68        5.281882977521e+00            4.185312238542e-02            0.335192            0.087455                      
69        1.574722790318e-01            5.928568911459e-03            0.009994            0.002669                      
70        2.618969286329e-01            1.926104991973e-02            0.016657            0.004640                      
71        1.982901105859e-02            7.740684941996e-03            0.001099            0.000653                      
72        1.368009407787e-01            2.609986249245e-02            0.008591            0.003038                      
73        1.424378524294e-01            1.097615791941e-02            0.009020            0.002397                      
74        3.330317178343e+00            3.022392429133e-02            0.211304            0.055375                      
75        1.557773025065e-01            5.870144083827e-03            0.009876            0.002563                      
76        1.633699987534e-01            4.746372390033e-03            0.010345            0.002730                      
77        3.766360682706e+00            3.071132399528e-02            0.238927            0.062562                      
78        2.312410233942e-01            9.141718710973e-03            0.014649            0.003883                      
79        2.374725330095e-01            9.293132894070e-03            0.015041            0.003957                      
80        3.325783393225e-01            1.228361885034e-02            0.021106            0.005577                      
81        4.240761499923e-01            1.135720853424e-02            0.026868            0.007000                      
82        3.906614938743e-01            1.909768776967e-02            0.024744            0.006641                      
83        4.986470141080e-01            2.573046099034e-02            0.031656            0.008481                      
84        5.314874190456e-01            2.954326551825e-02            0.033715            0.009080                      
85        6.319440157096e-01            4.520866905567e-02            0.040212            0.011314                      
86        4.987527405587e-01            7.277006217258e-02            0.031638            0.010734                      
87        3.586913386315e-01            4.221594130495e-02            0.022682            0.007171                      
88        7.066792866227e-01            9.119412869781e-02            0.044632            0.013548                      
89        9.845160297834e-01            1.325313854935e-01            0.061169            0.021096                      
90        7.083184588960e-01            7.263979815926e-02            0.044634            0.013123                      
91        1.145599135725e-01            4.904039622889e-02            0.005729            0.004151                      
92        4.556572677427e-01            2.000772216773e-01            0.026149            0.015460                      
93        5.037764279200e-01            1.238506876775e-01            0.030799            0.012040                      
94        1.093095873168e-01            4.378420073146e-02            0.004466            0.003408                      
95        1.125162765657e+00            9.863622373767e-02            0.071463            0.020018                      
96        5.555948082007e+00            2.051605423220e+00            0.164054            0.139448                      
97        4.984041710774e+00            1.310787251926e+00            0.161805            0.106425                      
98        9.910674223585e-01            4.836488616573e-02            0.063038            0.016664                      
99        1.803964911406e+00            6.606751634608e-02            0.114102            0.030408                      
100       1.227874006650e+00            1.126813898015e-01            0.075245            0.021684                      
101       8.236970536771e-01            2.561663335968e-01            0.023350            0.016169                      
102       6.932752186051e-01            2.327226227184e-02            0.044068            0.011121                      
103       5.116809427741e-01            2.314787496805e-01            0.016671            0.014411                      
104       3.671213832761e-01            4.227994437748e-02            0.022360            0.007263                      
105       8.897614696343e-02            2.625039757017e-02            0.003940            0.002491                      
106       4.217040395019e-01            4.065639484606e-02            0.026720            0.008745                      
107       2.982268300421e-01            1.672934147834e-02            0.018343            0.005054                      
108       5.157815151804e-02            2.013178597454e-02            0.001896            0.001502                      
109       9.465078577112e-02            4.051534297528e-02            0.003001            0.002082                      
110       2.000122902507e-01            5.361336458745e-02            0.004449            0.003098                      
111       9.824178537904e-02            2.448189837473e-02            0.005011            0.002148                      
112       5.886722864303e-01            9.556790412785e-02            0.033436            0.011460                      
1         9.834012063304e-02            3.108881287285e-02            0.004579            0.002190                      
2         1.102707530085e-01            2.381366349114e-02            0.006092            0.003397                      
3         7.253202970697e-02            1.582301436679e-02            0.002927            0.002064                      
4         1.087248224357e-01            3.015724026493e-02            0.005302            0.003037                      
5         8.310154636501e-02            1.996479518677e-02            0.004238            0.002652                      
6         9.757178118032e-02            2.104777424232e-02            0.004288            0.002575                      
7         8.499467096029e-02            8.827536323475e-03            0.003429            0.001809                      
8         8.547729386836e-02            2.371021585543e-02            0.004497            0.002504                      
9         9.048302391060e-02            2.116566541528e-02            0.004157            0.002090                      
10        8.809954280208e-02            1.486926549193e-02            0.003829            0.002529                      
11        1.249456431840e-01            2.144112905778e-02            0.005155            0.002932                      
12        1.064977182505e-01            2.784207210763e-02            0.003049            0.002863                      
13        1.061309096501e-01            3.273822967982e-02            0.004764            0.002700                      
14        8.946046721770e-02            2.768158642396e-02            0.004337            0.003417                      
15        9.407510054872e-02            2.232210803778e-02            0.003192            0.002036                      
16        1.060955223489e-01            3.838538652724e-02            0.004345            0.002543                      
17        1.130379499314e-01            2.098560373514e-02            0.006032            0.002535                      
18        6.816995764711e-02            1.715086872605e-02            0.003642            0.001753                      
19        7.028473092986e-02            1.059744453527e-02            0.003812            0.001426                      
20        8.236021483182e-02            1.967702705281e-02            0.004076            0.002668                      
21        7.566946603115e-02            1.904211441301e-02            0.003916            0.002277                      
22        8.165956727796e-02            1.706818690824e-02            0.003559            0.002098                      
23        7.881347360397e-02            1.921117178980e-02            0.003340            0.002121                      
24        8.011889095625e-02            1.504287678391e-02            0.002622            0.001897                      
25        6.552874843707e-02            1.493267985032e-02            0.002659            0.002026                      
26        7.245957029759e-02            1.616047131881e-02            0.002659            0.001945                      
27        8.889372116952e-02            1.449895812469e-02            0.003545            0.002319                      
28        7.704534601266e-02            1.637803419767e-02            0.002845            0.001976                      
29        6.046102131226e-02            1.461571326810e-02            0.002084            0.001658                      
30        7.542417626755e-02            1.745793634696e-02            0.002977            0.002054                      
31        6.679125414638e-02            2.129841666027e-02            0.002397            0.001833                      
32        6.084634344845e-02            1.086573592824e-02            0.002549            0.001730                      
33        5.853538646037e-02            1.287805418339e-02            0.002862            0.001994                      
34        6.947639497002e-02            1.545083093995e-02            0.002747            0.001506                      
35        6.814701348507e-02            1.810343153190e-02            0.002925            0.002264                      
36        7.263486552344e-02            1.775858377484e-02            0.003013            0.001700                      
37        5.606133266775e-02            8.149711062541e-03            0.001782            0.001314                      
38        6.276722969510e-02            1.047116759015e-02            0.001894            0.001535                      
39        5.804862814693e-02            1.189122072120e-02            0.002306            0.001427                      
40        5.968944309389e-02            1.636503581371e-02            0.002532            0.001397                      
41        7.041190420240e-02            1.658220222044e-02            0.003259            0.002394                      
42        7.474941092509e-02            1.908968381917e-02            0.001914            0.001456                      
43        5.023695892191e-02            1.342462612440e-02            0.002082            0.001334                      
44        6.386936838018e-02            1.674163243315e-02            0.002084            0.001668                      
45        3.989178118293e-02            1.103579032060e-02            0.002169            0.001405                      
46        5.140109087543e-02            9.593238901683e-03            0.001989            0.001156                      
47        4.554013574088e-02            1.165844000314e-02            0.001746            0.001224                      
48        6.035703574594e-02            1.838840717677e-02            0.003067            0.001701                      
49        4.588516239355e-02            1.177326627414e-02            0.001438            0.001075                      
50        4.963063244947e-02            9.936795337462e-03            0.002073            0.001168                      
51        3.846741027504e-02            8.841083409653e-03            0.001783            0.001067                      
52        3.754837918578e-02            1.035363137590e-02            0.001519            0.000815                      
53        5.903124088246e-02            1.327316431775e-02            0.002560            0.001592                      
54        4.992096581648e-02            1.230147319187e-02            0.001733            0.001444                      
55        4.949100043155e-02            1.011671063956e-02            0.001398            0.001080                      
56        6.045896537280e-02            1.534312788142e-02            0.002519            0.001599                      
57        5.517642731285e-02            1.591072608326e-02            0.002314            0.001509                      
58        5.914064192059e-02            1.616593752795e-02            0.003085            0.001603                      
59        5.335779547150e-02            1.106855332091e-02            0.002121            0.001325                      
60        7.540090191489e-02            1.652955106285e-02            0.003087            0.001705                      
61        6.296507536353e-02            1.205551900998e-02            0.002450            0.001485                      
62        5.563687506388e-02            1.064651221881e-02            0.001808            0.001233                      
63        4.233019113522e-02            9.091080621001e-03            0.002013            0.001172                      
64        3.634023252425e-02            7.466296639115e-03            0.001241            0.001042                      
65        4.827215981584e-02            1.151788589050e-02            0.001966            0.001289                      
66        5.231958982427e-02            1.006886900793e-02            0.001238            0.001092                      
67        4.612956357914e-02            1.176544817709e-02            0.002343            0.001206                      
68        5.439475510747e-02            1.312250885972e-02            0.002897            0.001555                      
69        4.438553355920e-02            9.913273147229e-03            0.001778            0.001187                      
70        4.864865813533e-02            1.484908887008e-02            0.001998            0.001203                      
71        3.188305598571e-02            7.306959697989e-03            0.001132            0.000833                      
72        4.795938865534e-02            1.133522113283e-02            0.001655            0.001220                      
73        5.080948761733e-02            9.732951319695e-03            0.002763            0.001053                      
74        4.724064739426e-02            1.313148117858e-02            0.002125            0.001313                      
75        4.084235117152e-02            1.117246604318e-02            0.001371            0.000976                      
76        4.448095272322e-02            9.896071733171e-03            0.001277            0.001044                      
77        3.271058028229e-02            6.681946029915e-03            0.001022            0.000696                      
78        4.259974449006e-02            9.831787519779e-03            0.001903            0.001480                      
79        5.006554377489e-02            1.634028920376e-02            0.002336            0.001264                      
80        4.067506662069e-02            8.664675736207e-03            0.001624            0.000996                      
81        3.372157620605e-02            8.527291151167e-03            0.001434            0.001015                      
82        3.698079891559e-02            6.796687950660e-03            0.000866            0.000634                      
83        4.045775392153e-02            1.206875423907e-02            0.001423            0.001080                      
84        4.933734138548e-02            1.407148349905e-02            0.002664            0.001423                      
85        3.518807140062e-02            9.397584573147e-03            0.001782            0.001065                      
86        3.279634767996e-02            8.459143398607e-03            0.001224            0.000878                      
87        4.290300711979e-02            1.152918764460e-02            0.001112            0.000923                      
88        4.027740568108e-02            7.417279752570e-03            0.002095            0.000995                      
89        3.237771337930e-02            8.301418491646e-03            0.001251            0.000794                      
90        3.420270720842e-02            8.953150490285e-03            0.001416            0.000894                      
91        3.133660963727e-02            7.594168325629e-03            0.001179            0.000756                      
92        3.840900246922e-02            8.840988137804e-03            0.001848            0.001160                      
93        3.348213862661e-02            9.331223845831e-03            0.001599            0.001158                      
94        2.763709577543e-02            5.421769446410e-03            0.000941            0.000638                      
95        3.364330915949e-02            7.219651650516e-03            0.001701            0.000677                      
96        2.828736550779e-02            6.755205908376e-03            0.001106            0.000714                      
97        2.299120745364e-02            3.662767019102e-03            0.000787            0.000561                      
98        2.843853676887e-02            5.117105546928e-03            0.000887            0.000473                      
99        2.427922786484e-02            5.981031341290e-03            0.000818            0.000573                      
100       3.069020353339e-02            5.325177302676e-03            0.001194            0.000540                      
101       5.471435210055e-01            1.501773637428e-01            0.015594            0.009233                      
102       2.580860938082e-01            5.800579057499e-02            0.006146            0.005192                      
103       3.808946777796e-01            7.535551204179e-02            0.012302            0.008607                      
104       5.819846484936e-01            1.362033480327e-01            0.016325            0.010171                      
105       6.054987713104e-01            2.973125779457e-01            0.019517            0.011458                      
106       6.482537554170e-01            1.126505461317e-01            0.016675            0.009504                      
107       2.763353686171e-01            1.106021414576e-01            0.006160            0.005097                      
108       3.641295921868e-01            7.101891220315e-02            0.012963            0.007908                      
109       7.278968264504e-01            1.763457787998e-01            0.027542            0.014529                      
110       4.680914212450e-01            9.890262826342e-02            0.016483            0.008514                      
111       5.692342360518e-01            1.334300129397e-01            0.017858            0.011736                      
112       2.258724713947e-01            3.900162371859e-02            0.005899            0.004539                      
113       4.154836755434e-01            1.007046030930e-01            0.009882            0.007371                      
114       2.067459566076e-01            3.722308497302e-02            0.006634            0.003467                      
115       2.821060679427e-01            7.200267927806e-02            0.008597            0.005194                      
116       4.995184856119e-01            1.784468572904e-01            0.011707            0.010661                      
117       3.936949490393e-01            9.450754872675e-02            0.009839            0.006486                      
118       4.192657549282e-01            4.130054182552e-02            0.007579            0.005363                      
119       3.137506587375e-01            7.126400772384e-02            0.008161            0.004805                      
120       2.728824945209e-01            6.237354268510e-02            0.007121            0.004531                      
121       2.851601803368e-01            5.417019829840e-02            0.012352            0.005002                      
122       1.787634475716e-01            2.384156762605e-02            0.004570            0.003016                      
123       4.674933994304e-01            9.082566520031e-02            0.018901            0.009774                      
124       3.226503502821e-01            7.407158354631e-02            0.009941            0.005627                      
125       2.100864142838e-01            4.961565798002e-02            0.004649            0.003350                      
126       2.054150264667e-01            4.260341509264e-02            0.006329            0.003629                      
127       2.178278750699e-01            4.657696815752e-02            0.007670            0.004523                      
128       1.820735445843e-01            4.747607482705e-02            0.007198            0.004436                      
129       2.635470815512e-01            5.403229759872e-02            0.004386            0.003498                      
130       2.036665896392e-01            5.426039395306e-02            0.004804            0.003212                      
131       2.059916559250e-01            4.640625347708e-02            0.006108            0.003597                      
132       2.551890637953e-01            8.978565228073e-02            0.006898            0.005716                      
133       3.012368924491e-01            8.120716179508e-02            0.009636            0.005302                      
134       2.372309268877e-01            5.163893390005e-02            0.006965            0.006083                      
135       2.580557361246e-01            7.158081089906e-02            0.005495            0.003638                      
136       2.874718821737e-01            6.034652505065e-02            0.008509            0.006240                      
137       3.318321163605e-01            4.585239566426e-02            0.010581            0.005152                      
138       1.723924678382e-01            3.856479517705e-02            0.004153            0.002640                      
139       2.515743483731e-01            7.819130368096e-02            0.008066            0.005495                      
140       2.078441544774e-01            4.399799738442e-02            0.005451            0.003343                      
141       2.219190368203e-01            3.321661211094e-02            0.008625            0.003619                      
142       1.783777039804e-01            3.800511914611e-02            0.006935            0.003606                      
143       1.378351487389e-01            2.657938920479e-02            0.003217            0.002192                      
144       1.775638106141e-01            4.000868933093e-02            0.004632            0.002610                      
145       1.846474572521e-01            4.137949712003e-02            0.003736            0.002800                      
146       1.949767878348e-01            4.584490756667e-02            0.005697            0.003588                      
147       1.608096136640e-01            3.706038903138e-02            0.003264            0.002326                      
148       1.434166039432e-01            3.399729073161e-02            0.004693            0.002504                      
149       1.693478904739e-01            3.869142610218e-02            0.002974            0.002462                      
150       1.395151734412e-01            3.299277783541e-02            0.003151            0.002745                      
151       9.671329676439e-02            1.419649098101e-02            0.003452            0.001956                      
152       1.339828994618e-01            1.807688343999e-02            0.003966            0.002593                      
153       1.533978594878e-01            3.805247573331e-02            0.006665            0.003071                      
154       1.389766492043e-01            2.812576136219e-02            0.003118            0.002116                      
155       1.278557845862e-01            2.700565244252e-02            0.003616            0.002325                      
156       1.459667956973e-01            2.733007210264e-02            0.002163            0.001773                      
157       1.374695462379e-01            2.815878268408e-02            0.004482            0.003003                      
158       1.683494122987e-01            5.061928568378e-02            0.004125            0.003078                      
159       9.746091556355e-02            2.502651414756e-02            0.002246            0.001740                      
160       1.383951248557e-01            1.692456910518e-02            0.003155            0.002075                      
161       1.361996735157e-01            3.557272289473e-02            0.005347            0.002725                      
162       1.168222515200e-01            1.953651965655e-02            0.003984            0.002351                      
163       1.317452279670e-01            3.555658268349e-02            0.004641            0.002710                      
164       1.665704169674e-01            3.222160057814e-02            0.004225            0.002646                      
165       1.602296480031e-01            3.330427304480e-02            0.004180            0.002926                      
166       1.302549796322e-01            3.091878982476e-02            0.002500            0.001942                      
167       1.506646985525e-01            2.321193907259e-02            0.003603            0.002195                      
168       8.793513241240e-02            2.635945845408e-02            0.002446            0.001537                      
169       1.083602404155e-01            3.251470223064e-02            0.002274            0.001853                      
170       9.222996846790e-02            1.916714845886e-02            0.002963            0.001652                      
171       9.650557661693e-02            2.429781514898e-02            0.002427            0.001629                      
172       1.456745712341e-01            4.082387789460e-02            0.004168            0.002905                      
173       1.667473134500e-01            3.388526999659e-02            0.002822            0.002106                      
174       8.589998174747e-02            2.384355077457e-02            0.001982            0.001440                      
175       8.268222647931e-02            2.296790750883e-02            0.002449            0.001600                      
176       1.172058495084e-01            2.321319921893e-02            0.002586            0.002028                      
177       9.200572252199e-02            2.246598123143e-02            0.002429            0.001848                      
178       1.191390160451e-01            2.451480039680e-02            0.002384            0.001752                      
179       1.202794260522e-01            3.858895327314e-02            0.002589            0.001993                      
180       9.094494787097e-02            2.127398577927e-02            0.003073            0.001606                      
181       7.753612787048e-02            2.182030353997e-02            0.001502            0.001245                      
182       1.372296984842e-01            3.096311171036e-02            0.004291            0.002619                      
183       7.008230015005e-02            1.987369658814e-02            0.002751            0.001503                      
184       1.018289590966e-01            3.478096902482e-02            0.003181            0.002220                      
185       8.401827764502e-02            2.189186827817e-02            0.002715            0.001620                      
186       7.482639451058e-02            2.026584027439e-02            0.003434            0.001363                      
187       8.238679299522e-02            2.340492270088e-02            0.001807            0.001479                      
188       7.713119180520e-02            1.998959612982e-02            0.003084            0.001374                      
189       6.314450500379e-02            1.855835942563e-02            0.001482            0.001146                      
190       7.313416294924e-02            1.737817933579e-02            0.002260            0.001636                      
191       1.061446352288e-01            3.041360732211e-02            0.002806            0.001960                      
192       7.100894241991e-02            2.524042434918e-02            0.002065            0.001809                      
193       7.277765824286e-02            1.638774622300e-02            0.001782            0.001129                      
194       9.368543982161e-02            2.853562763226e-02            0.001697            0.001252                      
195       7.343446933493e-02            1.633539373429e-02            0.001495            0.001061                      
196       6.385980078739e-02            1.409783699509e-02            0.001722            0.001178                      
197       6.807391077407e-02            1.415259344558e-02            0.001553            0.001284                      
198       7.230226174297e-02            1.816539680130e-02            0.002271            0.001523                      
199       4.944280057234e-02            1.160627163457e-02            0.001417            0.000825                      
200       5.677781455735e-02            1.285527400174e-02            0.001562            0.000897                      
201       4.567403942289e-02            1.006232335167e-02            0.001179            0.000774                      
202       5.949832366853e-02            1.688496708815e-02            0.001717            0.001024                      
