@    title "Magnitude of Electric Field"
@    xaxis  label "Residues"
@    yaxis  label "MV/cm"
#time  EField_Magnitude
@type xydy
21        1.450303541357e+00            1.051679322455e-01            
22        6.130438543802e-01            9.061862625769e-02            
23        5.814192074849e-01            2.348679040676e-01            
24        3.528069398933e-01            1.906105297156e-02            
25        3.752543930803e-01            2.573416335092e-02            
26        2.754890195860e-01            1.563005016139e-02            
27        1.221440108059e-01            2.830371288873e-02            
28        2.867049061838e-01            2.316501121134e-02            
29        2.040280683241e-01            1.321479462512e-02            
30        4.329410181316e-02            1.723303391356e-02            
31        3.947756156905e-01            2.613930376834e-02            
32        1.303852921375e-01            1.152142554329e-02            
33        2.101317239074e-02            8.073640825477e-03            
34        2.020318191861e-01            4.492627136013e-02            
35        9.381211232920e-02            1.367990759645e-02            
36        1.019964210246e-02            3.770666646994e-03            
37        1.486530710473e-01            5.560492866475e-02            
38        2.154925144566e-01            7.903954496531e-03            
39        5.450428925479e-02            9.572850504194e-03            
40        4.931472192286e-02            5.099801643461e-03            
41        1.501554070345e-01            6.637258545446e-03            
42        3.658692556487e-02            1.118281733074e-02            
43        1.444556244848e-01            6.521808763377e-03            
44        1.358516780246e-01            5.565523650956e-03            
45        1.004398258782e-01            4.993824527237e-03            
46        3.844974553970e+00            1.728318931673e-02            
47        1.596619382634e-02            4.778301680293e-03            
48        1.177107468897e-01            5.964886690268e-03            
49        3.128085689738e+00            1.398372403415e-02            
50        1.851350172570e-01            4.012413494958e-03            
51        1.963333311262e-01            3.719291283737e-03            
52        4.036041354005e+00            1.681798146507e-02            
53        2.521722708253e-01            5.069704878324e-03            
54        3.104022508126e-01            6.078889833695e-03            
55        4.418583748972e-01            1.290822831948e-02            
56        3.856607963358e-01            9.419639779723e-03            
57        3.848439354102e-01            1.472117653546e-02            
58        5.844229722364e-01            1.102400069139e-02            
59        5.701763302143e-01            2.116510060383e-02            
60        5.591210226453e-01            2.733820930181e-02            
61        9.429915200422e-01            2.638256472480e-02            
62        5.331251610695e-01            6.118339791907e-02            
63        7.584556881775e-01            8.254749662829e-02            
64        5.222501706397e-02            2.397120324351e-02            
65        2.158469276734e-02            9.584370794640e-03            
66        2.644946773792e-02            1.521098323656e-02            
67        1.478176580026e-01            8.678298117880e-03            
68        5.459137920831e+00            3.207915883288e-02            
69        1.627327622602e-01            5.679654067676e-03            
70        2.701702584501e-01            1.872724105371e-02            
71        1.336513577168e-02            5.989935613916e-03            
72        8.249444500418e-02            2.093020919087e-02            
73        1.459562875934e-01            7.261447363170e-03            
74        3.417225854856e+00            2.054781727986e-02            
75        1.649421902092e-01            5.260449842772e-03            
76        1.751053715146e-01            4.866359353921e-03            
77        3.855435042709e+00            2.370428193916e-02            
78        2.486839513859e-01            7.901675514576e-03            
79        2.539692536215e-01            8.688841876006e-03            
80        3.550419398190e-01            1.232079573707e-02            
81        4.541211348903e-01            1.044878390633e-02            
82        4.083162812924e-01            1.907259380792e-02            
83        5.356863739756e-01            2.433907032942e-02            
84        5.866887652104e-01            2.512344258362e-02            
85        6.695094289715e-01            3.759527538640e-02            
86        4.616331436591e-01            5.252392963386e-02            
87        3.495614567493e-01            3.812994143853e-02            
88        6.603996722562e-01            9.533570595213e-02            
89        1.204264769917e+00            1.058304032668e-01            
90        6.763443591375e-01            6.469803390148e-02            
91        7.760205386897e-02            3.526970177319e-02            
92        4.100633024877e-01            1.633094351129e-01            
93        4.987720974128e-01            1.174827304449e-01            
94        1.184586783413e-01            4.629026280554e-02            
95        1.202542656527e+00            8.470761461067e-02            
96        5.324784097339e+00            1.395648373012e+00            
97        3.963382456787e+00            9.933903973523e-01            
98        1.037322696621e+00            3.860591007450e-02            
99        1.742112691115e+00            5.125211456087e-02            
100       1.185659813133e+00            7.845013193331e-02            
101       6.678974416729e-01            1.324408879848e-01            
102       6.684625162569e-01            2.060490312995e-02            
103       3.329531893874e-01            1.166814593337e-01            
104       2.863925438435e-01            3.530056439304e-02            
105       5.541548555339e-02            1.865662788321e-02            
106       3.947158546513e-01            4.134551451256e-02            
107       2.732992191027e-01            1.585191171030e-02            
108       3.905808918869e-02            1.469553964285e-02            
109       7.214278309053e-02            4.521985963604e-02            
110       2.700888465809e-01            3.397226751891e-02            
111       4.516921743955e-02            1.543368413413e-02            
112       1.652438855833e-01            7.819321185087e-03            
113       7.043195042118e-01            3.671878248774e-02            
