@    title "Magnitude of Electric Field"
@    xaxis  label "Residues"
@    yaxis  label "MV/cm"
#time     EField_per_residue            Std.Deviation         EField_residue_alignement   Std.Deviation
@type xydy
21        1.879796475467e+00            5.475889992198e-01            0.080743            0.063123                      
22        3.654799120293e-01            1.639160501956e-01            0.011253            0.009437                      
23        3.750326095008e+00            6.368324430184e-01            0.247698            0.118520                      
24        2.811624957219e-01            2.634287142167e-02            0.022148            0.007143                      
25        2.639805458868e-01            5.818017244842e-02            0.014584            0.007440                      
26        1.298043730015e-01            1.847885809537e-02            0.010373            0.003451                      
27        9.602040403836e-02            2.796473721846e-02            0.006595            0.003874                      
28        1.881552133481e-01            2.046889897796e-02            0.014998            0.004830                      
29        1.184110542606e-01            1.280428078004e-02            0.009393            0.003012                      
30        1.129395406754e-01            2.121943889562e-02            0.008806            0.003485                      
31        2.385213917960e-01            2.918967421595e-02            0.018621            0.006605                      
32        6.698250771606e-02            1.244582281402e-02            0.005287            0.001932                      
33        5.307507557729e-02            1.061538602582e-02            0.004147            0.001604                      
34        1.507442372185e-01            2.866844870805e-02            0.011938            0.004551                      
35        1.064295900933e-01            1.162577759694e-02            0.008506            0.002801                      
36        2.741938023110e-02            7.437905825962e-03            0.002062            0.000957                      
37        1.695928037077e-01            2.764956166080e-02            0.013527            0.004860                      
38        1.926620207662e-01            7.385994440476e-03            0.015447            0.004695                      
39        6.161600236693e-02            8.981573516816e-03            0.004855            0.001579                      
40        5.404669021620e-02            5.075571979124e-03            0.004312            0.001430                      
41        1.329786918505e-01            6.035577068550e-03            0.010690            0.003298                      
42        3.164305866534e-02            1.049041663750e-02            0.002426            0.001223                      
43        1.256190785077e-01            6.366864186623e-03            0.010034            0.003183                      
44        1.195923096184e-01            6.232257104622e-03            0.009496            0.002907                      
45        9.132709310191e-02            5.142491850739e-03            0.007308            0.002240                      
46        3.459539013045e+00            2.631380025237e-02            0.278180            0.085143                      
47        2.045902386116e-02            5.442561556838e-03            0.001593            0.000702                      
48        9.627148395350e-02            5.561951254793e-03            0.007743            0.002430                      
49        2.841328636605e+00            1.397715762706e-02            0.228386            0.069908                      
50        1.594096211779e-01            3.125903125240e-03            0.012803            0.003935                      
51        1.679250067933e-01            3.140801311668e-03            0.013516            0.004138                      
52        3.598217869997e+00            1.830113146456e-02            0.289200            0.088422                      
53        2.072280359354e-01            4.437781392833e-03            0.016680            0.005089                      
54        2.541930394694e-01            4.770978186654e-03            0.020450            0.006235                      
55        3.590075882047e-01            1.081235530276e-02            0.028892            0.008859                      
56        3.058096196881e-01            8.492980738765e-03            0.024621            0.007505                      
57        3.007399061706e-01            1.238211739730e-02            0.024221            0.007496                      
58        4.428847557225e-01            8.737888084674e-03            0.035621            0.010871                      
59        4.375208132489e-01            1.591380762331e-02            0.035233            0.010801                      
60        3.877169028322e-01            2.192535755815e-02            0.031157            0.009680                      
61        6.706576340319e-01            1.931970303858e-02            0.054182            0.016262                      
62        3.512804468005e-01            5.411069420598e-02            0.028242            0.009302                      
63        4.968776604688e-01            5.786875688251e-02            0.039970            0.013028                      
64        2.402728283297e-02            1.246793591987e-02            0.001548            0.001297                      
65        2.328142035039e-02            1.148403876839e-02            0.001708            0.001311                      
66        2.079729987220e-02            1.128914700733e-02            0.001396            0.001170                      
67        1.055374792314e-01            7.803593690134e-03            0.008454            0.002650                      
68        4.719353297431e+00            3.528976765356e-02            0.379557            0.115883                      
69        1.304319674258e-01            5.090711893674e-03            0.010498            0.003267                      
70        2.247987906498e-01            1.615664575452e-02            0.018123            0.005821                      
71        2.002363191421e-02            6.919554022098e-03            0.001470            0.000798                      
72        1.198622252024e-01            2.262763116987e-02            0.009519            0.003654                      
73        1.274199921759e-01            9.744271423880e-03            0.010182            0.003063                      
74        3.091351137134e+00            2.662901835109e-02            0.248598            0.076246                      
75        1.413298958913e-01            5.054754251689e-03            0.011356            0.003465                      
76        1.470462331634e-01            3.892845382748e-03            0.011797            0.003633                      
77        3.448862001803e+00            2.614950603499e-02            0.277237            0.084806                      
78        2.080537778829e-01            7.592228289308e-03            0.016708            0.005143                      
79        2.163583456357e-01            7.783782424321e-03            0.017375            0.005335                      
80        2.881288102678e-01            1.023716669891e-02            0.023177            0.007129                      
81        3.673413576800e-01            8.802290394768e-03            0.029510            0.009000                      
82        3.521593622718e-01            1.561139863700e-02            0.028279            0.008801                      
83        4.342119443977e-01            2.213362342593e-02            0.034942            0.010853                      
84        4.566643987955e-01            2.251762365698e-02            0.036742            0.011430                      
85        5.599059585183e-01            3.346940704449e-02            0.045170            0.014438                      
86        4.749552603142e-01            6.153321157848e-02            0.038308            0.014254                      
87        3.463152687984e-01            3.465530802970e-02            0.027918            0.009784                      
88        5.708790865808e-01            6.885381575274e-02            0.045651            0.015585                      
89        8.650028864172e-01            9.798118859237e-02            0.068239            0.024949                      
90        6.861315353425e-01            6.080951832441e-02            0.054837            0.017907                      
91        1.852596119221e-01            4.680517840382e-02            0.014370            0.006495                      
92        4.678937894855e-01            1.583295242040e-01            0.036841            0.017706                      
93        5.082919199344e-01            1.032526183160e-01            0.040315            0.015527                      
94        1.762394746965e-01            4.890558965019e-02            0.012369            0.006440                      
95        6.873637315616e-01            7.765639416461e-02            0.055471            0.018271                      
96        3.453173915349e+00            1.356866268275e+00            0.134209            0.097294                      
97        9.977383398923e+00            9.872357796810e-01            0.681450            0.301788                      
98        7.372728486866e-01            4.133516180324e-02            0.059588            0.018553                      
99        1.599186815759e+00            6.769011032138e-02            0.128434            0.040323                      
100       1.452567669921e+00            1.019486455653e-01            0.114103            0.037059                      
101       7.483637832662e-01            2.328197903820e-01            0.030393            0.022057                      
102       6.452159789640e-01            1.981483407834e-02            0.051917            0.015439                      
103       4.268458769807e-01            2.057997496695e-01            0.020318            0.019250                      
104       5.530304331785e-01            3.776704980878e-02            0.043591            0.014696                      
105       1.784934850896e-01            2.272080696628e-02            0.013285            0.005441                      
106       4.770871157927e-01            3.952816099943e-02            0.038452            0.013852                      
107       3.552064021489e-01            1.470487222470e-02            0.027861            0.008832                      
108       1.311197469818e-01            2.162848610606e-02            0.009610            0.003979                      
109       1.393256429882e-01            3.831499862566e-02            0.007188            0.003817                      
110       1.900765352810e-01            5.401228292484e-02            0.005064            0.004767                      
111       1.199848749890e-01            2.144476797792e-02            0.008507            0.003318                      
112       2.525215479637e-01            1.091967514591e-01            0.008578            0.007174                      
1         8.792217131833e-02            2.752402507666e-02            0.005375            0.002755                      
2         9.799539613545e-02            2.095029445652e-02            0.007014            0.004141                      
3         6.537218270306e-02            1.388137635567e-02            0.003342            0.002289                      
4         9.726787559221e-02            2.677329891684e-02            0.005889            0.003410                      
5         7.496884575556e-02            1.776197737048e-02            0.005147            0.003259                      
6         8.710219700302e-02            1.865315086555e-02            0.004676            0.002873                      
7         7.563959190538e-02            8.009356678468e-03            0.004000            0.002191                      
8         7.688600291479e-02            2.096885394789e-02            0.005291            0.003029                      
9         8.105030115495e-02            1.872746725820e-02            0.004667            0.002417                      
10        7.815797351999e-02            1.284824859094e-02            0.004336            0.003036                      
11        1.115001877083e-01            1.913358326200e-02            0.006142            0.003768                      
12        9.567305280029e-02            2.459509015069e-02            0.003271            0.003368                      
13        9.472118450673e-02            2.956543607021e-02            0.005787            0.003578                      
14        8.089025167658e-02            2.475274318188e-02            0.005209            0.004119                      
15        8.460109340156e-02            1.988437902724e-02            0.003703            0.002372                      
16        9.493591625995e-02            3.392990882179e-02            0.004840            0.002816                      
17        1.008745788654e-01            1.869376757532e-02            0.007103            0.003003                      
18        6.196796309692e-02            1.558920964362e-02            0.004275            0.002178                      
19        6.473909811244e-02            9.871627545997e-03            0.004518            0.001771                      
20        7.418861810380e-02            1.735243913026e-02            0.004814            0.003229                      
21        6.830205594147e-02            1.703472815938e-02            0.004546            0.002848                      
22        7.425480567908e-02            1.552349464250e-02            0.004544            0.002711                      
23        7.143373243389e-02            1.724073224258e-02            0.003791            0.002555                      
24        7.233862385519e-02            1.341034409172e-02            0.002953            0.002317                      
25        5.925029376488e-02            1.318252640236e-02            0.003143            0.002627                      
26        6.533511904824e-02            1.435536546499e-02            0.003054            0.002259                      
27        7.946723744736e-02            1.305170893301e-02            0.004054            0.002771                      
28        7.015154532384e-02            1.471252790414e-02            0.003422            0.002476                      
29        5.540637493598e-02            1.343724887811e-02            0.002403            0.001996                      
30        6.867671241258e-02            1.569175841543e-02            0.003475            0.002480                      
31        6.122849574912e-02            1.937408880339e-02            0.002778            0.002272                      
32        5.572545142710e-02            9.647312502252e-03            0.002829            0.001999                      
33        5.359123775378e-02            1.157219152792e-02            0.003421            0.002347                      
34        6.337408920217e-02            1.413165752524e-02            0.003215            0.001822                      
35        6.213921180299e-02            1.627428438283e-02            0.003379            0.002850                      
36        6.630380767787e-02            1.577237491050e-02            0.003423            0.002059                      
37        5.134414833243e-02            7.315093427102e-03            0.002132            0.001619                      
38        5.711396953251e-02            9.496533114539e-03            0.002195            0.001816                      
39        5.331010579434e-02            1.082262385029e-02            0.002930            0.001903                      
40        5.529069456685e-02            1.515394110340e-02            0.002898            0.001610                      
41        6.421749039421e-02            1.497488207482e-02            0.003923            0.002992                      
42        6.904827158930e-02            1.773458798108e-02            0.002163            0.001739                      
43        4.672375314924e-02            1.252991852147e-02            0.002560            0.001695                      
44        5.863309639584e-02            1.525467896780e-02            0.002355            0.001919                      
45        3.692460384734e-02            9.992562331030e-03            0.002546            0.001655                      
46        4.720040312304e-02            8.712468846910e-03            0.002270            0.001332                      
47        4.225491684402e-02            1.067532573796e-02            0.002232            0.001590                      
48        5.533561604819e-02            1.687834337090e-02            0.003453            0.002010                      
49        4.265811725926e-02            1.093032173373e-02            0.001745            0.001321                      
50        4.621115463753e-02            9.199659383274e-03            0.002396            0.001454                      
51        3.569750456374e-02            8.149677331338e-03            0.002174            0.001317                      
52        3.517205713843e-02            9.748221646644e-03            0.001782            0.001007                      
53        5.451574614122e-02            1.221827022947e-02            0.002932            0.001979                      
54        4.601202369226e-02            1.116869622136e-02            0.002097            0.001807                      
55        4.577853631156e-02            9.038903719029e-03            0.001784            0.001436                      
56        5.571004266034e-02            1.409817186097e-02            0.002949            0.001961                      
57        5.088018897585e-02            1.461672739140e-02            0.002747            0.001930                      
58        5.418246588733e-02            1.467455414896e-02            0.003480            0.001832                      
59        4.928290590855e-02            1.009442686762e-02            0.002526            0.001545                      
60        6.917127597235e-02            1.504177287075e-02            0.003504            0.002036                      
61        5.761037070776e-02            1.091710998235e-02            0.002813            0.001787                      
62        5.145361924362e-02            9.764156507445e-03            0.002378            0.001663                      
63        3.912151520514e-02            8.193151010665e-03            0.002415            0.001437                      
64        3.386317020736e-02            6.807149162296e-03            0.001495            0.001294                      
65        4.498797373912e-02            1.070311024811e-02            0.002383            0.001610                      
66        4.879265051391e-02            9.297923998262e-03            0.001482            0.001353                      
67        4.277454249159e-02            1.088167893643e-02            0.002803            0.001551                      
68        5.032026743981e-02            1.209524084429e-02            0.003604            0.001962                      
69        4.132757100743e-02            9.179026970042e-03            0.002074            0.001457                      
70        4.519596536951e-02            1.368584138824e-02            0.002385            0.001489                      
71        2.983208974635e-02            6.750836118617e-03            0.001369            0.000996                      
72        4.465303374336e-02            1.048705398404e-02            0.001982            0.001526                      
73        4.741068348166e-02            9.012885365380e-03            0.003499            0.001328                      
74        4.348668242488e-02            1.185724588725e-02            0.002447            0.001632                      
75        3.809269141436e-02            1.043551476799e-02            0.001601            0.001185                      
76        4.144781745503e-02            9.121247236498e-03            0.001594            0.001395                      
77        3.069528418378e-02            6.221026272107e-03            0.001193            0.000861                      
78        3.962616944108e-02            9.137559006295e-03            0.002317            0.001897                      
79        4.642227310652e-02            1.488873538140e-02            0.002924            0.001541                      
80        3.821336352640e-02            8.153928250601e-03            0.002066            0.001215                      
81        3.165582765345e-02            7.857229921405e-03            0.001713            0.001232                      
82        3.477212444141e-02            6.440362467874e-03            0.001084            0.000821                      
83        3.788715145573e-02            1.120296173514e-02            0.001728            0.001412                      
84        4.595499583526e-02            1.292079043822e-02            0.003226            0.001759                      
85        3.299405777220e-02            8.747901969672e-03            0.002215            0.001422                      
86        3.062910668184e-02            7.753237425319e-03            0.001462            0.001102                      
87        4.054335461532e-02            1.078615899720e-02            0.001354            0.001176                      
88        3.806808833602e-02            6.895634740312e-03            0.002618            0.001215                      
89        3.054893732056e-02            7.775085594337e-03            0.001454            0.000986                      
90        3.199361573763e-02            8.311134985032e-03            0.001627            0.001039                      
91        2.950314690783e-02            7.117314930234e-03            0.001367            0.000909                      
92        3.597447601739e-02            8.061654013636e-03            0.002233            0.001534                      
93        3.127474113776e-02            8.496638877568e-03            0.001881            0.001428                      
94        2.618191143891e-02            5.141272155275e-03            0.001234            0.000892                      
95        3.185606825864e-02            6.851376707397e-03            0.002286            0.000953                      
96        2.680750571173e-02            6.346672187302e-03            0.001301            0.000846                      
97        2.185475839569e-02            3.454699290846e-03            0.000988            0.000743                      
98        2.691988080528e-02            4.874798089065e-03            0.001009            0.000584                      
99        2.310911491725e-02            5.650415391599e-03            0.001024            0.000732                      
100       2.923945994028e-02            5.105029809703e-03            0.001659            0.000747                      
101       5.485239654568e-01            1.494498433378e-01            0.018489            0.012018                      
102       2.573886057136e-01            5.442647642609e-02            0.008512            0.006685                      
103       3.794602991184e-01            7.734795260001e-02            0.016306            0.011235                      
104       5.905899031560e-01            1.364535850991e-01            0.022288            0.013367                      
105       6.340797534236e-01            3.300840146808e-01            0.024940            0.014927                      
106       6.390859743570e-01            1.050640731366e-01            0.019419            0.012264                      
107       2.774875414985e-01            1.105142150330e-01            0.007647            0.006509                      
108       3.659248699455e-01            6.876971494140e-02            0.017025            0.010852                      
109       7.321854636756e-01            1.683593690654e-01            0.039240            0.018973                      
110       4.789286341342e-01            1.036642242402e-01            0.020326            0.010772                      
111       5.719938998274e-01            1.342159885923e-01            0.021241            0.015533                      
112       2.195985910429e-01            3.657991218406e-02            0.007713            0.006216                      
113       4.136951821174e-01            9.704900401926e-02            0.016072            0.012108                      
114       2.025779755989e-01            3.714085532920e-02            0.010376            0.004882                      
115       2.836809034896e-01            7.218407675012e-02            0.012859            0.006959                      
116       5.019396323605e-01            1.761367206405e-01            0.014791            0.014496                      
117       4.013382685168e-01            9.408128945481e-02            0.013167            0.008199                      
118       4.129790382210e-01            4.340835179399e-02            0.009593            0.007871                      
119       3.096779272216e-01            7.252513482829e-02            0.011871            0.006467                      
120       2.758396603880e-01            6.386160696365e-02            0.009628            0.006434                      
121       2.891447565597e-01            5.822513358498e-02            0.016756            0.006901                      
122       1.785019241376e-01            2.426591873820e-02            0.005134            0.003732                      
123       4.626070709600e-01            8.980039894167e-02            0.025508            0.012943                      
124       3.248089341454e-01            7.078392786182e-02            0.013119            0.008142                      
125       2.101023623960e-01            4.880154494283e-02            0.005959            0.004295                      
126       2.030958292899e-01            4.174170455440e-02            0.008861            0.004797                      
127       2.209493345407e-01            4.876164998707e-02            0.010318            0.006643                      
128       1.845695347599e-01            5.001954588663e-02            0.009064            0.005604                      
129       2.650459943694e-01            5.320412223331e-02            0.006521            0.004836                      
130       2.071364406116e-01            5.552451617518e-02            0.006596            0.004648                      
131       2.049642951958e-01            4.653141182121e-02            0.009212            0.005142                      
132       2.541368166334e-01            8.736168639503e-02            0.009786            0.008247                      
133       3.094117138880e-01            8.391599891995e-02            0.012618            0.007193                      
134       2.343435293788e-01            5.039530589818e-02            0.009813            0.009093                      
135       2.645193687972e-01            7.411726433203e-02            0.006851            0.004808                      
136       2.926262199467e-01            6.288828480902e-02            0.010619            0.008764                      
137       3.326848337167e-01            4.402647321910e-02            0.012811            0.006528                      
138       1.728267844265e-01            3.890394289158e-02            0.005006            0.003369                      
139       2.542781263297e-01            7.745859579048e-02            0.011256            0.007211                      
140       2.073903588676e-01            4.428149321988e-02            0.006907            0.004301                      
141       2.158271832603e-01            3.234982499083e-02            0.012619            0.004728                      
142       1.814618909961e-01            3.976020786981e-02            0.009012            0.004561                      
143       1.368875705147e-01            2.622926019108e-02            0.005038            0.003148                      
144       1.761749057381e-01            3.878799286045e-02            0.006970            0.003673                      
145       1.885257970674e-01            4.255012867877e-02            0.004984            0.003776                      
146       1.957939803482e-01            4.697598612391e-02            0.006610            0.004529                      
147       1.618916688154e-01            3.704100670567e-02            0.004368            0.003303                      
148       1.420797209452e-01            3.310277825103e-02            0.006881            0.003583                      
149       1.671092314467e-01            3.984789164428e-02            0.004063            0.003592                      
150       1.375200977516e-01            3.119533224376e-02            0.004229            0.003815                      
151       9.757303631431e-02            1.458548981011e-02            0.004436            0.002642                      
152       1.348323790528e-01            1.886323503963e-02            0.004684            0.003119                      
153       1.576610113055e-01            3.996353959223e-02            0.008865            0.004124                      
154       1.392684282019e-01            2.810042402981e-02            0.004461            0.002963                      
155       1.292372488596e-01            2.752288287399e-02            0.004718            0.003155                      
156       1.436780748383e-01            2.686754760232e-02            0.002791            0.002359                      
157       1.387281848135e-01            2.804791929182e-02            0.006071            0.004265                      
158       1.683958461203e-01            4.969387208647e-02            0.005385            0.004021                      
159       9.714081743474e-02            2.467510661193e-02            0.003225            0.002550                      
160       1.366301792576e-01            1.652864814357e-02            0.004110            0.002842                      
161       1.389813009717e-01            3.556276898864e-02            0.007167            0.003926                      
162       1.178887547397e-01            2.009412692272e-02            0.004721            0.002907                      
163       1.353633451890e-01            3.681819534040e-02            0.005710            0.003552                      
164       1.670517423467e-01            3.238556519511e-02            0.006014            0.003789                      
165       1.615794465298e-01            3.326081281605e-02            0.006173            0.004398                      
166       1.309266481576e-01            3.140987855365e-02            0.003166            0.002605                      
167       1.514829117302e-01            2.325219487884e-02            0.006032            0.003288                      
168       8.893999231322e-02            2.716842296747e-02            0.003258            0.002166                      
169       1.092201058712e-01            3.231131078614e-02            0.003000            0.002600                      
170       9.172574798840e-02            1.921153252116e-02            0.004245            0.002336                      
171       9.758501233662e-02            2.519841269718e-02            0.003263            0.002209                      
172       1.490177642699e-01            4.186794567583e-02            0.004971            0.003697                      
173       1.671837008532e-01            3.385769290618e-02            0.003721            0.002788                      
174       8.685946599702e-02            2.415564856643e-02            0.002520            0.001986                      
175       8.223751151062e-02            2.243061842755e-02            0.003441            0.002282                      
176       1.158168275316e-01            2.267464361994e-02            0.003524            0.003027                      
177       9.274561005337e-02            2.294970754823e-02            0.003261            0.002471                      
178       1.189280811140e-01            2.455975751003e-02            0.003647            0.002582                      
179       1.222949514341e-01            3.927252269001e-02            0.003818            0.003003                      
180       9.084910176671e-02            2.121509684762e-02            0.004609            0.002209                      
181       7.761213944603e-02            2.203991193306e-02            0.002033            0.001629                      
182       1.394361665771e-01            3.276638496498e-02            0.005608            0.003413                      
183       7.123673531485e-02            2.029465068959e-02            0.003617            0.002033                      
184       1.020781138809e-01            3.434869750475e-02            0.004335            0.003135                      
185       8.512310072362e-02            2.209365361437e-02            0.003440            0.002082                      
186       7.653246277833e-02            2.046161016702e-02            0.004419            0.001814                      
187       8.311931953542e-02            2.294712473211e-02            0.002258            0.001983                      
188       7.941732085439e-02            2.041173742231e-02            0.004187            0.001888                      
189       6.416650019940e-02            1.863104069026e-02            0.002149            0.001736                      
190       7.400599384954e-02            1.770663637848e-02            0.003042            0.002202                      
191       1.066118831718e-01            3.049727697383e-02            0.004023            0.002956                      
192       7.130013182676e-02            2.606809183152e-02            0.002608            0.002352                      
193       7.331876651425e-02            1.674119798485e-02            0.002546            0.001509                      
194       9.432987361771e-02            2.843966247577e-02            0.002327            0.001759                      
195       7.382596050750e-02            1.630700040589e-02            0.001926            0.001479                      
196       6.311524113969e-02            1.363789214650e-02            0.002398            0.001695                      
197       6.851950805721e-02            1.418453139020e-02            0.002175            0.001883                      
198       7.324401982727e-02            1.853242261296e-02            0.002996            0.002065                      
199       4.976122052013e-02            1.176229177074e-02            0.001981            0.001255                      
200       5.763111296566e-02            1.277130722616e-02            0.001893            0.001220                      
201       4.583184771301e-02            9.936741715153e-03            0.001576            0.001091                      
202       6.031791497224e-02            1.719092467427e-02            0.002214            0.001342                      
