@    title "Electric Field"
@    xaxis  label "Time (ps)"
@    yaxis  label "MV/cm"
#time      Magnitude                     Efield_X                      Efield_Y                     Efield_Z
@type xy
10        9.081957212487e+00            -7.232179322012e-01           -1.591382941976e+00           -8.912149177611e+00           
20        9.506920111683e+00            6.845404578603e-01            -1.774006500905e+00           -9.314818050087e+00           
30        9.531564507276e+00            -1.253925042054e+00           -1.507759334601e+00           -9.327650064952e+00           
40        9.161626520342e+00            6.349822233199e-01            -5.524562307225e-01           -9.122882778346e+00           
50        1.111613989753e+01            -2.615582158025e+00           -4.084718782739e-01           -1.079631635887e+01           
60        1.078700681757e+01            -4.441954248728e+00           -1.188718786527e+00           -9.757843316078e+00           
70        6.731804931095e+00            -7.012505499209e-01           -2.556326680173e+00           -6.187943050868e+00           
80        9.461389406976e+00            -1.609734560045e+00           -9.529809295533e-01           -9.274614358805e+00           
90        9.128334048423e+00            -5.939433194914e-01           -1.460130963404e+00           -8.991203000853e+00           
100       1.057678634244e+01            1.077437874776e-02            -8.960743147722e-01           -1.053875438886e+01           
110       6.327932525469e+00            5.601581182613e-02            5.299202865441e-01            -6.305456110831e+00           
120       1.081351459170e+01            -1.587734612494e+00           -1.767527647766e+00           -1.054926739824e+01           
130       8.777346945239e+00            1.148578479987e+00            -2.074023057780e+00           -8.451095504620e+00           
140       8.249996690714e+00            -1.314094538050e+00           -3.282631282803e+00           -7.453853553902e+00           
150       1.114791744214e+01            -2.859355084604e+00           -1.533790864727e-01           -1.077388633005e+01           
160       1.132520028446e+01            -1.477578022217e+00           -2.116080276437e+00           -1.102719950555e+01           
170       9.463563300502e+00            -4.361325708800e+00           1.024679910918e+00            -8.335940227985e+00           
180       1.248290106516e+01            -6.686413124286e+00           1.355480616175e+00            -1.045358172270e+01           
190       1.207199300529e+01            -5.576739503054e+00           1.336802463388e+00            -1.062289747709e+01           
200       1.027203955948e+01            -2.833557917548e+00           9.555407742204e-01            -9.827140381015e+00           
210       1.064575796728e+01            -4.643846961900e+00           -1.814623123322e+00           -9.406061397453e+00           
220       8.213268551171e+00            -4.556368953535e+00           3.848084110177e+00            -5.647081629826e+00           
230       9.084394391457e+00            -2.858012038739e+00           -9.947455928056e-01           -8.565539670771e+00           
240       1.174498928471e+01            -8.232518058777e+00           -1.145983517786e+00           -8.298020335400e+00           
250       8.717197733763e+00            -5.171525331763e+00           -3.803917278090e+00           -5.897039546579e+00           
260       8.120113286012e+00            -4.058599619048e+00           -2.265260571985e+00           -6.658273308520e+00           
270       1.010015726789e+01            -3.741342721700e+00           -2.139381685844e+00           -9.134471932032e+00           
280       9.032543593719e+00            -3.456885798181e+00           -2.646112083530e+00           -7.914219809442e+00           
290       1.095997093367e+01            -4.069444138170e+00           -9.527049211930e-01           -1.013177874839e+01           
300       1.155786818386e+01            -7.652959116115e+00           -1.009886339681e+00           -8.602131323313e+00           
310       1.037224210259e+01            -5.175604549991e+00           -1.825996950481e-01           -8.986833765468e+00           
320       9.712546447647e+00            -2.977894940553e+00           -3.930820280807e-01           -9.236405509717e+00           
330       8.326456249969e+00            -3.259805909608e+00           -2.611727634611e+00           -7.202945083571e+00           
340       9.777581314846e+00            -2.716362380833e+00           -6.339708076801e+00           -6.930409315860e+00           
350       1.181772249937e+01            -1.852645013505e+00           -3.322007853641e+00           -1.118885764261e+01           
360       7.887772890902e+00            -1.972219627714e+00           -4.661447109358e+00           -6.049646416540e+00           
370       1.199921695172e+01            -3.236214411494e+00           -2.751552254601e+00           -1.122216930577e+01           
380       1.050470853382e+01            -2.612335036657e+00           -2.617645107971e+00           -9.832219542176e+00           
390       8.214167921165e+00            1.332542127870e+00            -3.565994385126e+00           -7.278775320052e+00           
400       7.432084423435e+00            -4.502162315320e+00           4.592681232432e-01            -5.895378372467e+00           
410       6.326049819792e+00            -2.309865004436e+00           -3.052495455898e+00           -5.036437379288e+00           
420       5.876763801072e+00            -1.555660222111e+00           -2.717517693182e+00           -4.973064611904e+00           
430       5.796989771660e+00            -8.172857084373e-01           8.726178897928e-01            -5.672360399510e+00           
440       9.767560240415e+00            -1.463683369673e+00           7.384587272540e-01            -9.628994898307e+00           
450       1.007181783875e+01            -1.956034958516e+00           -9.014614236972e-01           -9.838841858656e+00           
460       1.004085712596e+01            -3.579154073463e+00           -3.453804965809e+00           -8.722367751959e+00           
470       8.945781502564e+00            3.301712900883e+00            -4.278761486057e-01           -8.303169311366e+00           
480       8.316666936827e+00            4.977305859848e-01            -8.819010820101e-01           -8.254784290546e+00           
490       8.065086154613e+00            -4.293134480436e-01           -1.013155216141e+00           -7.989669652286e+00           
500       7.121258614196e+00            -2.707062005444e+00           1.839304370816e+00            -6.324642201773e+00           
510       7.220135132619e+00            -1.171485886586e+00           1.925063015497e+00            -6.859453661712e+00           
520       8.631035347594e+00            -1.122716647633e+00           -3.301271815575e+00           -7.895307650766e+00           
530       7.090248479088e+00            2.170108195607e+00            -1.631331052176e+00           -6.549886480907e+00           
540       8.660605484675e+00            -1.150989473914e+00           -1.676736730159e+00           -8.418424112021e+00           
550       8.363023963260e+00            4.029363623795e+00            -2.588317069143e+00           -6.856020226551e+00           
560       9.072901886121e+00            7.035781679669e-01            -5.149770714726e+00           -7.436557535748e+00           
570       7.908935262283e+00            2.312980532204e+00            -1.932637523499e+00           -7.312064704541e+00           
580       9.628773069199e+00            2.023740248281e+00            -1.398850508704e+00           -9.309187047209e+00           
590       7.574948738577e+00            1.173285849188e-01            -2.674574044989e+00           -7.086094557166e+00           
600       1.281534306487e+01            1.063257146827e+00            -4.625712562208e+00           -1.190400291506e+01           
610       9.483726735953e+00            1.315992272340e+00            -3.357358955319e+00           -8.771395441234e+00           
620       7.747355258587e+00            -1.484384396854e-01           -2.067373017770e+00           -7.464947979576e+00           
630       7.703639356073e+00            1.071356354756e+00            -2.104684444416e+00           -7.332704704199e+00           
640       7.336770555856e+00            1.091101718469e+00            -2.314937405176e+00           -6.875955500099e+00           
650       6.601686917892e+00            1.094896495265e+00            -2.677329211687e+00           -5.934254807368e+00           
660       9.112525216646e+00            1.800224634587e+00            -5.393900812330e+00           -7.120613815941e+00           
670       7.284139655161e+00            -2.686172216258e+00           -3.028290467481e+00           -6.055792779236e+00           
680       9.660167117253e+00            -1.098109602466e+00           -4.639250518724e+00           -8.401805678468e+00           
690       1.038321603422e+01            1.976955663641e+00            -5.166146743062e+00           -8.787135446009e+00           
700       1.070983569356e+01            6.160665009657e-01            -1.599558016418e+00           -1.057177642601e+01           
710       1.103927344643e+01            2.546037179760e+00            -3.468290097376e+00           -1.016632759185e+01           
720       9.703719410033e+00            1.666612544308e+00            -7.180980349658e+00           -6.310158019704e+00           
730       7.823088243003e+00            3.795098228521e+00            -2.898518126847e+00           -6.196493505365e+00           
740       6.499716842080e+00            8.633647100439e-02            -4.263592435354e+00           -4.905165092653e+00           
750       1.144687387844e+01            1.406782493270e+00            -3.510738355564e+00           -1.080400855258e+01           
760       1.315304785779e+01            -4.160022356054e+00           -3.829921671862e+00           -1.187554554258e+01           
770       1.073983615414e+01            -4.554255886740e+00           -3.630286644430e+00           -9.023516654565e+00           
780       1.034663103826e+01            7.293135994816e-02            -6.148946121166e+00           -8.320932427173e+00           
790       9.692773907169e+00            -2.632436518165e+00           -5.386991266961e+00           -7.615803902610e+00           
800       1.168664074743e+01            -6.437169153388e+00           -4.843074168361e+00           -8.466702891319e+00           
810       9.607102429864e+00            -5.108303722705e+00           -4.622678740717e+00           -6.695706940617e+00           
820       8.565574607502e+00            -7.364982204902e+00           -3.074634977413e+00           -3.110100518285e+00           
830       1.242633738124e+01            -8.392583607580e+00           -4.551640734612e+00           -7.953676365383e+00           
840       1.254210788663e+01            -2.475478284967e+00           -5.057526523071e+00           -1.120704702270e+01           
850       1.190496886980e+01            -6.025440386561e-01           -8.278597058002e+00           -8.534052684602e+00           
860       8.215024231032e+00            -1.922676517749e+00           -5.835485601203e+00           -5.453168429701e+00           
870       1.172280254467e+01            -6.343742098617e+00           -6.782766290424e+00           -7.153678573784e+00           
880       1.165932710331e+01            -4.202095537416e+00           -4.688346270820e+00           -9.813343509794e+00           
890       1.060639912892e+01            -5.963199461244e+00           -1.200044978159e+00           -8.688834600670e+00           
900       1.145159823078e+01            -7.285164027405e+00           -6.440979244505e-01           -8.811959203077e+00           
910       1.222823393253e+01            -5.635675510242e+00           -5.414120666558e+00           -9.405113718602e+00           
920       1.183662237732e+01            -4.980259572446e+00           -1.997586909265e+00           -1.055046399142e+01           
930       1.184138522269e+01            -1.516765864727e+00           -2.981426462723e+00           -1.135908982054e+01           
940       1.091674499862e+01            -3.907728906018e+00           -1.227055742598e+00           -1.011925443729e+01           
950       9.827015527118e+00            -2.338800639502e-01           -2.616658724306e+00           -9.469352216832e+00           
960       1.027832828293e+01            -2.881550338940e+00           -2.164507394804e+00           -9.625778289249e+00           
970       9.077105291867e+00            2.225529092168e+00            -2.431529383687e+00           -8.457453848282e+00           
980       6.365843147545e+00            -1.591626213634e+00           -6.444724915967e-01           -6.129872770522e+00           
990       8.574066600756e+00            -3.049160511259e+00           -1.822487201002e+00           -7.803574735528e+00           
1000      9.441629774213e+00            -1.041129243657e+00           -3.051180033177e+00           -8.874160416426e+00           
1010      9.269064616628e+00            -2.727972120138e+00           2.636381935362e-01            -8.854615851740e+00           
1020      8.359799568136e+00            -4.223894953855e+00           -1.681926942787e+00           -7.015417449969e+00           
1030      6.809776160347e+00            -1.376857755666e+00           -2.191148549213e-01           -6.665530943222e+00           
1040      9.290202310594e+00            -3.353495413900e+00           -1.472634990270e+00           -8.537755774567e+00           
1050      7.800522887775e+00            6.593929035618e-01            5.504094959643e-01            -7.753090203795e+00           
1060      8.796391014926e+00            -1.151635748763e+00           -1.943686850385e+00           -8.501312335003e+00           
1070      1.112365414265e+01            -1.393440790405e+00           -5.021894816436e-02           -1.103591782799e+01           
1080      7.581414907749e+00            2.209298296661e+00            1.841213159344e+00            -7.014754959488e+00           
1090      7.011969434319e+00            -2.108499330312e+00           4.862637941003e-01            -6.669744631127e+00           
1100      8.025869400221e+00            -2.693805668056e+00           -6.619996974160e-01           -7.531251360350e+00           
1110      9.051333319818e+00            -4.396084970369e-01           -2.635200701206e+00           -8.648068946310e+00           
1120      5.878392611411e+00            -2.131776938823e-01           -1.511233480826e-01           -5.872581774517e+00           
1130      8.845503788932e+00            -2.435997810980e-01           -4.736170778331e+00           -7.466745126570e+00           
1140      8.344036110102e+00            -1.838416226946e+00           -2.016397372396e+00           -7.885258779506e+00           
1150      9.008169543268e+00            -1.181003270563e+00           -9.584865216488e-01           -8.878831757782e+00           
1160      8.161732201287e+00            2.200628679909e-01            -5.294444303603e+00           -6.207600532872e+00           
1170      1.013291674853e+01            -1.498496075252e+00           -1.881630233563e+00           -9.843270747533e+00           
1180      7.562905323037e+00            -2.911728004348e-01           -1.053159145561e+00           -7.483556049074e+00           
1190      7.023169335385e+00            -4.490828822058e+00           -2.733208069967e+00           -4.656923625177e+00           
1200      8.030256703712e+00            -9.663380625230e-03           -1.174287678992e+00           -7.943927101475e+00           
1210      6.074150791654e+00            1.212232965544e-01            -3.216962191475e+00           -5.150899631205e+00           
1220      8.267121515105e+00            -1.967800026118e+00           6.331630250218e-02            -8.029262248087e+00           
1230      9.758658395490e+00            -1.674329607710e+00           -1.019953408414e+00           -9.559692939068e+00           
1240      8.328623170262e+00            -1.042558895658e+00           -2.531277406963e+00           -7.865854661149e+00           
1250      8.572617444690e+00            -2.124565694418e+00           -1.179864189340e+00           -8.220943434778e+00           
1260      9.238307194031e+00            -1.283232484832e+00           -3.144406002622e-01           -9.143345192546e+00           
1270      6.097383479682e+00            -1.273323769473e+00           -2.333960566402e+00           -5.487199645618e+00           
1280      8.272965955527e+00            -1.633907639334e-01           -3.192197678337e+00           -7.630540160564e+00           
1290      8.409031140517e+00            -2.986541895347e-01           -2.568102904497e+00           -8.001715932797e+00           
1300      7.314212330473e+00            7.475416834031e-01            -5.680049266044e+00           -4.547078598632e+00           
1310      6.900896261368e+00            1.648723999243e+00            -2.569065238687e+00           -6.189021100615e+00           
1320      9.930666846951e+00            2.844583478113e+00            -1.276960314403e+00           -9.428460172086e+00           
1330      9.516173740545e+00            -5.880641248449e-01           -3.878358509659e+00           -8.670067964893e+00           
1340      8.831534113735e+00            -2.656826639101e+00           -1.869535564948e+00           -8.212314155171e+00           
1350      8.698623641056e+00            2.820803908544e+00            -3.810019349009e+00           -7.293344302751e+00           
1360      1.028049024107e+01            -8.055565246054e-01           -5.026541400355e+00           -8.931597832016e+00           
1370      9.553266348542e+00            -3.551591349733e+00           -9.945621088583e-01           -8.812601376569e+00           
1380      7.867845377503e+00            -6.983532287675e-01           -4.163626850152e+00           -6.639239798716e+00           
1390      1.070508971043e+01            -9.818617378561e-01           -3.233130529126e+00           -1.015784230128e+01           
1400      8.892556416144e+00            -7.773522599082e-01           8.367385077403e-01            -8.818908761745e+00           
1410      9.242008690401e+00            -2.188165055627e-01           -3.096864987469e+00           -8.704956704070e+00           
1420      9.363761094743e+00            -2.146135085135e+00           -1.744939298953e+00           -8.945910399660e+00           
1430      9.231947606674e+00            -1.196223053668e+00           -6.145164951742e+00           -6.784899021661e+00           
1440      9.191927932909e+00            -4.787360024658e+00           3.501078772338e-01            -7.839014452876e+00           
1450      9.003296291324e+00            -2.350457337402e+00           -1.370778627240e+00           -8.582287595363e+00           
1460      1.008688067087e+01            -2.300986206619e+00           -1.557441635249e+00           -9.696648890108e+00           
1470      1.034258628836e+01            -3.825289740805e+00           -6.931227172839e-01           -9.584144741694e+00           
1480      5.257722177181e+00            2.817398278336e-01            -2.734456391612e+00           -4.481853791034e+00           
1490      7.394249309329e+00            -2.233765279222e+00           -1.316324264841e+00           -6.924774794580e+00           
1500      1.031455754020e+01            -5.590748876844e+00           -4.032296810977e+00           -7.672952930548e+00           
1510      7.843445133822e+00            -3.116763888787e+00           -4.006211826433e+00           -5.979605441046e+00           
1520      7.378757110210e+00            -9.043815130518e-03           -4.449231576157e+00           -5.886451654656e+00           
1530      6.030409021548e+00            -8.962865559628e-01           -2.680511680733e+00           -5.327040501651e+00           
1540      7.489430697894e+00            -3.286352070652e+00           -2.919093849185e+00           -6.063856309803e+00           
1550      7.741855806973e+00            -3.189295868798e+00           -4.412181256518e+00           -5.504305565361e+00           
1560      9.232698689342e+00            -1.523689759078e+00           -5.591350337828e+00           -7.187342763910e+00           
1570      7.475790875286e+00            6.250907820516e-01            -3.072140200308e+00           -6.786653469484e+00           
1580      1.131788898715e+01            4.338305807000e+00            -5.861593492248e+00           -8.655370331880e+00           
1590      9.927626055241e+00            1.548795670933e+00            -4.565662207264e+00           -8.678347750094e+00           
1600      9.314145193679e+00            1.416507229450e+00            -4.469934546874e+00           -8.047763236112e+00           
1610      9.144463624869e+00            1.650515453907e-01            -2.078620660659e+00           -8.903555981910e+00           
1620      6.345741068273e+00            2.341688358212e+00            -9.690220126027e-01           -5.817724785315e+00           
1630      1.028973123239e+01            7.870984844077e+00            -2.767688332772e+00           -6.022131492395e+00           
1640      9.831156982593e+00            1.061467062596e+00            -3.832694505607e+00           -8.990850244449e+00           
1650      1.068437426330e+01            2.827336496696e+00            -9.766913797077e-01           -1.025709976950e+01           
1660      1.134526376537e+01            9.348493633924e-01            -1.803827845330e+00           -1.116186685452e+01           
1670      1.137387569226e+01            1.569127391224e+00            -1.834100702208e+00           -1.111480823529e+01           
1680      9.334705102401e+00            -4.784486593682e-01           1.535483835968e-01            -9.321171016725e+00           
1690      1.185910473520e+01            3.778652044146e+00            -3.416855287248e+00           -1.070912012239e+01           
1700      9.085251833238e+00            1.702758242856e+00            1.976165413709e+00            -8.702711387688e+00           
1710      7.970264878539e+00            1.375624623994e+00            -8.758337495517e-02           -7.850166130750e+00           
1720      8.648939266272e+00            2.511299565532e+00            3.433269397498e+00            -7.530616586179e+00           
1730      8.306897798673e+00            1.653039634312e-01            4.702270481061e-01            -8.291930544843e+00           
1740      9.510817083192e+00            2.274736207901e+00            2.960116358195e+00            -8.747509812532e+00           
1750      8.596922790230e+00            7.034931485350e-03            3.176970521104e+00            -7.988359673859e+00           
1760      9.954092505027e+00            1.964408242049e+00            4.137937580865e+00            -8.837563602830e+00           
1770      8.210386275253e+00            4.068282745651e+00            2.882718984827e+00            -6.522993909611e+00           
1780      1.003169211060e+01            -3.858811632090e-01           -5.474494633191e-02           -1.002411818170e+01           
1790      8.791883815592e+00            4.334245332081e-01            -2.783445325075e+00           -8.328372969746e+00           
1800      8.287737734544e+00            3.774158804542e+00            -1.744106541881e+00           -7.169408235360e+00           
1810      9.427175452859e+00            2.993712381154e+00            1.005395191259e+00            -8.882482969717e+00           
1820      8.027799468467e+00            1.193223811851e+00            2.403015833560e+00            -7.566194297294e+00           
1830      8.873354667170e+00            4.957715315100e+00            1.472350415899e+00            -7.210385992207e+00           
1840      9.718819389734e+00            4.515808040424e+00            2.310615623573e+00            -8.289992974208e+00           
1850      8.860069812260e+00            3.615060740351e+00            7.981683503265e-02            -8.088621773488e+00           
1860      1.057012689824e+01            3.185652133980e+00            1.047415281593e+00            -1.002407723204e+01           
1870      1.019705157540e+01            3.771320232873e+00            8.213879787804e-01            -9.438343409778e+00           
1880      1.042312953099e+01            2.848930262851e+00            8.272518666824e-01            -9.992040828890e+00           
1890      1.012540939009e+01            6.646870263342e-01            1.891369899060e+00            -9.924959767111e+00           
1900      7.565764747001e+00            9.007912002769e-01            1.706410805145e-02            -7.511929195399e+00           
1910      8.760619639411e+00            1.944370290491e+00            -1.615164132891e+00           -8.388034660379e+00           
1920      1.043862492810e+01            1.786020911705e+00            1.041802134170e+00            -1.023179690992e+01           
1930      8.075864430359e+00            4.952892143405e-01            2.736066493303e+00            -7.582098326711e+00           
1940      8.933920173970e+00            -6.883124493432e-01           1.804307096986e+00            -8.722707810463e+00           
1950      1.025948033354e+01            -2.631570947749e+00           1.031222057827e+00            -9.862471907628e+00           
1960      9.399644120037e+00            -1.858566036765e+00           -8.920842684861e-01           -9.170781184188e+00           
1970      8.458558490203e+00            -2.207243798869e+00           1.597576146814e+00            -8.007686120201e+00           
1980      9.928008191338e+00            -2.323086718567e+00           5.514399805698e-01            -9.636624341185e+00           
1990      7.608380764485e+00            -1.653158446460e+00           1.942018137468e+00            -7.168199952710e+00           
2000      1.116592517004e+01            -1.731314980314e+00           3.508999376207e+00            -1.045788490660e+01           
2010      1.122738228334e+01            -7.933488962742e-01           3.935670642730e+00            -1.048499914435e+01           
2020      1.079875589825e+01            -1.913417196878e+00           -1.265104923370e+00           -1.055232074539e+01           
2030      1.237770728515e+01            -1.468373770899e+00           3.497805096584e+00            -1.178205735905e+01           
2040      1.051781521231e+01            -8.820048305730e-01           -7.586346706422e-02           -1.048049374093e+01           
2050      8.343984897173e+00            -1.723177183686e+00           -2.287516595775e+00           -7.837092074355e+00           
2060      1.127398841740e+01            -4.977501668876e+00           4.261889130558e-02            -1.011560554797e+01           
2070      8.919678356184e+00            -2.407924816242e+00           6.871994254313e-01            -8.560976404989e+00           
2080      1.034226902999e+01            -4.849443819074e+00           2.194465049419e-01            -9.132210387732e+00           
2090      1.354794265194e+01            -3.943430967292e+00           -4.564474183248e+00           -1.213102129818e+01           
2100      1.309644469052e+01            -3.257355372010e+00           -1.807514483331e+00           -1.255545263640e+01           
2110      1.182723388894e+01            -2.397895804234e+00           -3.120718999318e+00           -1.115323585795e+01           
2120      1.363449420844e+01            -6.065671563448e+00           -2.233981232442e+00           -1.200484854788e+01           
2130      1.224377944970e+01            -6.531446317314e+00           -7.505280286734e-01           -1.032894243836e+01           
2140      1.597175542173e+01            -6.836399494505e+00           -5.251506207901e+00           -1.344553069803e+01           
2150      1.542682328972e+01            -8.507725975139e+00           -5.835070542573e-01           -1.285554335926e+01           
2160      1.574126142997e+01            -1.028715202368e+01           -1.957672536414e+00           -1.175284360862e+01           
2170      1.333679568891e+01            -5.689156221778e+00           -1.290265205981e+00           -1.199328297132e+01           
2180      1.285528518709e+01            -7.335784626374e+00           4.421947512420e-01            -1.054746817767e+01           
2190      1.297252770067e+01            -5.796701067473e+00           4.337305183131e-01            -1.159726732970e+01           
2200      1.335546382949e+01            -7.480898527756e+00           -4.901732496668e+00           -9.918547769165e+00           
2210      1.432424061973e+01            -8.801551276084e+00           -1.739912282061e+00           -1.116643496006e+01           
2220      1.387021910881e+01            -7.244678180462e+00           -4.439624150547e+00           -1.096299929717e+01           
2230      1.542605424088e+01            -7.901933665914e+00           -4.328890567093e+00           -1.252131383842e+01           
2240      1.576923945048e+01            -1.089064054126e+01           -1.411396989955e+00           -1.131683789689e+01           
2250      1.449541907392e+01            -9.549820508407e+00           -2.943883427375e+00           -1.050007870217e+01           
2260      1.416017622888e+01            -9.152534923753e+00           2.253545285442e-01            -1.080235671688e+01           
2270      1.438182303296e+01            -9.413241178279e+00           -2.296457637793e+00           -1.062798224446e+01           
2280      1.366528463345e+01            -7.380078595614e+00           6.475645203103e-01            -1.148281778258e+01           
2290      1.129818180274e+01            -5.591393934486e+00           1.832391917894e+00            -9.645079874028e+00           
2300      1.300273719098e+01            -6.048819308387e+00           -1.029620040710e+00           -1.146398019904e+01           
2310      1.255414880159e+01            -7.473006023909e+00           -3.480503877175e+00           -9.468206052891e+00           
2320      1.121412435960e+01            -6.878891490943e+00           -3.527350434615e+00           -8.123745190478e+00           
2330      1.210526148981e+01            -4.395238288207e+00           -2.124786860879e+00           -1.107720709035e+01           
2340      1.109198285915e+01            -5.512368893788e+00           -4.650669076543e+00           -8.427167380979e+00           
2350      1.263578156904e+01            -3.167578169045e+00           -1.188992147735e+00           -1.217438795489e+01           
2360      1.102241560263e+01            6.162725078155e-01            -3.164633260267e+00           -1.054034867740e+01           
2370      1.074600575805e+01            -1.991200869415e-01           -1.361935679989e+00           -1.065749136273e+01           
2380      1.037049708362e+01            -4.519662044850e+00           -1.774542182368e+00           -9.163561796852e+00           
2390      1.093198494325e+01            -2.783817769590e+00           -6.215015343081e-01           -1.055331176778e+01           
2400      9.005816950278e+00            -1.676568509490e+00           9.800573879484e-01            -8.793937939923e+00           
2410      1.242978294151e+01            -2.365369915431e+00           -6.971358353209e-01           -1.218271442509e+01           
2420      1.339048085349e+01            -4.488710432770e+00           1.254488905597e+00            -1.255319535912e+01           
2430      8.819491708931e+00            -4.785618201828e+00           -1.224090100463e+00           -7.306359959391e+00           
2440      1.086371688345e+01            -2.639206643434e+00           -2.287245001002e+00           -1.028705220762e+01           
2450      1.488181109453e+01            -3.654666340303e+00           -3.202335055077e+00           -1.406615674551e+01           
2460      1.129874785730e+01            -5.834763718113e+00           -6.763012777193e-01           -9.651935146816e+00           
2470      1.150921440967e+01            -4.238661264215e+00           -1.210379938712e+00           -1.063159195130e+01           
2480      1.363646069787e+01            -6.755544857370e+00           -1.525033787058e+00           -1.174691218972e+01           
2490      1.066082047286e+01            -4.647552323574e+00           -2.800398172873e-01           -9.590356002517e+00           
2500      1.118500344354e+01            -6.296716693749e+00           8.751556218384e-01            -9.202704143250e+00           
2510      1.517758703716e+01            -7.875819278263e+00           -1.607421352420e+00           -1.287426951569e+01           
2520      1.423800071483e+01            -7.221512305779e+00           -4.716141327039e-01           -1.226164770668e+01           
2530      9.298987325766e+00            -2.824877102497e+00           1.087904351365e+00            -8.792479670879e+00           
2540      1.148482270204e+01            -3.574198738171e+00           -8.527240244847e-01           -1.088113586053e+01           
2550      1.444318565605e+01            -6.977741430795e+00           -3.846929149017e-02           -1.264576041737e+01           
2560      1.343362603407e+01            -7.283769432438e+00           -2.822583067185e+00           -1.092895402622e+01           
2570      1.261105053380e+01            -8.146312360921e+00           3.240491299147e-01            -9.621391928709e+00           
2580      1.472678553142e+01            -8.679852755638e+00           -2.067723326887e+00           -1.171592456754e+01           
2590      1.255535134006e+01            -5.399709408152e+00           2.334149378664e+00            -1.109196701482e+01           
2600      1.252546066194e+01            -6.277260377578e+00           -2.871557088619e+00           -1.045166622280e+01           
2610      1.249804860104e+01            -5.397157478747e+00           -4.328338676689e+00           -1.040852507724e+01           
2620      1.207417802879e+01            -7.181857698806e+00           -4.447608491946e+00           -8.627019981853e+00           
2630      1.378977760258e+01            -5.375957965915e+00           -4.818335985335e+00           -1.174907147862e+01           
2640      1.408655891042e+01            -6.197425285658e+00           -7.834040091505e+00           -9.932314816296e+00           
2650      1.718893731954e+01            -5.705022477665e+00           -9.735393537957e+00           -1.296666485128e+01           
2660      1.593235321623e+01            -5.196399256023e+00           -7.936192758096e+00           -1.280055304606e+01           
2670      1.587245558712e+01            -7.793695121627e+00           -6.528474908879e+00           -1.218901874969e+01           
2680      1.577085950277e+01            -5.187636353734e+00           -6.342201186468e+00           -1.347534499105e+01           
2690      1.478111568687e+01            -6.532028054033e+00           -4.900055361688e+00           -1.232085418720e+01           
2700      1.660349473926e+01            -8.705071143501e+00           -7.621131170540e+00           -1.190865792710e+01           
2710      1.569657316233e+01            -6.102423425814e+00           -5.459008211454e+00           -1.339186569227e+01           
2720      1.730196877397e+01            -5.511241976085e+00           -6.042598812558e+00           -1.524701068823e+01           
2730      1.602089793768e+01            -4.066927402702e+00           -6.340171885404e+00           -1.413971331726e+01           
2740      1.790858405560e+01            -6.784370573700e+00           -8.020638198370e+00           -1.450376026022e+01           
2750      1.735073233822e+01            -2.612442570342e+00           -7.400058542140e+00           -1.547456590869e+01           
2760      1.798565202497e+01            -8.964646603178e+00           -4.580578161730e+00           -1.490426428065e+01           
2770      1.892198529320e+01            -1.084174394121e+01           -5.805295615782e+00           -1.438042623022e+01           
2780      1.487592894081e+01            -7.912277346390e+00           -5.028591420258e+00           -1.154999555732e+01           
2790      1.426219950678e+01            -7.143340967714e+00           -4.561206195737e+00           -1.147076338481e+01           
2800      1.523357975280e+01            -7.207247680466e+00           -5.036177611684e+00           -1.244003408440e+01           
2810      1.695189096266e+01            -6.673863004828e+00           -5.775437865506e+00           -1.447309494421e+01           
2820      1.441217262059e+01            -5.541018183948e+00           -6.743008164475e+00           -1.146907485479e+01           
2830      1.477114736369e+01            -2.617395298379e+00           -6.988485190394e+00           -1.274743546897e+01           
2840      1.616324115013e+01            -3.822097678996e+00           -9.134969039320e+00           -1.277475144416e+01           
2850      1.762942222415e+01            -2.870097186086e+00           -7.274828197556e+00           -1.579987167024e+01           
2860      1.410314977966e+01            -2.932153901485e+00           -4.560159033366e+00           -1.301945685487e+01           
2870      1.157839468403e+01            -2.151585207055e+00           -4.826208542194e+00           -1.030231118067e+01           
2880      1.345000400833e+01            -3.544801922857e+00           -4.799265363325e+00           -1.205421250536e+01           
2890      1.266193941879e+01            -3.078074401033e+00           -5.190202190098e+00           -1.113157531766e+01           
2900      1.310820098874e+01            -1.582443408896e+00           -8.754057885345e+00           -9.627423152579e+00           
2910      1.380647044138e+01            -3.256131975328e+00           -8.393641805631e+00           -1.046723496663e+01           
2920      1.424269015894e+01            -4.633116021354e+00           -8.090681893247e+00           -1.076704812837e+01           
2930      1.173737343190e+01            -4.010136723763e+00           -4.316150331574e+00           -1.015162966483e+01           
2940      1.247125751855e+01            -5.082655321496e+00           -5.964987998358e+00           -9.701432737303e+00           
2950      1.245630400424e+01            -5.548818331410e+00           -5.267448484262e+00           -9.829756407804e+00           
2960      1.101008047510e+01            -3.774059785626e+00           -3.452415234438e+00           -9.749829426804e+00           
2970      1.223934518318e+01            -4.914255744271e+00           -4.578186278263e+00           -1.023190458295e+01           
2980      1.128228014703e+01            -4.718200388879e+00           -2.857657948043e+00           -9.841860670547e+00           
2990      1.116336211101e+01            -3.715565790561e+00           -5.944981272221e+00           -8.687486526634e+00           
3000      1.271719472337e+01            -3.061168366472e+00           -6.481497817184e+00           -1.050459308636e+01           
3010      1.231336546753e+01            -3.444412507263e+00           -6.451725611663e+00           -9.906070272740e+00           
3020      1.592520205039e+01            -3.487281428572e+00           -6.372235255176e+00           -1.417199867472e+01           
3030      1.723648866110e+01            -9.718486650417e+00           -7.865947104175e+00           -1.186484027471e+01           
3040      1.526725979376e+01            -5.488278141155e+00           -6.935568922461e+00           -1.244451318362e+01           
3050      1.202715122868e+01            -4.107272853296e+00           -6.928224139217e+00           -8.932098670684e+00           
3060      1.243629059336e+01            -6.812699645510e+00           -7.524497999613e+00           -7.185428109473e+00           
3070      1.311468695874e+01            -4.860382935751e+00           -7.687861556555e+00           -9.448199639653e+00           
3080      1.509182355339e+01            -6.638282305802e+00           -7.333740971040e+00           -1.139792040527e+01           
3090      1.071712120801e+01            -5.451790559703e+00           -6.605356482802e+00           -6.442354570766e+00           
3100      1.343519018662e+01            -4.783325439173e+00           -7.181193515282e+00           -1.029828105995e+01           
3110      1.422618670111e+01            -7.051489223405e+00           -5.660377956384e+00           -1.098275963399e+01           
3120      1.442836097972e+01            -6.430733193560e+00           -8.937299039528e+00           -9.324588839859e+00           
3130      1.149717459861e+01            -4.663351218133e+00           -5.622768871494e+00           -8.878212060145e+00           
3140      1.170234862988e+01            -5.225688901212e+00           -6.743313209902e+00           -8.010297492361e+00           
3150      1.233351194879e+01            -5.014781888300e+00           -4.635161716750e+00           -1.027047980687e+01           
3160      1.311995680462e+01            -7.376507224600e+00           -6.308379119197e+00           -8.827500246899e+00           
3170      1.116630509932e+01            -6.449673152953e+00           -6.037707335528e+00           -6.828922017540e+00           
3180      1.308350374919e+01            -5.003969648258e+00           -5.691047991841e+00           -1.066538001521e+01           
3190      1.250168684300e+01            -5.801611162790e+00           -5.722574425967e+00           -9.480802907740e+00           
3200      1.154909557977e+01            -4.979593383693e+00           -3.796435182175e+00           -9.704243316783e+00           
3210      1.217129259857e+01            -2.927110449278e+00           -3.373512432170e+00           -1.132218184837e+01           
3220      1.257039546594e+01            -6.769258456278e+00           -5.001131221258e+00           -9.337058885425e+00           
3230      1.382349413839e+01            -4.466164031805e+00           -7.907724660103e+00           -1.042162462071e+01           
3240      1.108295205569e+01            -5.688765089233e+00           -6.621430411716e+00           -6.828355389920e+00           
3250      1.084082470494e+01            -3.771793010001e+00           -6.774553598027e+00           -7.576442524057e+00           
3260      1.425085582384e+01            -5.745439647894e+00           -8.016462002886e+00           -1.028655199378e+01           
3270      1.178526029358e+01            -3.575208378196e+00           -7.308629496774e+00           -8.526088207315e+00           
3280      1.196727401279e+01            -4.609872014191e+00           -5.744939371253e+00           -9.431882046046e+00           
3290      1.375621438977e+01            -3.208367051897e+00           -8.332535225280e+00           -1.046463912026e+01           
3300      1.226672031624e+01            -5.137369334174e+00           -5.831916283346e+00           -9.490448677754e+00           
3310      1.321851162792e+01            -6.133518244040e+00           -4.644586418100e+00           -1.074880554351e+01           
3320      1.188059829891e+01            -5.135391910056e+00           -6.687112232397e+00           -8.370119226245e+00           
3330      1.037829881521e+01            -3.326946272603e+00           -4.866519002220e+00           -8.541516703606e+00           
3340      1.310182950399e+01            -4.115503781703e+00           -6.898685954559e+00           -1.035029937126e+01           
3350      9.658627719768e+00            -1.496484010716e+00           -3.628216331027e+00           -8.825285904152e+00           
3360      1.127377153529e+01            4.726708734296e-01            -5.090169968875e+00           -1.004811806078e+01           
3370      1.354603580260e+01            5.563521546513e-01            -6.439739992984e+00           -1.190442384444e+01           
3380      1.373875749172e+01            -2.407147713967e+00           -6.483895960364e+00           -1.187089678477e+01           
3390      1.207767174380e+01            -2.355837104029e+00           -6.615375123725e+00           -9.826342059108e+00           
3400      1.415947115098e+01            -3.146523296725e+00           -5.115519562186e+00           -1.282269371183e+01           
3410      1.532305750370e+01            -3.116175772140e+00           -4.939413431557e+00           -1.416642985268e+01           
3420      1.422953785890e+01            -3.009797677295e+00           -5.079310842103e+00           -1.294687093428e+01           
3430      1.306721996479e+01            -1.947733066332e+00           -2.998783145889e+00           -1.256844752364e+01           
3440      1.134377699249e+01            -1.455353956775e+00           -3.434554378551e+00           -1.071293879085e+01           
3450      1.418452066804e+01            -3.299120868035e-02           -2.687240887028e+00           -1.392760835813e+01           
3460      1.140641079314e+01            1.429919746678e+00            -4.328682748493e+00           -1.045581380682e+01           
3470      1.176420478618e+01            -6.943531155631e-01           -1.839904737723e+00           -1.159866968916e+01           
3480      1.278149381473e+01            -1.594055966466e+00           -3.560048235028e+00           -1.217175526684e+01           
3490      1.370832844700e+01            8.846273251183e-01            -1.966009959740e+00           -1.353774383510e+01           
3500      1.073495162743e+01            3.696002612693e-01            -3.731185168490e+00           -1.005886869029e+01           
3510      1.646877078552e+01            2.430887516059e-01            -5.843294686335e+00           -1.539536379088e+01           
3520      1.684004413095e+01            -2.591631862801e+00           -3.851663970432e+00           -1.618750182329e+01           
3530      1.190897355453e+01            -2.016394820078e+00           -4.532230966515e+00           -1.082666548473e+01           
3540      1.077986394428e+01            -2.452889813821e+00           -2.991596732616e+00           -1.006176660472e+01           
3550      1.305294248458e+01            -2.867393868719e+00           -2.629874679293e+00           -1.245957941018e+01           
3560      1.109608339850e+01            8.211183724399e-01            -4.727740968046e+00           -1.000486365444e+01           
3570      1.151991891437e+01            1.306705335908e+00            -4.231823359942e+00           -1.063450628891e+01           
3580      1.520516283588e+01            -2.776915724930e+00           -3.906057592205e+00           -1.443012231440e+01           
3590      1.541087962591e+01            -3.047645377612e+00           -7.582518113622e+00           -1.306569889264e+01           
3600      1.245221864929e+01            -2.903288549787e+00           -7.008135680245e+00           -9.874953122602e+00           
3610      1.284467830268e+01            -5.548713243704e+00           -7.187079581059e+00           -9.085341442895e+00           
3620      1.367590978451e+01            -2.140963329637e+00           -4.820480124606e+00           -1.261783483105e+01           
3630      1.442093959922e+01            -4.882483211153e-01           -6.362260380520e+00           -1.293239171042e+01           
3640      1.720590665378e+01            1.096236195177e+00            -8.362657170106e+00           -1.499691485067e+01           
3650      1.246968840400e+01            1.269899839280e+00            -7.853586356977e+00           -9.602169787326e+00           
3660      1.318935553335e+01            -1.220268874733e+00           -7.667782382783e+00           -1.066185521327e+01           
3670      1.215092925199e+01            1.363179036854e+00            -6.925182286022e+00           -9.890837927385e+00           
3680      1.180744426580e+01            -1.026561011035e+00           -9.634233473671e+00           -6.748589330763e+00           
3690      1.418619313657e+01            -1.265291785141e+00           -7.472002886557e+00           -1.199234277653e+01           
3700      1.711919155913e+01            -4.029491956553e+00           -7.701977887685e+00           -1.474820161334e+01           
3710      1.372157903630e+01            -6.552371218483e-01           -4.300574860069e+00           -1.301374087019e+01           
3720      1.549775527137e+01            1.771748188731e+00            -7.370750674451e+00           -1.351715063547e+01           
3730      1.584740952315e+01            -1.217082596455e+00           -8.507532120378e+00           -1.331469097533e+01           
3740      1.578741843561e+01            -4.586431075941e+00           -6.786801537741e+00           -1.349616818708e+01           
3750      1.309957296302e+01            5.326378503946e-01            -5.145021290461e+00           -1.203510966525e+01           
3760      1.504065851513e+01            -1.825809795616e+00           -4.873929125955e+00           -1.411143656876e+01           
3770      1.421269756881e+01            1.029404559358e+00            -6.684710985813e+00           -1.250022949676e+01           
3780      1.760584163498e+01            1.059319272576e+00            -7.600486915261e+00           -1.584538106218e+01           
3790      1.658187302236e+01            -1.932242519086e-01           -6.853509477843e+00           -1.509803249286e+01           
3800      1.602743709887e+01            -3.019693937337e-01           -6.554701777470e+00           -1.462270286410e+01           
3810      1.393273966770e+01            -7.809856872304e-01           -8.208996564557e+00           -1.123047957156e+01           
3820      1.591093548950e+01            -1.197927443600e+00           -8.583353399962e+00           -1.334349588384e+01           
3830      1.673269202614e+01            -2.208582770188e+00           -7.387614145497e+00           -1.485019534640e+01           
3840      1.361893009495e+01            1.345291348097e+00            -8.814574331779e+00           -1.029411130062e+01           
3850      1.374918828546e+01            -1.920344532409e+00           -9.504019363794e+00           -9.748131683484e+00           
3860      1.053962481972e+01            -1.332875290892e-02           -6.255288421456e+00           -8.482622262552e+00           
3870      1.450952302105e+01            -1.877743257159e+00           -7.475677068881e+00           -1.229286748161e+01           
3880      1.131435945409e+01            3.343910365414e-01            -4.965924721876e+00           -1.016083186298e+01           
3890      1.098145809728e+01            -1.066456011648e+00           -5.870312160829e+00           -9.219247727007e+00           
3900      1.330965643306e+01            -4.046538183196e+00           -8.073020086190e+00           -9.777465407043e+00           
3910      1.335616999848e+01            -2.333909072341e+00           -7.991056574072e+00           -1.044428840564e+01           
3920      1.233545213113e+01            -7.806720288475e-01           -8.325979236749e+00           -9.068186158871e+00           
3930      1.219434805430e+01            -5.658779938594e-01           -7.707259885268e+00           -9.432923811125e+00           
3940      1.408389276870e+01            -4.825529371996e+00           -7.137583220736e+00           -1.114114929293e+01           
3950      1.359237426762e+01            -3.698092395348e+00           -7.970501699970e+00           -1.037052812143e+01           
3960      1.202964509933e+01            -5.346438320607e-01           -7.486516167156e+00           -9.400988930296e+00           
3970      1.413538642551e+01            -1.049069817201e+00           -7.792868702465e+00           -1.174648029425e+01           
3980      1.646681330356e+01            -3.240457196282e+00           -9.536533903110e+00           -1.302727518126e+01           
3990      1.294442218475e+01            -4.461698342356e+00           -7.252487562251e+00           -9.749499359364e+00           
4000      1.150298662158e+01            -1.781372051478e-01           -8.070556330685e+00           -8.194698827026e+00           
4010      1.397659815468e+01            -3.378695335505e+00           -9.333772400195e+00           -9.839227946772e+00           
4020      1.364908811478e+01            -2.915368019876e+00           -8.312610316257e+00           -1.042586904789e+01           
4030      1.332147260775e+01            -2.352522146512e+00           -9.054154931462e+00           -9.484173683891e+00           
4040      1.361165282173e+01            -2.913297304308e+00           -6.889359872727e+00           -1.137218149258e+01           
4050      1.442590276173e+01            1.563474253166e+00            -6.531712357465e+00           -1.276710430872e+01           
4060      1.279874191943e+01            -1.780805787127e+00           -7.852746671262e+00           -9.948411691608e+00           
4070      9.514366717957e+00            -1.679075002179e+00           -3.137532457940e+00           -8.823818405668e+00           
4080      1.036287978225e+01            -1.670321959439e+00           -3.934168853590e+00           -9.440424638994e+00           
4090      1.368420446616e+01            -1.873805320884e+00           -7.719724896532e+00           -1.114235850316e+01           
4100      9.562646051580e+00            -3.640056990731e+00           -8.892857476970e-01           -8.797917678120e+00           
4110      1.005993336780e+01            -2.766408852360e+00           -3.678879422808e+00           -8.945115293752e+00           
4120      1.108013335714e+01            -5.582571503222e+00           -5.030080182438e+00           -8.142637409446e+00           
4130      1.227464859270e+01            -3.440144045574e+00           -5.085792516947e+00           -1.062859922542e+01           
4140      1.383716563108e+01            -1.502221858636e+00           -7.235538525092e+00           -1.169860950888e+01           
4150      1.422308208461e+01            -3.315441341561e-01           -7.614806626620e+00           -1.200836635484e+01           
4160      1.047829223238e+01            3.689768020755e-01            -5.447574510209e+00           -8.943287772539e+00           
4170      1.282164096914e+01            -2.563753565100e+00           -7.718054741090e+00           -9.912279042305e+00           
4180      1.230067953395e+01            -6.072241512208e+00           -6.184768570614e+00           -8.728300965389e+00           
4190      1.451518069019e+01            -4.002233031404e+00           -5.495890354493e+00           -1.282449961763e+01           
4200      1.315330521244e+01            -4.270154853233e+00           -4.775902943863e+00           -1.148764408448e+01           
4210      1.201657030321e+01            -1.381200641482e+00           -5.470525339058e+00           -1.060959938710e+01           
4220      1.314902423553e+01            -2.824791895543e+00           -6.123719619902e+00           -1.128793369534e+01           
4230      1.269189679198e+01            -4.900635516309e+00           -3.409593457813e+00           -1.120012000681e+01           
4240      1.258693879561e+01            -4.639065959957e+00           -2.787221746951e+00           -1.136404374318e+01           
4250      1.575921779582e+01            -5.938227845519e+00           -4.665622872480e+00           -1.383193257656e+01           
4260      1.471283618073e+01            -6.697235970177e+00           -5.988077000702e+00           -1.165150259298e+01           
4270      1.414343436439e+01            -4.361133255654e+00           -8.495496212794e+00           -1.043282303332e+01           
4280      1.640793386016e+01            -5.398323356180e+00           -9.248555471643e+00           -1.243151721189e+01           
4290      1.654622309634e+01            -5.998830762022e+00           -7.391270612575e+00           -1.353368563896e+01           
4300      1.410117892285e+01            -4.085133821000e+00           -4.671272629104e+00           -1.266231182302e+01           
4310      1.430950238537e+01            -7.651991142350e+00           -4.643353285608e+00           -1.116459405170e+01           
4320      1.237701863097e+01            -6.250078993046e+00           -4.774390992995e+00           -9.556793050917e+00           
4330      1.568830628649e+01            -7.962606625094e+00           -6.756980953209e+00           -1.170739331664e+01           
4340      1.600019924708e+01            -4.747811542189e+00           -7.293303896775e+00           -1.342655502262e+01           
4350      1.479476821121e+01            -4.441398607286e+00           -6.848296340055e+00           -1.233936716665e+01           
4360      1.423405957741e+01            -3.224956265227e+00           -5.564497781618e+00           -1.269820749473e+01           
4370      1.470768503706e+01            -4.443436895605e+00           -1.646931856107e+00           -1.392334310306e+01           
4380      1.845256924908e+01            -4.274640640953e+00           -7.473095824013e+00           -1.632107833717e+01           
4390      1.375144244658e+01            -5.307812823261e+00           -4.291494527601e+00           -1.193785437650e+01           
4400      1.583491864778e+01            -5.723488580576e+00           -5.632353234111e+00           -1.364781755798e+01           
4410      1.390586049037e+01            -3.332164923660e+00           -7.543754709263e+00           -1.119649042270e+01           
4420      1.391302283651e+01            -2.129096493678e+00           -8.174158406218e+00           -1.105541889392e+01           
4430      1.310557328473e+01            -5.735152612865e+00           -5.135314681536e+00           -1.060625375663e+01           
4440      1.401997690301e+01            -2.972399532552e+00           -8.325215749284e+00           -1.088188293025e+01           
4450      1.574656839022e+01            -2.258990385575e+00           -7.047483436340e+00           -1.389907751328e+01           
4460      1.279984486317e+01            -1.494155693109e+00           -8.091148456925e+00           -9.804939772076e+00           
4470      1.354058609569e+01            -6.635679410831e-01           -9.009473190895e+00           -1.008645340171e+01           
4480      1.271507381376e+01            -2.829225577387e+00           -6.871899255783e+00           -1.031724698454e+01           
4490      1.317804803867e+01            7.181598170618e-01            -8.192553135985e+00           -1.029695438957e+01           
4500      1.408991983362e+01            2.802896178995e-01            -7.391894828279e+00           -1.199196270406e+01           
4510      1.237144337358e+01            8.835127722459e-01            -6.900095255959e+00           -1.023038131184e+01           
4520      1.208263677800e+01            -9.636799427119e-01           -6.439916718636e+00           -1.017786348573e+01           
4530      1.079538459630e+01            -3.087918595860e+00           -5.754835190612e+00           -8.595752396164e+00           
4540      1.064502581776e+01            4.534305864066e-01            -6.089321127998e+00           -8.719583910042e+00           
4550      1.076381919794e+01            4.341122135036e-01            -5.872831009657e+00           -9.010061389580e+00           
4560      1.256843934206e+01            -4.005674499252e+00           -6.123066534678e+00           -1.021901636720e+01           
4570      1.016944050120e+01            -2.098158825296e+00           -7.390014946225e+00           -6.663552261805e+00           
4580      1.179434754539e+01            -3.406228633305e+00           -5.100419284794e+00           -1.007422273123e+01           
4590      9.737437295778e+00            -2.296749704426e-01           -3.624516743109e+00           -9.034811169919e+00           
4600      1.546083918244e+01            -1.500965387797e+00           -9.162451842470e+00           -1.236261005469e+01           
4610      8.545471543990e+00            -1.658794595308e+00           -2.338741132864e+00           -8.050079149498e+00           
4620      1.026492305657e+01            -1.290821804525e+00           -3.760921632130e+00           -9.463503204584e+00           
4630      1.034372795429e+01            -1.462907002191e+00           -2.468195560292e+00           -9.937837882125e+00           
4640      1.173986451928e+01            -3.626316319441e+00           -2.905870749439e+00           -1.078100941795e+01           
4650      1.081723105491e+01            -2.600656712945e+00           -2.886346670268e+00           -1.009544824442e+01           
4660      1.019144688218e+01            -3.800092649440e+00           -3.602189864739e+00           -8.743518375710e+00           
4670      1.443006097420e+01            -4.762799543753e+00           -6.533511303915e+00           -1.195222281698e+01           
4680      1.143540363044e+01            2.776675822783e+00            -4.136459340246e+00           -1.029311574271e+01           
4690      7.194240689666e+00            -1.339789705493e+00           -2.039815022345e+00           -6.767659663466e+00           
4700      1.057690594571e+01            -3.753077646328e+00           -2.357907153701e+00           -9.603417174089e+00           
4710      8.699570331378e+00            -1.620635839114e+00           -4.912851422770e+00           -6.994280114876e+00           
4720      1.053564894249e+01            -9.919750616458e-01           -4.027041961864e+00           -9.684978944419e+00           
4730      6.676330550012e+00            -8.934537888629e-01           -2.778640600345e+00           -6.004522158699e+00           
4740      1.108883713511e+01            -7.204549566978e-01           -7.643480758494e+00           -8.001278370296e+00           
4750      9.493657668051e+00            1.506282102559e+00            -4.227117916745e+00           -8.366129586827e+00           
4760      1.151699600589e+01            -1.638347517115e-01           -7.326416970482e+00           -8.884704246536e+00           
4770      1.045436253026e+01            -2.438464157576e+00           -4.376071533971e+00           -9.175924280202e+00           
4780      7.985875045437e+00            -1.527617792628e+00           -1.901106072750e+00           -7.604365839511e+00           
4790      7.986985681856e+00            6.678774787019e-01            -4.316455056650e+00           -6.686859928212e+00           
4800      1.065383060117e+01            -2.536991438992e+00           -6.479446115014e+00           -8.067500167935e+00           
4810      1.329862217145e+01            -1.032271461749e+00           -6.761284223489e+00           -1.140494642414e+01           
4820      1.319221366973e+01            4.401680520361e+00            -5.572225984530e+00           -1.111800376335e+01           
4830      1.170582979098e+01            1.635842453314e+00            -5.322675898708e+00           -1.029658156092e+01           
4840      9.454907124204e+00            1.748932931984e+00            -5.930937738880e+00           -7.152655441461e+00           
4850      1.118596593055e+01            1.329827781764e+00            -2.607457281333e+00           -1.079622889699e+01           
4860      1.196896183024e+01            -1.962541298809e+00           -5.568166644925e+00           -1.041153202745e+01           
4870      1.333997721706e+01            -2.050346080055e+00           -7.639487419772e+00           -1.074194140120e+01           
4880      6.097095188878e+00            -2.396370253016e+00           -2.029357935498e+00           -5.226249680442e+00           
4890      5.970526928804e+00            -3.848495798427e+00           -1.479571459613e+00           -4.318233457442e+00           
4900      8.225234503125e+00            -1.781010489859e+00           -4.887287103695e+00           -6.371570374128e+00           
4910      8.492649124554e+00            -5.302351616996e+00           -2.650915667068e+00           -6.081348749136e+00           
4920      8.722497175944e+00            -1.813806957952e+00           -2.891103817615e+00           -8.027053009630e+00           
4930      1.137143041049e+01            -3.886904996633e+00           -3.474750344115e+00           -1.010581561152e+01           
4940      1.236918451503e+01            -6.093828128133e+00           -8.715799844703e-01           -1.072857551786e+01           
4950      1.205640636715e+01            -7.782219352603e+00           3.927554970331e-01            -9.199985845497e+00           
4960      1.231005049052e+01            -6.758837329060e+00           -3.241329123961e+00           -9.764693878898e+00           
4970      1.248693702729e+01            -3.419366307911e+00           -7.491274923649e+00           -9.386816840348e+00           
4980      1.120142573308e+01            -3.343645866963e+00           -5.371844636104e+00           -9.243119385553e+00           
4990      1.200756114763e+01            -4.421694531908e+00           -6.378249950739e+00           -9.162317924331e+00           
5000      1.155547321583e+01            -5.371898776635e+00           -2.581963158817e+00           -9.899754088957e+00           
