@    title "Magnitude of Electric Field"
@    xaxis  label "Residues"
@    yaxis  label "MV/cm"
#time     EField_per_residue            Std.Deviation         EField_residue_alignement   Std.Deviation
@type xydy
21        2.953343439358e-01            1.382104881372e-01            0.001410            0.000802                      
22        2.514970866305e+00            3.182808162923e-02            0.012948            0.001443                      
23        4.448191260352e+00            1.173229787153e-01            0.022912            0.002547                      
24        1.158624320055e-01            9.809809332454e-03            0.000595            0.000085                      
25        7.840044886967e-02            2.207327014801e-02            0.000337            0.000135                      
26        6.540557418769e-02            8.597895016689e-03            0.000335            0.000060                      
27        1.026046073756e-01            1.297153152094e-02            0.000526            0.000092                      
28        1.676485543873e-01            1.369795353469e-02            0.000861            0.000118                      
29        1.101379128355e-01            1.003487640063e-02            0.000565            0.000080                      
30        3.896441993484e-02            1.326815209581e-02            0.000190            0.000078                      
31        3.403416849553e-01            2.045897439045e-02            0.001747            0.000223                      
32        1.281454412443e-01            1.542660027061e-02            0.000653            0.000108                      
33        2.646873872483e-02            1.052921450773e-02            0.000103            0.000061                      
34        1.415630119791e-01            3.163853420298e-02            0.000710            0.000189                      
35        1.385599534167e-01            2.062085462351e-02            0.000691            0.000127                      
36        6.859707488330e-02            1.287416027865e-02            0.000324            0.000073                      
37        3.515580261570e-01            4.110149375610e-02            0.001681            0.000310                      
38        5.437318996857e-01            2.163516919423e-02            0.002788            0.000319                      
39        2.769234933558e-01            2.512079348894e-02            0.001383            0.000198                      
40        2.863740897790e-01            8.750501887777e-03            0.001466            0.000170                      
41        5.078268842529e-01            1.680843340091e-02            0.002606            0.000295                      
42        2.899866851199e-01            6.594784585599e-02            0.001303            0.000396                      
43        4.140144550806e-01            2.418598824733e-02            0.002095            0.000261                      
44        4.569821835791e-01            2.449376553359e-02            0.002333            0.000291                      
45        4.926631702079e-01            1.485532012454e-02            0.002518            0.000281                      
46        4.284407635908e+00            2.350738451578e-01            0.021915            0.002705                      
47        4.225505790047e-01            4.523284942502e-02            0.002147            0.000340                      
48        1.631993417636e-01            3.405563514568e-02            0.000759            0.000195                      
49        3.288512062181e+00            1.182993842013e-01            0.016910            0.001976                      
50        3.775141837166e-01            1.032647822617e-02            0.001929            0.000216                      
51        6.879962112304e-01            1.982237341073e-02            0.003533            0.000399                      
52        2.387156825514e+00            1.337089449322e-01            0.012166            0.001561                      
53        8.541574922259e-01            2.857947092795e-02            0.004380            0.000510                      
54        9.688112064227e-01            2.483987259566e-02            0.004981            0.000558                      
55        3.634647507341e+00            2.196177304582e-01            0.018602            0.002343                      
56        1.958999574717e+00            1.192570469371e-01            0.010012            0.001307                      
57        1.253027090243e+00            7.922119372728e-02            0.006422            0.000849                      
58        1.240506192400e+00            6.826660662501e-02            0.006369            0.000794                      
59        2.634442199392e+00            2.290394449577e-01            0.013506            0.001997                      
60        3.391819940513e+00            2.392453123490e-01            0.017427            0.002297                      
61        4.697955319033e-01            9.623800373955e-02            0.002393            0.000594                      
62        1.392015239222e+00            1.677946124667e-01            0.007125            0.001189                      
63        3.514148718327e+00            3.623082880987e-01            0.018044            0.002875                      
64        1.286000785929e+01            6.605579250380e-01            0.066080            0.008484                      
65        4.117852723135e+01            2.575655072925e+00            0.211517            0.029040                      
66        1.289716339310e+02            1.901927745939e+01            0.658207            0.046298                      
67        6.586271657876e+00            3.050075363037e+00            0.020599            0.015593                      
68        7.526914297792e+00            1.437330849072e+00            0.035726            0.008481                      
69        1.787350068761e+00            4.244837173905e-01            0.007033            0.002036                      
70        7.182623630672e+00            6.837747150804e-01            0.035589            0.005575                      
71        1.594482347867e+00            1.551103188241e-01            0.008082            0.001200                      
72        1.010919291862e+00            4.939108096724e-01            0.003457            0.002152                      
73        5.424868074811e-01            5.640261829439e-02            0.002731            0.000419                      
74        1.980386536829e+00            1.180074936810e-01            0.010082            0.001272                      
75        5.274680436463e-01            1.349046774071e-02            0.002708            0.000307                      
76        9.026359745641e-01            2.043931744634e-02            0.004631            0.000530                      
77        5.211699103546e+00            2.093831255436e-01            0.026666            0.003152                      
78        6.140989524860e-01            2.169520093192e-02            0.003157            0.000376                      
79        5.117104713630e-01            2.504663821013e-02            0.002623            0.000312                      
80        8.071793137183e-01            6.346094996352e-02            0.004089            0.000597                      
81        7.078227467970e-01            3.621110608736e-02            0.003631            0.000433                      
82        4.297384980015e-01            2.894960485671e-02            0.002205            0.000286                      
83        3.468063044508e-01            4.712926060922e-02            0.001727            0.000344                      
84        3.330797346044e-01            5.681807456598e-02            0.001690            0.000346                      
85        3.220778158209e-01            4.524694782103e-02            0.001645            0.000307                      
86        4.794740202115e-02            2.436391775095e-02            0.000187            0.000143                      
87        3.218288181980e-01            4.302905475813e-02            0.001646            0.000292                      
88        3.504755983613e-01            4.379602778125e-02            0.001792            0.000297                      
89        9.018078570561e-02            3.267275552810e-02            0.000431            0.000188                      
90        1.112990471512e-01            2.746150673331e-02            0.000558            0.000164                      
91        4.701006905285e-01            3.365345157473e-02            0.002419            0.000317                      
92        4.608099533281e-01            3.427703036796e-02            0.002363            0.000304                      
93        6.949910841233e-02            1.820759817144e-02            0.000348            0.000108                      
94        3.046004812409e-01            1.708464119367e-02            0.001568            0.000205                      
95        5.106024493071e-01            2.020306264429e-02            0.002627            0.000302                      
96        4.142844724908e-01            9.551009606338e-02            0.002095            0.000547                      
97        5.272897406930e+00            8.552804596143e-02            0.027161            0.003019                      
98        3.332447662088e-01            1.214629117991e-02            0.001715            0.000200                      
99        3.310458080906e-01            1.131357307466e-02            0.001703            0.000202                      
100       1.726689637941e-01            9.330148265213e-03            0.000888            0.000104                      
101       4.888633640134e-02            3.037025126197e-02            0.000201            0.000166                      
102       2.072242615617e-01            5.664388551976e-03            0.001066            0.000122                      
103       1.718544357987e-01            7.990534034083e-02            0.000603            0.000488                      
104       1.430280421921e-01            8.340899295556e-03            0.000736            0.000093                      
105       9.455468216408e-02            5.440005212146e-03            0.000486            0.000062                      
106       2.159674988621e-01            1.677223537519e-02            0.001102            0.000154                      
107       1.698873403278e-01            5.670146951857e-03            0.000874            0.000102                      
108       1.003005789044e-01            4.942516561964e-03            0.000516            0.000063                      
109       1.108235283647e-01            1.399470532070e-02            0.000558            0.000099                      
110       8.374463871472e-02            3.491470963967e-02            0.000343            0.000182                      
111       6.286329829547e-02            9.414885374247e-03            0.000321            0.000060                      
112       2.196930995824e+00            3.185070751816e-02            0.011317            0.001251                      
1         5.991889883540e-01            2.250284808488e-01            0.001246            0.000892                      
2         6.382506916385e-01            1.402492127638e-01            0.000718            0.000520                      
3         4.300710000237e-01            1.571563032158e-01            0.001292            0.000598                      
4         5.301913917905e-01            1.419668627770e-01            0.000701            0.000472                      
5         3.785819519180e-01            1.203145825869e-01            0.000458            0.000337                      
6         6.318147319124e-01            1.395738838754e-01            0.001445            0.000902                      
7         6.910073048260e-01            8.119321149820e-02            0.001956            0.000525                      
8         3.871367485006e-01            1.295193374795e-01            0.000523            0.000461                      
9         4.726854787456e-01            1.429914377230e-01            0.000822            0.000597                      
10        6.404556665784e-01            1.750226817398e-01            0.001156            0.000603                      
11        7.030433952037e-01            1.499983807156e-01            0.000912            0.000923                      
12        5.562368987368e-01            1.177650634864e-01            0.002078            0.000718                      
13        6.666238208349e-01            1.290908154010e-01            0.001868            0.000866                      
14        3.827827736465e-01            1.044901312114e-01            0.000697            0.000540                      
15        4.330358510855e-01            1.120937657576e-01            0.000785            0.000655                      
16        4.337981833574e-01            1.343978107739e-01            0.000484            0.000334                      
17        6.396625449560e-01            1.472819866304e-01            0.000870            0.000647                      
18        2.382791926926e-01            4.704308079664e-02            0.000313            0.000203                      
19        1.900767582895e-01            2.785636838056e-02            0.000256            0.000175                      
20        4.289057832942e-01            1.655588555656e-01            0.000888            0.000564                      
21        3.175173011705e-01            9.668369109063e-02            0.000431            0.000307                      
22        3.129181843251e-01            6.694832144710e-02            0.000432            0.000303                      
23        2.980431307454e-01            6.483822151252e-02            0.000361            0.000264                      
24        3.499131342795e-01            8.373716425672e-02            0.000556            0.000460                      
25        3.146335755599e-01            1.063764437236e-01            0.000739            0.000418                      
26        3.801962093113e-01            1.310908131754e-01            0.000941            0.000558                      
27        5.091496767471e-01            1.065953199338e-01            0.000917            0.000527                      
28        2.493426524658e-01            6.305683910637e-02            0.000257            0.000188                      
29        1.872765229415e-01            4.533254959323e-02            0.000361            0.000198                      
30        2.861211966384e-01            9.516157718772e-02            0.000490            0.000459                      
31        1.996655481968e-01            5.755746966435e-02            0.000303            0.000208                      
32        2.047888253412e-01            5.438139292753e-02            0.000416            0.000255                      
33        2.034037258163e-01            5.967564458204e-02            0.000300            0.000212                      
34        2.463113392631e-01            4.694600563812e-02            0.000383            0.000305                      
35        2.537850044333e-01            7.574590540364e-02            0.000489            0.000289                      
36        2.526840625304e-01            1.095367320620e-01            0.000394            0.000313                      
37        2.042202991881e-01            4.898040790736e-02            0.000483            0.000261                      
38        2.796702039067e-01            7.790228675465e-02            0.000666            0.000427                      
39        1.851595258600e-01            4.025733483808e-02            0.000310            0.000244                      
40        1.557759139082e-01            3.811833153767e-02            0.000293            0.000177                      
41        2.445449277112e-01            7.619121852665e-02            0.000394            0.000255                      
42        1.772615725300e-01            4.237266096443e-02            0.000452            0.000210                      
43        1.270752419371e-01            3.980331960369e-02            0.000268            0.000209                      
44        1.846056196168e-01            4.596002605008e-02            0.000190            0.000149                      
45        1.164394459997e-01            4.419389843650e-02            0.000249            0.000163                      
46        1.791479714184e-01            5.380396017970e-02            0.000387            0.000267                      
47        1.169311400050e-01            3.568967047272e-02            0.000198            0.000121                      
48        1.903593193060e-01            4.285394343983e-02            0.000334            0.000174                      
49        1.259109695717e-01            3.625435306119e-02            0.000347            0.000191                      
50        1.122022850588e-01            2.359982578696e-02            0.000146            0.000116                      
51        1.070620982371e-01            2.703963129976e-02            0.000249            0.000145                      
52        8.580829113236e-02            2.076581229777e-02            0.000184            0.000111                      
53        1.555123658531e-01            3.573320735539e-02            0.000204            0.000158                      
54        1.552759478250e-01            5.513063889335e-02            0.000323            0.000216                      
55        1.545220274182e-01            5.307660491594e-02            0.000414            0.000228                      
56        1.585739862314e-01            3.687242467397e-02            0.000159            0.000103                      
57        1.657097375824e-01            4.090552682230e-02            0.000343            0.000245                      
58        1.878512799947e-01            5.869247520131e-02            0.000271            0.000201                      
59        1.562785592632e-01            4.261735606536e-02            0.000333            0.000224                      
60        2.117837082807e-01            5.368594726513e-02            0.000240            0.000178                      
61        2.019859020725e-01            4.028491608541e-02            0.000349            0.000222                      
62        1.527475905876e-01            5.280631624757e-02            0.000342            0.000205                      
63        1.275676969009e-01            3.984278253018e-02            0.000283            0.000164                      
64        9.423175872476e-02            3.038650981243e-02            0.000240            0.000130                      
65        1.083902833982e-01            2.552291119991e-02            0.000156            0.000103                      
66        1.129464577997e-01            2.235280510397e-02            0.000126            0.000105                      
67        1.225569376850e-01            3.186560253493e-02            0.000187            0.000136                      
68        1.422798284481e-01            3.549452536988e-02            0.000179            0.000123                      
69        1.088021242952e-01            2.618842875782e-02            0.000197            0.000135                      
70        1.161893435701e-01            3.624798118208e-02            0.000159            0.000100                      
71        7.666814307130e-02            1.995813531065e-02            0.000164            0.000122                      
72        1.149036151530e-01            3.068742235073e-02            0.000146            0.000137                      
73        1.125601325976e-01            2.388394029192e-02            0.000117            0.000089                      
74        1.497947902823e-01            4.983762263669e-02            0.000352            0.000183                      
75        9.966383021952e-02            2.433357792447e-02            0.000174            0.000126                      
76        1.113527074419e-01            2.910363387247e-02            0.000217            0.000141                      
77        7.556027394985e-02            1.740213157744e-02            0.000178            0.000087                      
78        1.121222388029e-01            2.682411640586e-02            0.000278            0.000162                      
79        1.282034157013e-01            5.066231004114e-02            0.000175            0.000116                      
80        8.262117260196e-02            1.612443184462e-02            0.000127            0.000075                      
81        7.641641385697e-02            2.542095423156e-02            0.000177            0.000108                      
82        7.311248370723e-02            9.855054351989e-03            0.000101            0.000065                      
83        8.921273393654e-02            3.076071118720e-02            0.000154            0.000119                      
84        1.156808689414e-01            3.871532415451e-02            0.000154            0.000099                      
85        7.898222156954e-02            2.159734291867e-02            0.000178            0.000074                      
86        7.804237879738e-02            2.631255868153e-02            0.000136            0.000099                      
87        7.686897410935e-02            1.988812731843e-02            0.000132            0.000078                      
88        7.436609403675e-02            1.939321016123e-02            0.000118            0.000068                      
89        6.618606246806e-02            2.103937269588e-02            0.000128            0.000095                      
90        8.218116750363e-02            2.246544704461e-02            0.000201            0.000107                      
91        6.321780455050e-02            1.631322743520e-02            0.000080            0.000060                      
92        9.008000274049e-02            2.751716589028e-02            0.000233            0.000083                      
93        8.132342220626e-02            2.791332683597e-02            0.000181            0.000095                      
94        5.202195423366e-02            1.070507656633e-02            0.000089            0.000062                      
95        6.073919006737e-02            1.343525930857e-02            0.000064            0.000053                      
96        5.574455604514e-02            1.437556049063e-02            0.000145            0.000065                      
97        4.215638829604e-02            9.036387873203e-03            0.000084            0.000049                      
98        5.329174463014e-02            9.894867967503e-03            0.000087            0.000053                      
99        4.198191044972e-02            1.105763104280e-02            0.000066            0.000042                      
100       4.949917952190e-02            7.625034986014e-03            0.000040            0.000031                      
101       1.105793468546e-01            2.871630320050e-02            0.000493            0.000168                      
102       8.072907441939e-02            2.694425111616e-02            0.000183            0.000143                      
103       1.158713368635e-01            2.001410160198e-02            0.000246            0.000178                      
104       1.161267569868e-01            2.126931430292e-02            0.000309            0.000207                      
105       1.151211263453e-01            2.769028294616e-02            0.000334            0.000208                      
106       1.422806567081e-01            3.373055157313e-02            0.000662            0.000228                      
107       7.964502676472e-02            2.083207485223e-02            0.000199            0.000169                      
108       1.187707566018e-01            3.061727724419e-02            0.000330            0.000186                      
109       1.500482985040e-01            4.203754065710e-02            0.000495            0.000283                      
110       1.089254871680e-01            2.320914678957e-02            0.000383            0.000180                      
111       1.363787955211e-01            4.220218331242e-02            0.000352            0.000258                      
112       1.079414666643e-01            2.239306775578e-02            0.000216            0.000137                      
113       1.214361030926e-01            2.916861231006e-02            0.000438            0.000202                      
114       9.708029781837e-02            1.288072328517e-02            0.000323            0.000107                      
115       8.555510023414e-02            1.885437087150e-02            0.000235            0.000152                      
116       1.254770414487e-01            4.611107561174e-02            0.000412            0.000273                      
117       1.030057259593e-01            2.720674526016e-02            0.000343            0.000222                      
118       1.429442437546e-01            1.788448505254e-02            0.000652            0.000105                      
119       1.123991002672e-01            2.087011867044e-02            0.000427            0.000150                      
120       8.338205946413e-02            1.467620480188e-02            0.000253            0.000156                      
121       9.394872003598e-02            1.837372438970e-02            0.000237            0.000142                      
122       7.940564739617e-02            1.156674592732e-02            0.000120            0.000078                      
123       1.374249124755e-01            3.784593747317e-02            0.000444            0.000201                      
124       9.366039513542e-02            2.350466348312e-02            0.000320            0.000185                      
125       8.070598168770e-02            2.196518803639e-02            0.000247            0.000160                      
126       9.211351966677e-02            1.844046510245e-02            0.000305            0.000122                      
127       7.984334375634e-02            1.946379269504e-02            0.000200            0.000138                      
128       6.911137960171e-02            1.008764312997e-02            0.000207            0.000112                      
129       8.149255450577e-02            1.956860602491e-02            0.000292            0.000119                      
130       6.932856342281e-02            1.613749605560e-02            0.000243            0.000131                      
131       8.623910447068e-02            1.834229335548e-02            0.000303            0.000116                      
132       9.264084668522e-02            2.342591988797e-02            0.000275            0.000163                      
133       7.968294855733e-02            1.306899768155e-02            0.000244            0.000143                      
134       1.009650301532e-01            2.758563589590e-02            0.000191            0.000142                      
135       7.526558101608e-02            1.469230305050e-02            0.000257            0.000154                      
136       8.659993500610e-02            2.335975094260e-02            0.000197            0.000140                      
137       9.442152084045e-02            1.763106308834e-02            0.000409            0.000108                      
138       6.888600089743e-02            1.425854510186e-02            0.000226            0.000116                      
139       8.737358987064e-02            2.444626498426e-02            0.000253            0.000150                      
140       8.435398744892e-02            1.802096514122e-02            0.000326            0.000119                      
141       1.088302611777e-01            1.591605853236e-02            0.000307            0.000108                      
142       6.861184186703e-02            1.756746169593e-02            0.000184            0.000104                      
143       6.965954751651e-02            1.336671208057e-02            0.000250            0.000074                      
144       8.169710323781e-02            2.366594945860e-02            0.000265            0.000128                      
145       6.283587660214e-02            1.158663757463e-02            0.000240            0.000103                      
146       7.659720758432e-02            1.736870086900e-02            0.000300            0.000107                      
147       6.761960073219e-02            1.591291333587e-02            0.000225            0.000117                      
148       7.582683779386e-02            2.038000942645e-02            0.000261            0.000083                      
149       8.327925538781e-02            1.236040689903e-02            0.000289            0.000094                      
150       7.775139981972e-02            2.460163426371e-02            0.000193            0.000124                      
151       5.100429058559e-02            7.436384675588e-03            0.000109            0.000069                      
152       6.255759438944e-02            1.009610528589e-02            0.000103            0.000071                      
153       5.594573037595e-02            1.052728278943e-02            0.000117            0.000080                      
154       6.201808451331e-02            1.402287501548e-02            0.000175            0.000095                      
155       5.817500898013e-02            1.145058921782e-02            0.000141            0.000090                      
156       7.924646696458e-02            1.502314641595e-02            0.000268            0.000076                      
157       6.295919494306e-02            1.767936813364e-02            0.000152            0.000093                      
158       7.403230113532e-02            2.255932488629e-02            0.000241            0.000136                      
159       5.184799490141e-02            1.392843604851e-02            0.000135            0.000091                      
160       7.680705512334e-02            1.617260855871e-02            0.000265            0.000054                      
161       5.300042030719e-02            1.263955024998e-02            0.000164            0.000097                      
162       5.626850755481e-02            1.160429586191e-02            0.000109            0.000072                      
163       5.147971677579e-02            1.111450404016e-02            0.000131            0.000096                      
164       6.853703296243e-02            1.223281477091e-02            0.000164            0.000102                      
165       6.697634936140e-02            1.490766723862e-02            0.000189            0.000110                      
166       6.168997299199e-02            1.250382438545e-02            0.000198            0.000090                      
167       6.448959790142e-02            1.325364595310e-02            0.000252            0.000065                      
168       4.316377101518e-02            9.619345938611e-03            0.000110            0.000077                      
169       4.938155968172e-02            1.308396524111e-02            0.000138            0.000091                      
170       5.284054320005e-02            1.118127191513e-02            0.000081            0.000059                      
171       4.624228966260e-02            9.294167850478e-03            0.000121            0.000074                      
172       5.300525642070e-02            1.218029388584e-02            0.000191            0.000095                      
173       7.224490668388e-02            1.488647586709e-02            0.000263            0.000083                      
174       4.330290645938e-02            1.066069511621e-02            0.000116            0.000081                      
175       4.943860311944e-02            1.395006107043e-02            0.000105            0.000076                      
176       6.577941313507e-02            1.374756764332e-02            0.000183            0.000079                      
177       4.495073379254e-02            8.146816598373e-03            0.000123            0.000070                      
178       6.178281162918e-02            1.239534636495e-02            0.000195            0.000070                      
179       5.191762400319e-02            1.449526614486e-02            0.000191            0.000095                      
180       5.120223902682e-02            1.167889569361e-02            0.000142            0.000068                      
181       4.298991574042e-02            1.048542115211e-02            0.000121            0.000070                      
182       6.042627094881e-02            1.449029041987e-02            0.000182            0.000093                      
183       3.483903886782e-02            7.674549767339e-03            0.000097            0.000061                      
184       5.379137108962e-02            1.739805261940e-02            0.000132            0.000093                      
185       3.966984286616e-02            9.733832279579e-03            0.000110            0.000067                      
186       3.356187006861e-02            7.561926500537e-03            0.000142            0.000060                      
187       4.214544350273e-02            1.609679771972e-02            0.000150            0.000072                      
188       3.353241310458e-02            7.458205895828e-03            0.000131            0.000055                      
189       3.237454340946e-02            9.808298514596e-03            0.000096            0.000060                      
190       3.691647404336e-02            8.635168658283e-03            0.000069            0.000054                      
191       5.340377474124e-02            1.395072007468e-02            0.000144            0.000087                      
192       4.040131038570e-02            7.169786794547e-03            0.000111            0.000081                      
193       3.974704633736e-02            8.225157586877e-03            0.000132            0.000051                      
194       4.504765756682e-02            1.354237569673e-02            0.000138            0.000074                      
195       4.132001209600e-02            9.732494212499e-03            0.000115            0.000056                      
196       4.693543969383e-02            1.070341701807e-02            0.000079            0.000051                      
197       3.717804251225e-02            8.332964754438e-03            0.000129            0.000048                      
198       3.849531021771e-02            8.027494462605e-03            0.000133            0.000060                      
199       3.033970652918e-02            6.412809632416e-03            0.000080            0.000046                      
200       3.054447351647e-02            8.802341004560e-03            0.000103            0.000041                      
201       2.875455670223e-02            7.490734025977e-03            0.000067            0.000041                      
202       3.164202498681e-02            7.641662713015e-03            0.000116            0.000054                      
