-200.0                        1.324378982988399e-24
-199.5995995995996            2.4832909447871176e-24
-199.1991991991992            4.6369175422977165e-24
-198.7987987987988            8.622189913096382e-24
-198.3983983983984            1.5965857155995947e-23
-197.997997997998             2.9441052921236506e-23
-197.5975975975976            5.406309196338476e-23
-197.1971971971972            9.886324611145589e-23
-196.7967967967968            1.8003431724664672e-22
-196.3963963963964            3.2648420097008785e-22
-195.995995995996             5.895973028293813e-22
-195.5955955955956            1.0603158430666686e-21
-195.1951951951952            1.898897215329535e-21
-194.7947947947948            3.3865236223901257e-21
-194.3943943943944            6.014412430782712e-21
-193.993993993994             1.0636989922742898e-20
-193.5935935935936            1.8734009453245013e-20
-193.1931931931932            3.2857095344061995e-20
-192.7927927927928            5.738706938401518e-20
-192.3923923923924            9.981260085446876e-20
-191.991991991992             1.7287935931799734e-19
-191.5915915915916            2.9818607857618733e-19
-191.1911911911912            5.121745924861343e-19
-190.7907907907908            8.760626107597297e-19
-190.3903903903904            1.4922401102885991e-18
-189.98998998999              2.5312131751323567e-18
-189.5895895895896            4.275679911868922e-18
-189.1891891891892            7.192305051976398e-18
-188.7887887887888            1.2048069508991341e-17
-188.3883883883884            2.0098020376568785e-17
-187.987987987988             3.3386858261739094e-17
-187.5875875875876            5.5231174563304954e-17
-187.1871871871872            9.098702405933094e-17
-186.7867867867868            1.4926607024716484e-16
-186.3863863863864            2.4385361396661553e-16
-185.985985985986             3.967196878312419e-16
-185.5855855855856            6.427243780397134e-16
-185.1851851851852            1.0369367239844519e-15
-184.7847847847848            1.6659662715506014e-15
-184.3843843843844            2.6654259519974833e-15
-183.983983983984             4.246718852790866e-15
-183.5835835835836            6.7379358553762834e-15
-183.1831831831832            1.0646006112624907e-14
-182.7827827827828            1.675070269841965e-14
-182.3823823823824            2.6246163755770432e-14
-181.981981981982             4.095294387154175e-14
-181.5815815815816            6.363424726267918e-14
-181.1811811811812            9.846529678548714e-14
-180.7807807807808            1.5172668912045506e-13
-180.3803803803804            2.328237487694878e-13
-179.97997997998              3.557780012349175e-13
-179.5795795795796            5.413989737907994e-13
-179.1791791791792            8.204314458675278e-13
-178.7787787787788            1.238094256122929e-12
-178.3783783783784            1.8605942350608785e-12
-177.977977977978             2.78442930194319e-12
-177.57757757757759           4.1496101197083126e-12
-177.17717717717719           6.158358687292517e-12
-176.77677677677679           9.101422360890647e-12
-176.37637637637638           1.3394921577542438e-11
-175.97597597597598           1.9631691366907087e-11
-175.57557557557558           2.8652460053309074e-11
-175.17517517517518           4.164403381407257e-11
-174.77477477477478           6.027404882850778e-11
-174.37437437437438           8.687496990655476e-11
-173.97397397397398           1.246940479576289e-10
-173.57357357357358           1.7823113254039006e-10
-173.17317317317318           2.536928520701014e-10
-172.77277277277278           3.5960005901767586e-10
-172.37237237237238           5.07595985884963e-10
-171.97197197197198           7.135157286714212e-10
-171.57157157157158           9.987939925109235e-10
-171.17117117117118           1.3923080887797263e-09
-170.77077077077078           1.932777614124607e-09
-170.37037037037038           2.6718717692562683e-09
-169.96996996996995           3.6782106210346037e-09
-169.56956956956958           5.0424885132042435e-09
-169.16916916916915           6.883996995540207e-09
-168.76876876876878           9.35888169313838e-09
-168.36836836836835           1.267053295642112e-08
-167.96796796796798           1.7082584171490815e-08
-167.56756756756755           2.2935074200586928e-08
-167.16716716716718           3.0664421058248697e-08
-166.76676676676675           4.082795154030351e-08
-166.36636636636638           5.413383433276163e-08
-165.96596596596595           7.14773695020143e-08
-165.56556556556558           9.398469156198911e-08
-165.16516516516515           1.2306504172876014e-07
-164.76476476476478           1.6047285142561119e-07
-164.36436436436435           2.0838094613167416e-07
-163.96396396396398           2.694662173898749e-07
-163.56356356356355           3.4700911091854316e-07
-163.16316316316318           4.450082287235056e-07
-162.76276276276275           5.683112302269475e-07
-162.36236236236238           7.227630283215638e-07
-161.96196196196195           9.153719972893584e-07
-161.56156156156158           1.1544945274495906e-06
-161.16116116116115           1.4500377641879118e-06
-160.76076076076077           1.8136797467903587e-06
-160.36036036036035           2.259105408661899e-06
-159.95995995995997           2.8022560129193945e-06
-159.55955955955955           3.4615885796599943e-06
-159.15915915915917           4.258340724096983e-06
-158.75875875875874           5.216795087187791e-06
-158.35835835835837           6.364536230598708e-06
-157.95795795795794           7.732691524222413e-06
-157.55755755755757           9.356146225778871e-06
-157.15715715715714           1.1273721697510452e-05
-156.75675675675674           1.3528304593400105e-05
-156.35635635635634           1.6166913958784896e-05
-155.95595595595594           1.9240692595685012e-05
-155.55555555555554           2.280480884766868e-05
-155.15515515515514           2.691825523275876e-05
-154.75475475475474           3.164353118150658e-05
-154.35435435435434           3.7046198589054215e-05
-153.95395395395394           4.319430101773853e-05
-153.55355355355354           5.015764022153806e-05
-153.15315315315314           5.800690720891763e-05
-152.75275275275274           6.681266928718224e-05
-152.35235235235234           7.664421937341855e-05
-151.95195195195194           8.75682992089985e-05
-151.55155155155154           9.964771383040583e-05
-151.15115115115114           0.00011293986054326432
-150.75075075075074           0.00012749520149728046
-150.35035035035034           0.00014335571451572608
-149.94994994994994           0.00016055336182099623
-149.54954954954954           0.00017910862043428417
-149.14914914914914           0.00019902912103189973
-148.74874874874874           0.00022030844365048533
-148.34834834834834           0.00024292511861906938
-147.94794794794794           0.0002668418792779985
-147.54754754754754           0.0002920052093085966
-147.14714714714714           0.0003183452218064799
-146.74674674674674           0.0003457758996382906
-146.34634634634634           0.0003741957172743545
-145.94594594594594           0.00040348865343433184
-145.54554554554554           0.00043352559185995133
-145.14514514514514           0.000464166094764862
-144.74474474474474           0.0004952605205042243
-144.34434434434434           0.0005266524443053993
-143.94394394394394           0.0005581813290820788
-143.54354354354354           0.0005896853829927107
-143.14314314314313           0.0006210045320436739
-142.74274274274273           0.0006519834301595025
-142.34234234234233           0.0006824744261356977
-141.94194194194193           0.0007123404070246658
-141.54154154154153           0.0007414574409124546
-141.14114114114113           0.0007697171486983126
-140.74074074074073           0.000797028744203906
-140.34034034034033           0.0008233206943667786
-139.93993993993993           0.0008485419659172571
-139.53953953953953           0.0008726628411734852
-139.13913913913913           0.0008956753026894797
-138.73873873873873           0.0009175930036639649
-138.33833833833833           0.0009384508574463743
-137.93793793793793           0.000958304294361861
-137.53753753753753           0.0009772282466824786
-137.13713713713713           0.0009953159322627467
-136.73673673673673           0.0010126775136402452
-136.33633633633633           0.0010294387119500112
-135.93593593593593           0.0010457394536788436
-135.53553553553553           0.0010617326231543807
-135.13513513513513           0.001077582984983756
-134.73473473473473           0.0010934663288719381
-134.33433433433433           0.0011095688749662633
-133.93393393393393           0.0011260869618257574
-133.53353353353353           0.0011432270221252267
-133.13313313313313           0.0011612058341428852
-132.73273273273273           0.001180251020812034
-132.33233233233233           0.0012006017534589707
-131.93193193193193           0.0012225096050256681
-131.53153153153153           0.0012462394881829252
-131.13113113113113           0.0012720706077146426
-130.73073073073073           0.001300297354155122
-130.33033033033033           0.0013312300669577732
-129.92992992992993           0.0013651956003456012
-129.52952952952953           0.0014025376331426847
-129.12912912912913           0.0014436166748526828
-128.72872872872873           0.0014888097334432116
-128.32832832832833           0.0015385096250198468
-127.92792792792793           0.0015931239210711305
-127.52752752752752           0.001653073544448456
-127.12712712712712           0.0017187910399329616
-126.72672672672672           0.0017907185584002411
-126.32632632632632           0.0018693056045635814
-125.92592592592592           0.0019550066065011466
-125.52552552552552           0.0020482783702216517
-125.12512512512512           0.0021495774841090278
-124.72472472472472           0.002259357736076059
-124.32432432432432           0.0023780676006778696
-123.92392392392392           0.002506147844477823
-123.52352352352352           0.002644029285969346
-123.12312312312312           0.00279213073183503
-122.72272272272272           0.0029508570949046695
-122.32232232232232           0.0031205976816102926
-121.92192192192192           0.003301724618881009
-121.52152152152152           0.0034945913731939515
-121.12112112112112           0.003699531298859071
-120.72072072072072           0.0039168561395252
-120.32032032032032           0.004146854397273325
-119.91991991991992           0.0043897894783478655
-119.51951951951952           0.00464589752427668
-119.11911911911912           0.0049153848423794146
-118.71871871871872           0.0051984248607781424
-118.31831831831832           0.005495154550065068
-117.91791791791792           0.005805670276523055
-117.51751751751752           0.006130023079707654
-117.11711711711712           0.006468213399441723
-116.71671671671672           0.006820185312706879
-116.31631631631632           0.0071858203781264935
-115.91591591591592           0.007564931223085769
-115.51551551551552           0.007957255044223129
-115.11511511511512           0.008362447224170134
-114.71471471471472           0.008780075294135624
-114.3143143143143            0.009209613491452927
-113.9139139139139            0.009650438171973448
-113.5135135135135            0.010101824337941049
-113.1131131131131            0.010562943531858628
-112.7127127127127            0.011032863325475881
-112.3123123123123            0.011510548600516214
-111.9119119119119            0.011994864774808309
-111.5115115115115            0.012484583075319092
-111.1111111111111            0.012978387899945666
-110.7107107107107            0.013474886244998006
-110.3103103103103            0.013972619107636901
-109.9099099099099            0.014470074704900337
-109.5095095095095            0.014965703286237697
-109.1091091091091            0.015457933257510626
-108.7087087087087            0.015945188283857107
-108.3083083083083            0.01642590499896149
-107.9079079079079            0.016898550920979413
-107.5075075075075            0.01736164216192176
-107.1071071071071            0.017813760518356404
-106.7067067067067            0.01825356954682329
-106.3063063063063            0.018679829256676977
-105.9059059059059            0.019091409094839567
-105.5055055055055            0.019487298949264535
-105.1051051051051            0.019866617958419746
-104.7047047047047            0.020228620980101728
-104.3043043043043            0.02057270264152073
-103.9039039039039            0.020898398960939542
-103.5035035035035            0.02120538659643334
-103.1031031031031            0.021493479837053475
-102.7027027027027            0.02176262550370903
-102.3023023023023            0.022012895969810903
-101.9019019019019            0.02224448054408618
-101.5015015015015            0.022457675479500293
-101.1011011011011            0.022652872883033012
-100.7007007007007            0.022830548801802776
-100.3003003003003            0.022991250752854915
-99.89989989989989            0.023135584948332955
-99.49949949949949            0.023264203446504882
-99.09909909909909            0.02337779143411748
-98.69869869869869            0.023477054818701316
-98.29829829829829            0.023562708282524807
-97.89789789789789            0.02363546392444341
-97.49749749749749            0.023696020593137676
-97.09709709709709            0.023745053996025653
-96.69669669669669            0.023783207652900935
-96.29629629629629            0.02381108475210487
-95.89589589589589            0.02382924095941171
-95.49549549549549            0.023838178225083814
-95.09509509509509            0.023838339631775535
-94.69469469469469            0.023830105323996407
-94.29429429429429            0.023813789557504517
-93.89389389389389            0.023789638903137404
-93.49349349349349            0.023757831633204066
-93.09309309309309            0.02371847830888499
-92.69269269269269            0.02367162357364733
-92.29229229229229            0.02361724914035698
-91.89189189189189            0.023555277938798694
-91.49149149149149            0.02348557936630769
-91.09109109109109            0.023407975558099255
-90.69069069069069            0.023322248566863976
-90.29029029029029            0.02322814831467134
-89.88988988988989            0.0231254011556955
-89.48948948948949            0.02301371886724669
-89.08908908908909            0.02289280787046223
-88.68868868868869            0.022762378471985766
-88.28828828828829            0.0226221539149597
-87.88788788788789            0.022471879032236085
-87.48748748748748            0.02231132830703237
-87.08708708708708            0.022140313166051757
-86.68668668668668            0.021958688356658932
-86.28628628628628            0.021766357291961864
-85.88588588588588            0.02156327628417371
-85.48548548548548            0.021349457625722688
-85.08508508508508            0.02112497151738656
-84.68468468468468            0.020889946881329093
-84.28428428428428            0.020644571132435587
-83.88388388388388            0.02038908901206534
-83.48348348348348            0.020123800612801755
-83.08308308308308            0.01984905873986615
-82.68268268268268            0.019565265763859446
-82.28228228228228            0.01927287012014769
-81.88188188188188            0.018972362602715627
-81.48148148148148            0.01866427258533491
-81.08108108108108            0.01834916428149908
-80.68068068068068            0.01802763312818447
-80.28028028028027            0.01770030234878969
-79.87987987987987            0.017367819719435344
-79.47947947947947            0.01703085453207953
-79.07907907907907            0.016690094719480197
-78.67867867867866            0.016346244082607948
-78.27827827827826            0.016000019542129804
-77.87787787787786            0.015652148323151874
-77.47747747747746            0.01530336497724822
-77.07707707707706            0.014954408148202876
-76.67667667667666            0.014606016997707607
-76.27627627627626            0.01425892722392246
-75.87587587587586            0.013913866628372004
-75.47547547547546            0.01357155021384855
-75.07507507507506            0.013232674826313283
-74.67467467467466            0.012897913385557213
-74.27427427427426            0.012567908780881062
-73.87387387387386            0.012243267537577854
-73.47347347347346            0.011924553385986384
-73.07307307307306            0.011612280885956651
-72.67267267267266            0.011306909274631422
-72.27227227227226            0.01100883671371564
-71.87187187187186            0.010718395113440846
-71.47147147147146            0.010435845704150883
-71.07107107107106            0.010161375513101128
-70.67067067067066            0.009895094884260228
-70.27027027027026            0.009637036153488349
-69.86986986986986            0.009387153561528026
-69.46946946946946            0.009145324454028131
-69.06906906906906            0.008911351782676994
-68.66866866866866            0.008684967885824147
-68.26826826826826            0.00846583949206772
-67.86786786786786            0.008253573857432323
-67.46746746746746            0.008047725917076818
-67.06706706706706            0.007847806306889445
-66.66666666666666            0.007653290089579096
-66.26626626626626            0.007463626004459391
-65.86586586586586            0.007278246050320023
-65.46546546546546            0.007096575206634307
-65.06506506506506            0.006918041099699105
-64.66466466466466            0.006742083426789682
-64.26426426426426            0.006568162962526444
-63.863863863863855           0.006395769986754269
-63.463463463463455           0.006224431991602749
-63.063063063063055           0.00605372054624816
-62.662662662662655           0.005883257220443263
-62.262262262262254           0.005712718491343665
-61.861861861861854           0.005541839581813686
-61.461461461461454           0.0053704172015874825
-61.061061061061054           0.005198311184830703
-60.66066066066065            0.005025445038337584
-60.26026026026025            0.004851805433459972
-59.85985985985985            0.004677440691660858
-59.45945945945945            0.004502458328180312
-59.05905905905905            0.004327021730653135
-58.65865865865865            0.004151346059659026
-58.25825825825825            0.003975693466210764
-57.85785785785785            0.003800367727226979
-57.45745745745745            0.0036257084042502913
-57.05705705705705            0.0034520846332179293
-56.65665665665665            0.0032798886541231323
-56.25625625625625            0.003109529189050747
-55.85585585585585            0.0029414247754339707
-55.45545545545545            0.0027759971585335575
-55.05505505505505            0.0026136648431327653
-54.65465465465465            0.0024548368992931262
-54.25425425425425            0.0022999071107385268
-53.85385385385385            0.00214924854703493
-53.45345345345345            0.002003208632226894
-53.05305305305305            0.0018621047730180004
-52.65265265265265            0.0017262205990089727
-52.25225225225225            0.0015958028560439175
-51.85185185185185            0.0014710589815148283
-51.45145145145145            0.0013521553777366105
-51.05105105105105            0.00123921638647142
-50.65065065065065            0.0011323239546317107
-50.25025025025025            0.0010315179684311298
-49.849849849849846           0.0009367972211020082
-49.449449449449446           0.000848120968076828
-49.049049049049046           0.0007654110135428213
-48.648648648648646           0.0006885542637965504
-48.248248248248245           0.0006174056760770587
-47.847847847847845           0.0005517915267133385
-47.447447447447445           0.0004915129195903767
-47.047047047047045           0.0004363494551532395
-46.646646646646644           0.0003860629813934799
-46.246246246246244           0.0003404013513894941
-45.845845845845844           0.00029910211683113763
-45.44544544544544            0.0002618960933224106
-45.04504504504504            0.00022851074085385354
-44.64464464464464            0.00019867331136753493
-44.24424424424424            0.00017211372448422798
-43.84384384384384            0.00014856714190435356
-43.44344344344344            0.000127776220422027
-43.04304304304304            0.0001094930326185162
-42.64264264264264            9.348065287408102e-05
-42.24224224224224            7.95144141427813e-05
-41.84184184184184            6.738284780666923e-05
-41.44144144144144            5.688832474586755e-05
-41.04104104104104            4.784742046022726e-05
-40.64064064064064            4.009103063419379e-05
-40.24024024024024            3.3464265969632986e-05
-39.83983983983984            2.7826156479334912e-05
-39.43943943943944            2.3049195825061437e-05
-39.03903903903904            1.9018755810179515e-05
-38.63863863863864            1.5632399926054186e-05
-38.23823823823824            1.279912304038581e-05
-37.83783783783784            1.0438542043840592e-05
-37.43743743743744            8.480059674439638e-06
-37.03703703703704            6.862020944735623e-06
-36.63663663663664            5.5308787201987145e-06
-36.23623623623624            4.440382139031342e-06
-35.83583583583584            3.5507988079775687e-06
-35.43543543543544            2.828179122616444e-06
-35.03503503503504            2.2436686942335117e-06
-34.63463463463464            1.772872752713634e-06
-34.234234234234236           1.3952745554332223e-06
-33.833833833833836           1.093708272478647e-06
-33.433433433433436           8.53885534531812e-07
-33.033033033033036           6.639738086388257e-07
-32.632632632632635           5.142239894614739e-07
-32.232232232232235           3.9664403558302713e-07
-31.831831831831835           3.0471511530854616e-07
-31.431431431431434           2.3314652626394425e-07
-31.031031031031034           1.7766559014575496e-07
-30.630630630630634           1.3483877151488464e-07
-30.230230230230234           1.0192040276667243e-07
-29.829829829829833           7.672559397408831e-08
-29.429429429429433           5.7524146558815025e-08
-29.029029029029005           4.295255693804088e-08
-28.628628628628604           3.19414765238136e-08
-28.228228228228204           2.3656276547261613e-08
-27.827827827827804           1.744864149032785e-08
-27.427427427427403           1.2817377032511099e-08
-27.027027027027003           9.376862915157995e-09
-26.626626626626603           6.831805197160355e-09
-26.226226226226203           4.9571445817873845e-09
-25.825825825825802           3.5821574649338327e-09
-25.425425425425402           2.5779445381968222e-09
-25.025025025025002           1.8476392184572706e-09
-24.6246246246246             1.3187863160226285e-09
-24.2242242242242             9.374418899293513e-10
-23.8238238238238             6.636299866944346e-10
-23.4234234234234             4.678627559687598e-10
-23.023023023023              3.28489072451747e-10
-22.6226226226226             2.296849574567121e-10
-22.2222222222222             1.5993834221524946e-10
-21.8218218218218             1.1091245352597111e-10
-21.4214214214214             7.659757704969261e-11
-21.021021021021              5.268125295247034e-11
-20.6206206206206             3.608302024989049e-11
-20.2202202202202             2.46124474735167e-11
-19.8198198198198             1.6719038437389813e-11
-19.4194194194194             1.1310240287460492e-11
-19.019019019018998           7.619665436071779e-12
-18.618618618618598           5.112143411773871e-12
-18.218218218218198           3.415645199381546e-12
-17.817817817817797           2.2727132172846778e-12
-17.417417417417397           1.5059767663992847e-12
-17.017017017016997           9.937868834395018e-13
-16.616616616616597           6.530842770655802e-13
-16.216216216216196           4.27411121172875e-13
-15.815815815815796           2.7856252465619475e-13
-15.415415415415396           1.80800454854724e-13
-15.015015015014995           1.168627213865703e-13
-14.614614614614595           7.522320360826084e-14
-14.214214214214195           4.821994673858132e-14
-13.813813813813795           3.078225490057456e-14
-13.413413413413394           1.9569182346222107e-14
-13.013013013012994           1.2389199057247485e-14
-12.612612612612594           7.811093710950845e-15
-12.212212212212194           4.904314448127799e-15
-11.811811811811793           3.0664959517214e-15
-11.411411411411393           1.909430723368144e-15
-11.011011011010993           1.1840298271981371e-15
-10.610610610610593           7.311700901419703e-16
-10.210210210210192           4.496463259918576e-16
-9.809809809809792            2.7537237157519e-16
-9.409409409409392            1.6794465946997195e-16
-9.009009009008992            1.0200193001563357e-16
-8.608608608608591            6.169454772847624e-17
-8.208208208208191            3.7160473332075695e-17
-7.807807807807791            2.2290078825417305e-17
-7.407407407407391            1.3314895105574615e-17
-7.00700700700699             7.920626616241033e-18
-6.60660660660659             4.692203633832388e-18
-6.20620620620619             2.7681496114725267e-18
-5.8058058058057895           1.6262883271939308e-18
-5.405405405405389            9.5148225887129e-19
-5.005005005004989            5.543689515361666e-19
-4.604604604604589            3.2165629085571725e-19
-4.2042042042041885           1.858574798193215e-19
-3.8038038038037882           1.0694556557798953e-19
-3.403403403403388            6.128302090759578e-20
-3.0030030030029877           3.497132613079174e-20
-2.6026026026025875           1.9873689384417675e-20
-2.202202202202187            1.1247066576313308e-20
-1.801801801801787            6.338614204309947e-21
-1.4014014014013867           3.557489070720631e-21
-1.0010010010009864           1.9883230591300838e-21
-0.6006006006005862           1.1066858670958869e-21
-0.20020020020018592          6.1341690563522905e-22
0.20020020020021434           3.385953616997936e-22
0.6006006006006146            1.8612301584220955e-22
1.0010010010010149            1.0188562127024229e-22
1.4014014014014151            5.554172771003345e-23
1.8018018018018154            3.015223248611401e-23
2.2022022022022156            1.6300956728577263e-23
2.602602602602616             8.776072119348667e-24
3.003003003003016             4.705228024598876e-24
3.4034034034034164            2.512201703157869e-24
3.8038038038038167            1.3357390209923705e-24
4.204204204204217             7.072646246248813e-25
4.604604604604617             3.7293695056614987e-25
5.005005005005017             1.9583124771824537e-25
5.405405405405418             1.024051045617633e-25
5.805805805805818             5.332786555653227e-26
6.206206206206218             2.765538591153955e-26
6.6066066066066185            1.4282298815937892e-26
7.007007007007019             7.345296365476043e-27
7.407407407407419             3.76195237876193e-27
7.807807807807819             1.9187128036420828e-27
8.20820820820822              9.745391957048971e-28
8.60860860860862              4.929254645622389e-28
9.00900900900902              2.4828801309930166e-28
9.40940940940942              1.2454398481760894e-28
9.80980980980982              6.221315362409883e-29
10.21021021021022             3.0948106520373064e-29
10.610610610610621            1.5331276207563962e-29
11.011011011011021            7.563361241351149e-30
11.411411411411422            3.715725671405112e-30
11.811811811811822            1.817877686974524e-30
12.212212212212222            8.856820556893484e-31
12.612612612612622            4.297176156783765e-31
13.013013013013023            2.0762543172511833e-31
13.413413413413423            9.990103195342087e-32
13.813813813813823            4.7868673259408043e-32
14.214214214214223            2.2841506973223288e-32
14.614614614614624            1.0854005029704445e-32
15.015015015015024            5.13626169752048e-33
15.415415415415424            2.4204498285210218e-33
15.815815815815824            1.1358913722266535e-33
16.216216216216225            5.3084685525105076e-34
16.616616616616625            2.4705485196321094e-34
17.017017017017025            1.1450097246527503e-34
17.417417417417425            5.284654154712377e-35
17.817817817817826            2.428932992151316e-35
18.218218218218226            1.111747147627254e-35
18.618618618618626            5.0674328286453146e-36
19.019019019019026            2.3001778890119947e-36
19.419419419419427            1.0397435996823743e-36
19.819819819819827            4.680394445777849e-37
20.220220220220227            2.0981183608711564e-37
20.620620620620628            9.366315963412519e-38
21.021021021021028            4.163886438242566e-38
21.421421421421428            1.8434024617973207e-38
21.82182182182183             8.127044286780207e-39
22.22222222222223             3.568093518919542e-39
22.62262262262263             1.5600227529963397e-39
23.02302302302303             6.792297527068988e-40
23.42342342342343             2.945055597850522e-40
23.82382382382383             1.2716315252861435e-40
24.22422422422423             5.467893276314441e-41
24.62462462462463             2.341368071354297e-41
25.02502502502503             9.984130235585777e-42
25.42542542542543             4.239763492685911e-42
25.82582582582583             1.7929320762570485e-42
26.22622622622623             7.550519272683553e-43
26.62662662662663             3.1665076856273196e-43
27.02702702702703             1.3224369657746136e-43
27.427427427427432            5.499967054853543e-44
27.827827827827832            2.2779061916320446e-44
28.228228228228232            9.395116885746429e-45
28.628628628628633            3.8588607933810624e-45
29.029029029029033            1.578361847408725e-45
29.429429429429433            6.429016525946305e-46
29.829829829829833            2.6077921985110532e-46
30.230230230230234            1.0533964745151046e-46
30.630630630630634            4.237416426902595e-47
31.031031031031034            1.6974649100111834e-47
31.431431431431434            6.771592366007928e-48
31.831831831831835            2.6901166847518635e-48
32.232232232232235            1.0642452185754375e-48
32.632632632632635            4.192784526059283e-49
33.033033033033036            1.6449533852503337e-49
33.433433433433436            6.426800681839941e-50
33.833833833833836            2.5004963215244896e-50
34.234234234234236            9.688303414151203e-51
34.63463463463464             3.738172469990173e-51
35.03503503503504             1.4363523848285344e-51
35.43543543543544             5.4960755802600755e-52
35.83583583583584             2.0942783085853973e-52
36.23623623623624             7.947052181318872e-53
36.63663663663664             3.003085362390223e-53
37.03703703703704             1.130106057308835e-53
37.43743743743744             4.23507018759407e-54
37.83783783783784             1.5804904531519428e-54
38.23823823823824             5.873716319878962e-55
38.63863863863864             2.1738213834219405e-55
39.03903903903904             8.011696975318198e-56
39.43943943943947             2.940457551188298e-56
39.83983983983987             1.0747192483375368e-56
40.24024024024027             3.911693566954934e-57
40.64064064064067             1.4178303955115925e-57
41.04104104104107             5.1176828671976456e-58
41.44144144144147             1.8395519668548887e-58
41.84184184184187             6.584765733798738e-59
42.24224224224227             2.3472435055919065e-59
42.64264264264267             8.332311293970324e-60
43.04304304304307             2.9455223620185427e-60
43.44344344344347             1.0369280725060458e-60
43.84384384384387             3.635167146612529e-61
44.24424424424427             1.2690816246658607e-61
44.64464464464467             4.412087534231909e-62
45.04504504504507             1.5275240328709136e-62
45.44544544544547             5.266490750319676e-63
45.84584584584587             1.8081893909103907e-63
46.24624624624627             6.182381488435827e-64
46.64664664664667             2.1050235101114305e-64
47.04704704704707             7.137520097560417e-65
47.44744744744747             2.4100550128115254e-65
47.84784784784787             8.103931515163301e-66
48.248248248248274            2.713649412111032e-66
48.648648648648674            9.049005690554545e-67
49.049049049049074            3.004949008036594e-67
49.449449449449475            9.937163861052863e-68
49.849849849849875            3.272479025398934e-68
50.250250250250275            1.0731992110798738e-68
50.650650650650675            3.504877533182829e-69
51.051051051051076            1.1398674632795276e-69
51.451451451451476            3.691686820818894e-70
51.851851851851876            1.1906505224685739e-70
52.252252252252276            3.8241304805083284e-71
52.65265265265268             1.2231226673327435e-71
53.05305305305308             3.8957961385825044e-72
53.45345345345348             1.2356950429599502e-72
53.85385385385388             3.903149968133798e-73
54.25425425425428             1.2277445147821333e-73
54.65465465465468             3.845825511994905e-74
55.05505505505508             1.1996648598034596e-74
55.45545545545548             3.7266539492421086e-75
55.85585585585588             1.1528344398599232e-75
56.25625625625628             3.551432324909781e-76
56.65665665665665             1.0895040519399785e-76
57.05705705705708             3.3284561608177675e-77
57.45745745745745             1.012617660816995e-77
57.85785785785788             3.0678689131624355e-78
58.25825825825825             9.255858889364807e-79
58.65865865865868             2.780899259844915e-79
59.05905905905905             8.320364912996515e-80
59.45945945945948             2.4790658212305702e-80
59.85985985985985             7.35567087811354e-81
60.26026026026028             2.173426951961024e-81
60.66066066066065             6.395232190835076e-82
61.06106106106108             1.873941703149582e-82
61.461461461461454            5.4681989529635004e-83
61.86186186186188             1.5889893708207301e-83
62.262262262262254            4.598181523619235e-84
62.66266266266268             1.325072524760747e-84
63.063063063063055            3.802608241114273e-85
63.46346346346348             1.0867055931898821e-85
63.863863863863855            3.092648647793219e-86
64.26426426426428             8.764711185827013e-87
64.66466466466466             2.473619893989162e-87
65.06506506506508             6.952109942067988e-88
65.46546546546546             1.9457569577138868e-88
65.86586586586589             5.423115197381687e-89
66.26626626626626             1.5052108068771636e-89
66.66666666666669             4.16039024353645e-90
67.06706706706706             1.145141193936564e-90
67.46746746746749             3.1388619595515734e-91
67.86786786786786             8.567884238356462e-92
68.26826826826829             2.3289659625350762e-92
68.66866866866866             6.304357822845625e-93
69.06906906906909             1.6994434372206742e-93
69.46946946946946             4.562056971657704e-94
69.86986986986989             1.21955898260974e-94
70.27027027027026             3.246631615282604e-95
70.67067067067069             8.606990061649843e-96
71.07107107107106             2.272258089584911e-96
71.47147147147149             5.973819120817752e-97
71.87187187187186             1.563991965245221e-97
72.27227227227229             4.077603472188913e-98
72.67267267267266             1.0586769858826446e-98
73.07307307307309             2.7372215377281695e-99
73.47347347347352             7.047651247393636e-100
73.87387387387389             1.8070360922710673e-100
74.27427427427432             4.613995858121192e-101
74.67467467467469             1.1732093382153805e-101
75.07507507507512             2.9707201723085147e-102
75.47547547547549             7.490932589907562e-103
75.87587587587592             1.8810395560855073e-103
76.27627627627629             4.703789192722023e-104
76.67667667667672             1.1713471904732711e-104
77.07707707707709             2.9047668908302037e-105
77.47747747747752             7.173395455274825e-106
77.87787787787789             1.7641117381874049e-106
78.27827827827832             4.320313099973954e-107
78.6786786786787              1.0536397755044997e-107
79.07907907907912             2.558921023598824e-108
79.4794794794795              6.188841853051627e-109
79.87987987987992             1.4905606522538234e-109
80.2802802802803              3.575013387093528e-110
80.68068068068072             8.538732971604448e-111
81.0810810810811              2.0309391890182717e-111
81.48148148148152             4.8104767836060355e-112
81.8818818818819              1.1346633564618284e-112
82.28228228228232             2.665223464033706e-113
82.6826826826827              6.234303001635007e-114
83.08308308308312             1.4522114357556457e-114
83.4834834834835              3.3686776490080047e-115
83.88388388388393             7.78173975614474e-116
84.2842842842843              1.7901176878996083e-116
84.68468468468473             4.100851917795317e-117
85.0850850850851              9.355224234601736e-118
85.48548548548553             2.1253081900713597e-118
85.8858858858859              4.808141266000532e-119
86.28628628628633             1.0832285556379946e-119
86.6866866866867              2.4302477434678223e-120
87.08708708708713             5.4296089664876505e-121
87.4874874874875              1.2080199430513985e-121
87.88788788788793             2.6764996446670527e-122
88.2882882882883              5.905379348561501e-123
88.68868868868873             1.2975255738951654e-123
89.0890890890891              2.839040292696465e-124
89.48948948948953             6.186067865582045e-125
89.8898898898899              1.3422867040189835e-125
90.29029029029033             2.9004365587454156e-126
90.6906906906907              6.241211745561402e-127
91.09109109109113             1.33740184563301e-127
91.4914914914915              2.8539237397485324e-128
91.89189189189193             6.06471288185191e-129
92.2922922922923              1.28341039309749e-129
92.69269269269273             2.7046325779608353e-130
93.0930930930931              5.675947958244881e-131
93.49349349349353             1.1861945720683728e-131
93.8938938938939              2.468657545940217e-132
94.29429429429433             5.116266330523634e-133
94.6946946946947              1.0559243613978278e-133
95.09509509509513             2.170200388637087e-134
95.4954954954955              4.441751081601183e-135
95.89589589589593             9.053071293222575e-136
96.2962962962963              1.8374900638146625e-136
96.69669669669673             3.7139955987408285e-137
97.0970970970971              7.475583352240033e-138
97.49749749749753             1.498428764164788e-138
97.8978978978979              2.990986243276291e-139
98.29829829829833             5.9453855433085405e-140
98.6986986986987              1.1768819843287903e-140
99.09909909909913             2.3199203970615766e-141
99.4994994994995              4.5540785836820445e-142
99.89989989989994             8.902566327830776e-143
100.30030030030031            1.733074245034481e-143
100.70070070070074            3.359745364555497e-144
101.10110110110111            6.486087385866034e-145
101.50150150150154            1.2469425850360152e-145
101.90190190190191            2.387246911988192e-146
102.30230230230234            4.551299733256864e-147
102.70270270270271            8.640935068912417e-148
103.10310310310314            1.633703521099375e-148
103.50350350350351            3.0759051582570177e-149
103.90390390390394            5.767131051925262e-150
104.30430430430431            1.076797101562808e-150
104.70470470470474            2.0021430582257213e-151
105.10510510510511            3.707178491908869e-152
105.50550550550554            6.83563782287358e-153
105.90590590590591            1.2551676597644905e-153
106.30630630630634            2.2951526729222002e-154
106.70670670670671            4.179348191699485e-155
107.10710710710714            7.578664095002534e-156
107.50750750750751            1.3685601325481957e-156
107.90790790790794            2.4610601369716213e-157
108.30830830830831            4.407249900160893e-158
108.70870870870874            7.859596123588815e-159
109.10910910910911            1.395789346132525e-159
109.50950950950954            2.4684629786416624e-160
109.90990990990991            4.347308303633585e-161
110.31031031031034            7.624323944193506e-162
110.71071071071071            1.331586278243022e-162
111.11111111111114            2.3159242316667567e-163
111.51151151151151            4.0111272626200776e-164
111.91191191191194            6.918239433515812e-165
112.31231231231232            1.188260833480001e-165
112.71271271271274            2.032427288927223e-166
113.11311311311312            3.461826415450081e-167
113.51351351351354            5.871953216868168e-168
113.91391391391392            9.91852082860385e-169
114.31431431431434            1.6683925826670837e-169
114.71471471471472            2.794709063285898e-170
115.11511511511515            4.661889367740726e-171
115.51551551551552            7.744160115885436e-172
115.91591591591595            1.281072416233497e-172
116.31631631631632            2.110376911463842e-173
116.71671671671675            3.4620501801815954e-174
117.11711711711712            5.65579512903376e-175
117.51751751751755            9.20112551325232e-176
117.91791791791792            1.4906483699958338e-176
118.31831831831835            2.4048967088109146e-177
118.71871871871872            3.8637107414708484e-178
119.11911911911915            6.181583447854541e-179
119.51951951951952            9.848765934366166e-180
119.91991991991995            1.562610865043512e-180
120.32032032032032            2.4689187738216147e-181
120.72072072072075            3.8846303460905654e-182
121.12112112112112            6.086666744210723e-183
121.52152152152155            9.49721509062751e-184
121.92192192192192            1.475706341108517e-184
122.32232232232235            2.2834448551629697e-185
122.72272272272272            3.518584803731394e-186
123.12312312312315            5.399237396652263e-187
123.52352352352352            8.250565659190689e-188
123.92392392392395            1.2555150502087759e-188
124.32432432432432            1.902597902051672e-189
124.72472472472475            2.8711705564547797e-190
125.12512512512512            4.3147720144964426e-191
125.52552552552555            6.4571904206347226e-192
125.92592592592592            9.623126816537486e-193
126.32632632632635            1.4281561515013383e-193
126.72672672672672            2.1106783082815098e-194
127.12712712712715            3.1063848606079805e-195
127.52752752752752            4.552766038505423e-196
127.92792792792795            6.644805280002039e-197
128.32832832832833            9.657751677769745e-198
128.72872872872875            1.3978373996020527e-198
129.12912912912913            2.0147637077437354e-199
129.52952952952955            2.8918676987589724e-200
129.92992992992993            4.1335153567105994e-201
130.33033033033036            5.883659356407474e-202
130.73073073073073            8.339928206941813e-203
131.13113113113116            1.1772370616240205e-203
131.53153153153153            1.6548260875937697e-204
131.93193193193196            2.3164749408186714e-205
132.33233233233233            3.2291607533874363e-206
132.73273273273276            4.4826882036119076e-207
133.13313313313313            6.19689593588893e-208
133.53353353353356            8.530935816613913e-209
133.93393393393393            1.1695153945248248e-209
134.33433433433436            1.5966216160388744e-210
134.73473473473473            2.170625279502225e-211
135.13513513513516            2.9386948712149815e-212
135.53553553553553            3.961967572254546e-213
135.93593593593596            5.319295511216332e-214
136.33633633633633            7.111874691420074e-215
136.73673673673676            9.468928713076814e-216
137.13713713713713            1.2554643004654645e-216
137.53753753753756            1.6576569374025274e-217
137.93793793793793            2.179574441529942e-218
138.33833833833836            2.8538787511111053e-219
138.73873873873873            3.721226339690413e-220
139.13913913913916            4.831960871603336e-221
139.53953953953953            6.248092956426686e-222
139.93993993993996            8.045597522962112e-223
140.34034034034033            1.0317057939665195e-223
140.74074074074076            1.317468309503131e-224
141.14114114114113            1.6753718894913074e-225
141.54154154154156            2.1216268702340786e-226
141.941941941942              2.6755527816287487e-227
142.34234234234236            3.360042486086807e-228
142.7427427427428             4.202064768865529e-229
143.14314314314316            5.23320129185798e-230
143.5435435435436             6.490211646111553e-231
143.94394394394396            8.015617740138916e-232
144.3443443443444             9.858295964481208e-233
144.74474474474476            1.2074062521658823e-233
145.1451451451452             1.472623406940034e-234
145.54554554554556            1.7886142484681542e-235
145.945945945946              2.1633579231173062e-236
146.34634634634637            2.6057141645614594e-237
146.7467467467468             3.125445061412767e-238
147.14714714714717            3.7332206775507093e-239
147.5475475475476             4.440605076843171e-240
147.94794794794797            5.2600192347543055e-241
148.3483483483484             6.204677364420838e-242
148.74874874874877            7.288493364790545e-243
149.1491491491492             8.525954431726913e-244
149.54954954954957            9.931959374821185e-245
149.94994994995               1.1521619862779459e-245
150.35035035035037            1.331002368316084e-246
150.7507507507508             1.5311960143828098e-247
151.15115115115117            1.7541608951878218e-248
151.5515515515516             2.0012195259213785e-249
151.95195195195197            2.273561503075854e-250
152.3523523523524             2.572203642996399e-251
152.75275275275277            2.8979484475817954e-252
153.1531531531532             3.251341774671176e-253
153.55355355355357            3.632630732331655e-254
153.953953953954              4.0417229404582757e-255
154.35435435435437            4.478148402738029e-256
154.7547547547548             4.941025299884738e-257
155.15515515515517            5.429031045053238e-258
155.5555555555556             5.940379928427776e-259
155.95595595595597            6.472808616505674e-260
156.3563563563564             7.023570659281046e-261
156.75675675675677            7.589440995371346e-262
157.1571571571572             8.16673123186291e-263
157.55755755755757            8.75131621679684e-264
157.957957957958              9.338672123053912e-265
158.35835835835837            9.92392593211136e-266
158.7587587587588             1.0501915854134456e-266
159.15915915915917            1.1067261860237222e-267
159.5595595595596             1.1614445145616169e-268
159.95995995995997            1.2137895003971718e-269
160.3603603603604             1.2632081286817028e-270
160.76076076076077            1.3091610361077683e-271
161.1611611611612             1.351132227552731e-272
161.56156156156158            1.3886386713129182e-273
161.961961961962              1.4212395248806432e-274
162.36236236236238            1.448544745709657e-275
162.7627627627628             1.4702228521975789e-276
163.16316316316318            1.4860076191788585e-277
163.5635635635636             1.495703518896492e-278
163.96396396396398            1.4991897520189112e-279
164.3643643643644             1.4964227525150704e-280
164.76476476476478            1.4874370937723503e-281
165.1651651651652             1.472344769609997e-282
165.56556556556558            1.451332871091095e-283
165.965965965966              1.4246597265086922e-284
166.36636636636638            1.3926496158872283e-285
166.7667667667668             1.3556862111663014e-286
167.16716716716718            1.3142049275500223e-287
167.5675675675676             1.2686843990236977e-288
167.96796796796798            1.2196373110298563e-289
168.3683683683684             1.1676008350362606e-290
168.76876876876878            1.1131269131874831e-291
169.1691691691692             1.0567726364139586e-292
169.56956956956958            9.990909468469144e-294
169.96996996997               9.40621875883236e-295
170.37037037037038            8.818845037940884e-296
170.7707707707708             8.233697965922818e-297
171.17117117117118            7.655344423063849e-298
171.5715715715716             7.087957732612347e-299
171.97197197197198            6.53527824861035e-300
172.3723723723724             6.000585460045606e-301
172.77277277277278            5.486681429301217e-302
173.1731731731732             4.9958850795600446e-303
173.57357357357358            4.5300365820182e-304
173.973973973974              4.090510874917316e-305
174.37437437437438            3.6782391773759435e-306
174.7747747747748             3.2937372427672305e-307
175.17517517517518            2.937139029164848e-308
175.5755755755756             2.60823444513994e-309
175.97597597597598            2.3065098544165e-310
176.3763763763764             2.031190086656e-311
176.77677677677679            1.78128079803e-312
177.1771771771772             1.5556101469e-313
177.57757757757759            1.3528688897e-314
177.97797797797801            1.171648157e-315
178.3783783783784             1.0104743e-316
178.77877877877881            8.678406e-318
179.1791791791792             7.42235e-319
179.57957957957962            6.322e-320
179.97997997998               5.36e-321 
180.38038038038042            4.5e-322  
180.7807807807808             4e-323    
181.18118118118122            5e-324    
181.5815815815816             0.0       
181.98198198198202            0.0       
182.3823823823824             0.0       
182.78278278278282            0.0       
183.1831831831832             0.0       
183.58358358358362            0.0       
183.983983983984              0.0       
184.38438438438442            0.0       
184.7847847847848             0.0       
185.18518518518522            0.0       
185.5855855855856             0.0       
185.98598598598602            0.0       
186.3863863863864             0.0       
186.78678678678682            0.0       
187.1871871871872             0.0       
187.58758758758762            0.0       
187.987987987988              0.0       
188.38838838838842            0.0       
188.7887887887888             0.0       
189.18918918918922            0.0       
189.5895895895896             0.0       
189.98998998999002            0.0       
190.3903903903904             0.0       
190.79079079079082            0.0       
191.1911911911912             0.0       
191.59159159159162            0.0       
191.991991991992              0.0       
192.39239239239242            0.0       
192.7927927927928             0.0       
193.19319319319322            0.0       
193.5935935935936             0.0       
193.99399399399402            0.0       
194.3943943943944             0.0       
194.79479479479483            0.0       
195.1951951951952             0.0       
195.59559559559563            0.0       
195.995995995996              0.0       
196.39639639639643            0.0       
196.7967967967968             0.0       
197.19719719719723            0.0       
197.5975975975976             0.0       
197.99799799799803            0.0       
198.3983983983984             0.0       
198.79879879879883            0.0       
199.1991991991992             0.0       
199.59959959959963            0.0       
200.0                         0.0       
