-200.0                        4.065406305138554e-55
-199.5995995995996            1.0408553187628067e-54
-199.1991991991992            2.654721560545769e-54
-198.7987987987988            6.74512170136465e-54
-198.3983983983984            1.7072723421339374e-53
-197.997997997998             4.304849981055874e-53
-197.5975975975976            1.0813229979300936e-52
-197.1971971971972            2.7057960597112968e-52
-196.7967967967968            6.744921227575664e-52
-196.3963963963964            1.6749463694724027e-51
-195.995995995996             4.143497979590697e-51
-195.5955955955956            1.0211171228264259e-50
-195.1951951951952            2.5068375305464203e-50
-194.7947947947948            6.130826402348347e-50
-194.3943943943944            1.4936679138499955e-49
-193.993993993994             3.625194282930706e-49
-193.5935935935936            8.764975829765248e-49
-193.1931931931932            2.1111172822349397e-48
-192.7927927927928            5.0654286339665644e-48
-192.3923923923924            1.2107716481929629e-47
-191.991991991992             2.883038795070201e-47
-191.5915915915916            6.83881620059808e-47
-191.1911911911912            1.6160454806354689e-46
-190.7907907907908            3.804244558047422e-46
-190.3903903903904            8.921245256233962e-46
-189.98998998999              2.084129646543138e-45
-189.5895895895896            4.850273023088093e-45
-189.1891891891892            1.1244750974888838e-44
-188.7887887887888            2.597022426838108e-44
-188.3883883883884            5.975080487524019e-44
-187.987987987988             1.36947472533302e-43
-187.5875875875876            3.1268459457600194e-43
-187.1871871871872            7.112153969948446e-43
-186.7867867867868            1.6115285986815817e-42
-186.3863863863864            3.6376179633265955e-42
-185.985985985986             8.17971847157e-42
-185.5855855855856            1.8323221383759565e-41
-185.1851851851852            4.088909543662433e-41
-184.7847847847848            9.089822004992473e-41
-184.3843843843844            2.0130077960378254e-40
-183.983983983984             4.440968947143581e-40
-183.5835835835836            9.760053939807703e-40
-183.1831831831832            2.1368247290188458e-39
-182.7827827827828            4.6604492817294123e-39
-182.3823823823824            1.0125788987682526e-38
-181.981981981982             2.191654852828574e-38
-181.5815815815816            4.72560755136424e-38
-181.1811811811812            1.0150451116733786e-37
-180.7807807807808            2.1719770801553908e-37
-180.3803803803804            4.62985440350062e-37
-179.97997997998              9.831541832232548e-37
-179.5795795795796            2.079783511655957e-36
-179.1791791791792            4.3828522661608376e-36
-178.7787787787788            9.201057294356503e-36
-178.3783783783784            1.924247096089423e-35
-177.977977977978             4.0089085228637537e-35
-177.57757757757759           8.320197871410463e-35
-177.17717717717719           1.7202175140220682e-34
-176.77677677677679           3.5430336496509376e-34
-176.37637637637638           7.269581181858207e-34
-175.97597597597598           1.4858867377161114e-33
-175.57557557557558           3.025549229341464e-33
-175.17517517517518           6.1371246326476975e-33
-174.77477477477478           1.240131857135131e-32
-174.37437437437438           2.496393176397602e-32
-173.97397397397398           5.006109114962763e-32
-173.57357357357358           1.0000687064632378e-31
-173.17317317317318           1.9902221987551534e-31
-172.77277277277278           3.945622177587608e-31
-172.37237237237238           7.7924069999800065e-31
-171.97197197197198           1.5330981564526777e-30
-171.57157157157158           3.0047648956694074e-30
-171.17117117117118           5.8666912644140975e-30
-170.77077077077078           1.1410854638964205e-29
-170.37037037037038           2.2109825440758107e-29
-169.96996996996995           4.2677076010288883e-29
-169.56956956956958           8.206277537644211e-29
-169.16916916916915           1.5719544120215724e-28
-168.76876876876878           2.999686682408466e-28
-168.36836836836835           5.702352294813369e-28
-167.96796796796798           1.0798772611429535e-27
-167.56756756756755           2.0372153966214706e-27
-167.16716716716718           3.828615074538229e-27
-166.76676676676675           7.167845933331273e-27
-166.36636636636638           1.3368350411329642e-26
-165.96596596596595           2.4837574418881049e-26
-165.56556556556558           4.597087221185173e-26
-165.16516516516515           8.476147545998592e-26
-164.76476476476478           1.556884783307711e-25
-164.36436436436435           2.8487651102178963e-25
-163.96396396396398           5.192769094251062e-25
-163.56356356356355           9.429389656796954e-25
-163.16316316316318           1.7057302676211526e-24
-162.76276276276275           3.073826362183278e-24
-162.36236236236238           5.5181119581972305e-24
-161.96196196196195           9.868335051787674e-24
-161.56156156156158           1.7580833733782252e-23
-161.16116116116115           3.1201627585231804e-23
-160.76076076076077           5.516418838533533e-23
-160.36036036036035           9.715819070505268e-23
-159.95995995995997           1.7046836913948589e-22
-159.55955955955955           2.9795480650011624e-22
-159.15915915915917           5.187990676107273e-22
-158.75875875875874           8.998915626193331e-22
-158.35835835835837           1.5549748696932835e-21
-157.95795795795794           2.6766942826364308e-21
-157.55755755755757           4.590038937343291e-21
-157.15715715715714           7.841085146101681e-21
-156.75675675675674           1.3343758454394207e-20
-156.35635635635634           2.262155087219731e-20
-155.95595595595594           3.82039951498314e-20
-155.55555555555554           6.427430490398157e-20
-155.15515515515514           1.0772294001931156e-19
-154.75475475475474           1.798544587550007e-19
-154.35435435435434           2.991413309738004e-19
-153.95395395395394           4.956485456927352e-19
-153.55355355355354           8.18113299279422e-19
-153.15315315315314           1.3452260564456931e-18
-152.75275275275274           2.203531639948515e-18
-152.35235235235234           3.595717076503349e-18
-151.95195195195194           5.845126790969203e-18
-151.55155155155154           9.465521833837027e-18
-151.15115115115114           1.526994204632248e-17
-150.75075075075074           2.453987904443161e-17
-150.35035035035034           3.9287070715916457e-17
-149.94994994994994           6.265692555953347e-17
-149.54954954954954           9.954758200948108e-17
-149.14914914914914           1.575558567954932e-16
-148.74874874874874           2.4841658645466654e-16
-148.34834834834834           3.9018343662230136e-16
-147.94794794794794           6.105191222242001e-16
-147.54754754754754           9.516383044607315e-16
-147.14714714714714           1.4777016550134594e-15
-146.74674674674674           2.285829360393181e-15
-146.34634634634634           3.5224355495668938e-15
-145.94594594594594           5.407350313360965e-15
-145.54554554554554           8.26928877772043e-15
-145.14514514514514           1.2597779793178013e-14
-144.74474474474474           1.911886333015999e-14
-144.34434434434434           2.89049569227862e-14
-143.94394394394394           4.3533620404690684e-14
-143.54354354354354           6.531598001258821e-14
-143.14314314314313           9.762393534998839e-14
-142.74274274274273           1.4535680741333658e-13
-142.34234234234233           2.1560391490519726e-13
-141.94194194194193           3.1858117597279294e-13
-141.54154154154153           4.689491806862517e-13
-141.14114114114113           6.876598269469068e-13
-140.74074074074073           1.0045318880131073e-12
-140.34034034034033           1.461827081954431e-12
-139.93993993993993           2.1191928547984622e-12
-139.53953953953953           3.060463190278054e-12
-139.13913913913913           4.40297319570119e-12
-138.73873873873873           6.310258123291819e-12
-138.33833833833833           9.009286737247431e-12
-137.93793793793793           1.2813739656544192e-11
-137.53753753753753           1.8155306467728427e-11
-137.13713713713713           2.562556647032232e-11
-136.73673673673673           3.603176750277869e-11
-136.33633633633633           5.047076184049032e-11
-135.93593593593593           7.042654057434041e-11
-135.53553553553553           9.789827812168712e-11
-135.13513513513513           1.3556761399829338e-10
-134.73473473473473           1.870161247317655e-10
-134.33433433433433           2.57006647344894e-10
-133.93393393393393           3.518453865545549e-10
-133.53353353353353           4.798456557062323e-10
-133.13313313313313           6.519187550740801e-10
-132.73273273273273           8.823229696810882e-10
-132.33233233233233           1.1896080578591586e-09
-131.93193193193193           1.5977999779394006e-09
-131.53153153153153           2.1378790241894645e-09
-131.13113113113113           2.849614049987995e-09
-130.73073073073073           3.783826046432538e-09
-130.33033033033033           5.005165970508796e-09
-129.92992992992993           6.595504269072079e-09
-129.52952952952953           8.658042836028018e-09
-129.12912912912913           1.132227388853749e-08
-128.72872872872873           1.4749924060045905e-08
-128.32832832832833           1.914203536025473e-08
-127.92792792792793           2.474734687606285e-08
-127.52752752752752           3.187215135502113e-08
-127.12712712712712           4.0891808127177965e-08
-126.72672672672672           5.2264097012989116e-08
-126.32632632632632           6.654459559648701e-08
-125.92592592592592           8.44042530219617e-08
-125.52552552552552           1.0664931567872449e-07
-125.12512512512512           1.342437320638555e-07
-124.72472472472472           1.6833412401721052e-07
-124.32432432432432           2.102773577082166e-07
-123.92392392392392           2.616706786545469e-07
-123.52352352352352           3.243842893450016e-07
-123.12312312312312           4.005961447654944e-07
-122.72272272272272           4.928286198357501e-07
-122.32232232232232           6.039865636553049e-07
-121.92192192192192           7.373960995350818e-07
-121.52152152152152           8.968433590093826e-07
-121.12112112112112           1.086612155422654e-06
-120.72072072072072           1.3115194125002432e-06
-120.32032032032032           1.5769469710476262e-06
-119.91991991991992           1.8888682093834641e-06
-119.51951951951952           2.2538677383696873e-06
-119.11911911911912           2.679152279197973e-06
-118.71871871871872           3.1725507116528286e-06
-118.31831831831832           3.742501203342936e-06
-117.91791791791792           4.398023307685691e-06
-117.51751751751752           5.148672961468495e-06
-117.11711711711712           6.004478432214598e-06
-116.71671671671672           6.975855470761096e-06
-116.31631631631632           8.073500222975575e-06
-115.91591591591592           9.308258851435962e-06
-115.51551551551552           1.0690973315041783e-05
-115.11511511511512           1.2232303349970474e-05
-114.71471471471472           1.394252538287768e-05
-114.3143143143143            1.583130987575533e-05
-113.9139139139139            1.7907479435419563e-05
-113.5135135135135            2.0178750898222225e-05
-113.1131131131131            2.2651465496451315e-05
-112.7127127127127            2.5330312096908036e-05
-112.3123123123123            2.8218049340605833e-05
-111.9119119119119            3.13152332691632e-05
-111.5115115115115            3.461995766072469e-05
-111.1111111111111            3.812761477881162e-05
-110.7107107107107            4.183068452596001e-05
-110.3103103103103            4.5718560058598014e-05
-109.9099099099099            4.9777417734115414e-05
-109.5095095095095            5.399013880644124e-05
-109.1091091091091            5.833628955249873e-05
-108.7087087087087            6.279216549856978e-05
-108.3083083083083            6.733090413391679e-05
-107.9079079079079            7.192266897166836e-05
-107.5075075075075            7.653490607827743e-05
-107.1071071071071            8.113267228829362e-05
-106.7067067067067            8.567903230622767e-05
-106.3063063063063            9.013551983580406e-05
-105.9059059059059            9.44626558389678e-05
-105.5055055055055            9.862051508633406e-05
-105.1051051051051            0.00010256933039164022
-104.7047047047047            0.00010627012239703482
-104.3043043043043            0.00010968534155977561
-103.9039039039039            0.00011277950814133875
-103.5035035035035            0.00011551983556255555
-103.1031031031031            0.00011787682249444962
-102.7027027027027            0.00011982479951914345
-102.3023023023023            0.00012134241711633529
-101.9019019019019            0.00012241306308840373
-101.5015015015015            0.00012302519929360898
-101.1011011011011            0.00012317260965816838
-100.7007007007007            0.00012285455381568454
-100.3003003003003            0.00012207582329607313
-99.89989989989989            0.00012084669986655693
-99.49949949949949            0.00011918281832007973
-99.09909909909909            0.00011710493861594565
-98.69869869869869            0.00011463863471053353
-98.29829829829829            0.0001118139095859763
-97.89789789789789            0.00010866474781516716
-97.49749749749749            0.00010522861842892908
-97.09709709709709            0.00010154594182791498
-96.69669669669669            9.765953497752718e-05
-96.29629629629629            9.361404912719179e-05
-95.89589589589589            8.945541381286912e-05
-95.49549549549549            8.523029995926734e-05
-95.09509509509509            8.098561353853601e-05
-94.69469469469469            7.676802952315357e-05
-94.29429429429429            7.262357386300835e-05
-93.89389389389389            6.859725900097049e-05
-93.49349349349349            6.473277610498807e-05
-93.09309309309309            6.107224482880987e-05
-92.69269269269269            5.765601910887702e-05
-92.29229229229229            5.452254534961412e-05
-91.89189189189189            5.170826742505719e-05
-91.49149149149149            4.924757130430729e-05
-91.09109109109109            4.7172760853237566e-05
-90.69069069069069            4.551405552347161e-05
-90.29029029029029            4.429960024528968e-05
-89.88988988988989            4.3555477911260823e-05
-89.48948948948949            4.330571537287377e-05
-89.08908908908909            4.35722748572264e-05
-88.68868868868869            4.4375024112298944e-05
-88.28828828828829            4.573168035885803e-05
-87.88788788788789            4.7657725201090864e-05
-87.48748748748748            5.016628994969861e-05
-87.08708708708708            5.3268013251915826e-05
-86.68668668668668            5.697087540509402e-05
-86.28628628628628            6.128001614991601e-05
-85.88588588588588            6.619754498844848e-05
-85.48548548548548            7.172235504356845e-05
-85.08508508508508            7.784995306611684e-05
-84.68468468468468            8.457231930848916e-05
-84.28428428428428            9.187781153414654e-05
-83.88388388388388            9.975112735352793e-05
-83.48348348348348            0.00010817333831968037
-83.08308308308308            0.0001171220077565511
-82.68268268268268            0.00012657140213071986
-82.28228228228228            0.00013649280294341124
-81.88188188188188            0.00014685492267406297
-81.48148148148148            0.00015762442433997674
-81.08108108108108            0.00016876653986841185
-80.68068068068068            0.000180245777854716
-80.28028028028027            0.00019202670657283673
-79.87987987987987            0.00020407479350107404
-79.47947947947947            0.00021635727832643373
-79.07907907907907            0.00022884405259978308
-78.67867867867866            0.000241508516131747
-78.27827827827826            0.0002543283780333099
-77.87787787787786            0.0002672863691809169
-77.47747747747746            0.00028037083295791705
-77.07707707707706            0.0002935761624878462
-76.67667667667666            0.00030690305527929115
-76.27627627627626            0.00032035856024412163
-75.87587587587586            0.00033395589737239746
-75.47547547547546            0.00034771403683291703
-75.07507507507506            0.00036165703174699363
-74.67467467467466            0.00037581310713104754
-74.27427427427426            0.0003902135162512455
-73.87387387387386            0.0004048911845734541
-73.47347347347346            0.00041987917029021586
-73.07307307307306            0.0004352089787151786
-72.67267267267266            0.00045090877530630676
-72.27227227227226            0.00046700154837863946
-71.87187187187186            0.0004835032773913312
-71.47147147147146            0.0005004211657819309
-71.07107107107106            0.0005177519984698554
-70.67067067067066            0.0005354806832253882
-70.27027027027026            0.0005535790320414699
-69.86986986986986            0.0005720048334764842
-69.46946946946946            0.0005907012597653325
-69.06906906906906            0.0006095966435144892
-68.66866866866866            0.000628604648274049
-68.26826826826826            0.0006476248455550247
-67.86786786786786            0.000666543698330135
-67.46746746746746            0.0006852359381607031
-67.06706706706706            0.0007035663102965881
-66.66666666666666            0.0007213916488729088
-66.26626626626626            0.0007385632331372371
-65.86586586586586            0.0007549293659127782
-65.46546546546546            0.0007703381076159116
-65.06506506506506            0.0007846400934130888
-64.66466466466466            0.000797691357754888
-64.26426426426426            0.0008093560897058079
-63.863863863863855           0.000819509244241282
-63.463463463463455           0.0008280389389524892
-63.063063063063055           0.0008348485722307325
-62.662662662662655           0.0008398586077499939
-62.262262262262254           0.0008430079806004503
-61.861861861861854           0.0008442550923506348
-61.461461461461454           0.00084357837518338
-61.061061061061054           0.0008409764185801392
-60.66066066066065            0.000836467665326819
-60.26026026026025            0.0008300896963975074
-59.85985985985985            0.0008218981360846025
-59.45945945945945            0.0008119652191761694
-59.05905905905905            0.0008003780706886389
-58.65865865865865            0.000787236755376544
-58.25825825825825            0.0007726521587782838
-57.85785785785785            0.0007567437638269098
-57.45745745745745            0.0007396373870594446
-57.05705705705705            0.0007214629362890096
-56.65665665665665            0.0007023522474358391
-56.25625625625625            0.000682437052293543
-55.85585585585585            0.0006618471216427273
-55.45545545545545            0.0006407086196660169
-55.05505505505505            0.0006191426964446967
-54.65465465465465            0.0005972643358150679
-54.25425425425425            0.0005751814664124683
-53.85385385385385            0.0005529943346894168
-53.45345345345345            0.0005307951303807993
-53.05305305305305            0.0005086678475731668
-52.65265265265265            0.00048668835842890004
-52.25225225225225            0.0004649246718667615
-51.85185185185185            0.00044343734618961054
-51.45145145145145            0.0004222800227932073
-51.05105105105105            0.00040150004764048065
-50.65065065065065            0.0003811391480410221
-50.25025025025025            0.00036123413428601063
-49.849849849849846           0.0003418175986672239
-49.449449449449446           0.00032291858814191733
-49.049049049049046           0.00030456323116507573
-48.648648648648646           0.00028677530376550864
-48.248248248248245           0.00026957672456832986
-47.847847847847845           0.000252987972956265
-47.447447447447445           0.00023702842873343742
-47.047047047047045           0.0002217166353562654
-46.646646646646644           0.00020707049191056223
-46.246246246246244           0.00019310738146303513
-45.845845845845844           0.0001798442451581081
-45.44544544544544            0.00016729761246268501
-45.04504504504504            0.0001554835983107324
-44.64464464464464            0.0001444178776240528
-44.24424424424424            0.00013411564686664843
-43.84384384384384            0.00012459158102681432
-43.44344344344344            0.00011585979282428382
-43.04304304304304            0.00010793379912557211
-42.64264264264264            0.0001008264976348607
-42.24224224224224            9.455015502037771e-05
-41.84184184184184            8.911640583702271e-05
-41.44144144144144            8.4536260000779e-05
-41.04104104104104            8.082011522855168e-05
-40.64064064064064            7.797776982945898e-05
-40.24024024024024            7.60184305524071e-05
-39.83983983983984            7.495070987342504e-05
-39.43943943943944            7.478260714056339e-05
-39.03903903903904            7.552146836415903e-05
-38.63863863863864            7.717392011240409e-05
-38.23823823823824            7.974577390203155e-05
-37.83783783783784            8.324189860924459e-05
-37.43743743743744            8.766605970949588e-05
-37.03703703703704            9.302072552710423e-05
-36.63663663663664            9.930684207837598e-05
-36.23623623623624            0.00010652357946941556
-35.83583583583584            0.0001146680541118046
-35.43543543543544            0.0001237350322022096
-35.03503503503504            0.00013371662093995893
-34.63463463463464            0.00014460195480244588
-34.234234234234236           0.00015637688484323428
-33.833833833833836           0.0001690236794117958
-33.433433433433436           0.0001825207449145287
-33.033033033033036           0.00019684237524868303
-32.632632632632635           0.0002119585383544721
-32.232232232232235           0.00022783470796102214
-31.831831831831835           0.0002444317480672838
-31.431431431431434           0.000261705857020151
-31.031031031031034           0.00027960857725030255
-30.630630630630634           0.0002980868758233687
-30.230230230230234           0.00031708329998088606
-29.829829829829833           0.00033653621080194775
-29.429429429429433           0.00035638009703092805
-29.029029029029005           0.0003765459700060305
-28.628628628628604           0.00039696183950327146
-28.228228228228204           0.00041755326919531516
-27.827827827827804           0.00043824400932786694
-27.427427427427403           0.0004589567031513162
-27.027027027027003           0.00047961366262478473
-26.626626626626603           0.0005001377079463253
-26.226226226226203           0.0005204530645692724
-25.825825825825802           0.0005404863105526785
-25.425425425425402           0.0005601673663744754
-25.025025025025002           0.0005794305187192786
-24.6246246246246             0.0005982154692459139
-24.2242242242242             0.0006164683989473136
-23.8238238238238             0.0006341430384380387
-23.4234234234234             0.000651201734338366
-23.023023023023              0.0006676165018599747
-22.6226226226226             0.0006833700537226666
-22.2222222222222             0.0006984567956255798
-21.8218218218218             0.0007128837786366211
-21.4214214214214             0.0007266715990242058
-21.021021021021              0.0007398552362075518
-20.6206206206206             0.0007524848196181719
-20.2202202202202             0.0007646263153200506
-19.8198198198198             0.0007763621232092184
-19.4194194194194             0.000787791575491387
-19.019019019018998           0.0007990313269155397
-18.618618618618598           0.0008102156269296725
-18.218218218218198           0.0008214964635431888
-17.817817817817797           0.0008330435682633307
-17.417417417417397           0.0008450442710691984
-17.017017017016997           0.0008577031940574936
-16.616616616616597           0.0008712417722119178
-16.216216216216196           0.0008858975897937798
-15.815815815815796           0.0009019235212106081
-15.415415415415396           0.0009195866659785129
-15.015015015014995           0.0009391670686343637
-14.614614614614595           0.0009609562162482049
-14.214214214214195           0.0009852553085920905
-13.813813813813795           0.0010123732990773345
-13.413413413413394           0.0010426247082922075
-13.013013013012994           0.001076327216343368
-12.612612612612594           0.0011137990451834064
-12.212212212212194           0.0011553561476190756
-11.811811811811793           0.0012013092256333926
-11.411411411411393           0.001251960606882805
-11.011011011010993           0.0013076010145829497
-10.610610610610593           0.0013685062722844847
-10.210210210210192           0.001434933991056037
-9.809809809809792            0.001507120292114409
-9.409409409409392            0.001585276622746364
-9.009009009008992            0.0016695867272276252
-8.608608608608591            0.001760203837148434
-8.208208208208191            0.0018572481469040793
-7.807807807807791            0.0019608046399320106
-7.407407407407391            0.002070921329434851
-7.00700700700699             0.0021876079737219206
-6.60660660660659             0.0023108353208750954
-6.20620620620619             0.0024405349301939256
-5.8058058058057895           0.0025765996088472506
-5.405405405405389            0.0027188844914585405
-5.005005005004989            0.002867208778138871
-4.604604604604589            0.0030213581329709637
-4.2042042042041885           0.003181087730407105
-3.8038038038037882           0.0033461259217906223
-3.403403403403388            0.0035161784786044044
-3.0030030030029877           0.0036909333534857498
-2.6026026026025875           0.003870065884945913
-2.202202202202187            0.004053244357531702
-1.801801801801787            0.004240135816304949
-1.4014014014013867           0.00443041202342349
-1.0010010010009864           0.004623755435689551
-0.6006006006005862           0.004819865075554957
-0.20020020020018592          0.005018462164551637
0.20020020020021434           0.005219295387695744
0.6006006006006146            0.005422145660264804
1.0010010010010149            0.005626830274544417
1.4014014014014151            0.005833206313668014
1.8018018018018154            0.006041173232405275
2.2022022022022156            0.006250674520467696
2.602602602602616             0.006461698382266636
3.003003003003016             0.006674277387657416
3.4034034034034164            0.006888487070530101
3.8038038038038167            0.007104443475588868
4.204204204204217             0.007322299677674769
4.604604604604617             0.0075422413218798655
5.005005005005017             0.00776448125581569
5.405405405405418             0.007989253347097087
5.805805805805818             0.008216805598787142
6.206206206206218             0.008447392692688536
6.6066066066066185            0.00868126810451522
7.007007007007019             0.008918675945790794
7.407407407407419             0.009159842694566904
7.807807807807819             0.009404968980623254
8.20820820820822              0.009654221590712718
8.60860860860862              0.009907725855776504
9.00900900900902              0.01016555857510502
9.40940940940942              0.01042774162248282
9.80980980980982              0.010694236366821304
10.21021021021022             0.01096493902508514
10.610610610610621            0.011239677048920938
11.011011011011021            0.011518206628751339
11.411411411411422            0.011800211380639506
11.811811811811822            0.012085302262337843
12.212212212212222            0.012373018745937284
12.612612612612622            0.012662831255676474
13.013013013013023            0.01295414486092812
13.413413413413423            0.013246304196250735
13.813813813813823            0.013538599562710293
14.214214214214223            0.013830274147418449
14.614614614614624            0.014120532281350769
15.015015015015024            0.014408548638939292
15.415415415415424            0.014693478266633564
15.815815815815824            0.014974467311590085
16.216216216216225            0.01525066430593963
16.616616616616625            0.015521231846841024
17.017017017017025            0.015785358497994645
17.417417417417425            0.01604227072480629
17.817817817817826            0.016291244663402527
18.218218218218226            0.016531617513743675
18.618618618618626            0.016762798339765243
19.019019019019026            0.016984278055462973
19.419419419419427            0.017195638375785506
19.819819819819827            0.01739655951575373
20.220220220220227            0.017586826430958585
20.620620620620628            0.017766333407955304
21.021021021021028            0.017935086834374753
21.421421421421428            0.018093206005919342
21.82182182182183             0.01824092186068918
22.22222222222223             0.0183785735701302
22.62262262262263             0.018506602959697655
23.02302302302303             0.018625546780209556
23.42342342342343             0.018736026901717995
23.82382382382383             0.018838738554221034
24.22422422422423             0.01893443679217817
24.62462462462463             0.019023921410948254
25.02502502502503             0.019108020591248828
25.42542542542543             0.019187573590846826
25.82582582582583             0.019263412839297993
26.22622622622623             0.0193363458201657
26.62662662662663             0.019407137144462894
27.02702702702703             0.019476491228041824
27.427427427427432            0.01954503598356028
27.827827827827832            0.019613307924104838
28.228228228228232            0.019681739050524814
28.628628628628633            0.01975064585840547
29.029029029029033            0.01982022075412973
29.429429429429433            0.01989052611376712
29.829829829829833            0.01996149115503065
30.230230230230234            0.02003291172299788
30.630630630630634            0.020104453016672973
31.031031031031034            0.020175655207910634
31.431431431431434            0.02024594182897052
31.831831831831835            0.020314630732287644
32.232232232232235            0.020380947358142613
32.632632632632635            0.020444039984885386
33.033033033033036            0.02050299658410423
33.433433433433436            0.02055686286127849
33.833833833833836            0.02060466103233359
34.234234234234236            0.0206454088691069
34.63463463463464             0.020678138542611177
35.03503503503504             0.02070191480231774
35.43543543543544             0.020715852052233506
35.83583583583584             0.020719129919641543
36.23623623623624             0.02071100695896593
36.63663663663664             0.020690832189880277
37.03703703703704             0.02065805423376271
37.43743743743744             0.020612227883900547
37.83783783783784             0.020553018020242574
38.23823823823824             0.02048020085664382
38.63863863863864             0.020393662585031537
39.03903903903904             0.02029339555435987
39.43943943943947             0.02017949219032301
39.83983983983987             0.020052136922458445
40.24024024024027             0.019911596436626117
40.64064064064067             0.019758208611357474
41.04104104104107             0.019592370525049918
41.44144144144147             0.019414525936669796
41.84184184184187             0.01922515264519594
42.24224224224227             0.019024750122601974
42.64264264264267             0.018813827792307957
43.04304304304307             0.018592894290717005
43.44344344344347             0.018362448005062364
43.84384384384387             0.01812296912803315
44.24424424424427             0.017874913410492074
44.64464464464467             0.017618707730210566
45.04504504504507             0.017354747529199268
45.44544544544547             0.017083396107194063
45.84584584584587             0.016804985696402482
46.24624624624627             0.016519820184798802
46.64664664664667             0.01622817930393727
47.04704704704707             0.01593032405399596
47.44744744744747             0.015626503104796824
47.84784784784787             0.01531695988771418
48.248248248248274            0.015001940080133983
48.648648648648674            0.014681699181502052
49.049049049049074            0.014356509887657133
49.449449449449475            0.014026668987377738
49.849849849849875            0.013692503530856133
50.250250250250275            0.013354376052859081
50.650650650650675            0.013012688672156292
51.051051051051076            0.012667885931767504
51.451451451451476            0.01232045629001406
51.851851851851876            0.011970932218579027
52.252252252252276            0.011619888909170683
52.65265265265268             0.011267941633466847
53.05305305305308             0.010915741840484225
53.45345345345348             0.010563972110279398
53.85385385385388             0.010213340112095537
54.25425425425428             0.009864571738127393
54.65465465465468             0.009518403600651891
55.05505505505508             0.009175575090276666
55.45545545545548             0.008836820196640111
55.85585585585588             0.008502859290408712
56.25625625625628             0.008174391057387062
56.65665665665665             0.007852084762650773
57.05705705705708             0.007536573005601809
57.45745745745745             0.007228445106561112
57.85785785785788             0.006928241242814039
58.25825825825825             0.006636447427770246
58.65865865865868             0.006353491401903853
59.05905905905905             0.006079739479176355
59.45945945945948             0.005815494368390469
59.85985985985985             0.005560993965986122
60.26026026026028             0.005316411095660512
60.66066066066065             0.0050818541512817565
61.06106106106108             0.004857368583159105
61.461461461461454            0.004642939154043178
61.86186186186188             0.004438492880358863
62.262262262262254            0.004243902566159138
62.66266266266268             0.0040589908320748805
63.063063063063055            0.0038835345390223286
63.46346346346348             0.003717269506442572
63.863863863863855            0.003559895427181314
64.26426426426428             0.0034110808855171053
64.66466466466466             0.0032704683910383444
65.06506506506508             0.0031376793487480946
65.46546546546546             0.0030123188946310627
65.86586586586589             0.0028939805356210796
66.26626626626626             0.002782250543142188
66.66666666666669             0.0026767120598401545
67.06706706706706             0.0025769488894759316
67.46746746746749             0.0024825489499300203
67.86786786786786             0.0023931073786158563
68.26826826826829             0.0023082292880940865
68.66866866866866             0.0022275321771382506
69.06906906906909             0.002150648008782615
69.46946946946946             0.0020772249718955544
69.86986986986989             0.002006928946521392
70.27027027027026             0.00193944469562977
70.67067067067069             0.0018744768070578573
71.07107107107106             0.0018117504094304854
71.47147147147149             0.0017510116848353681
71.87187187187186             0.0016920281991912875
72.27227227227229             0.0016345890687732027
72.67267267267266             0.001578504978465985
73.07307307307309             0.0015236080642248566
73.47347347347352             0.0014697516691422102
73.87387387387389             0.0014168099796542408
74.27427427427432             0.0013646775459441073
74.67467467467469             0.0013132686886537803
75.07507507507512             0.0012625167927105769
75.47547547547549             0.001212373488472754
75.87587587587592             0.0011628077205210776
76.27627627627629             0.0011138047052512343
76.67667667667672             0.001065364779892144
77.07707707707709             0.0010175021475930474
77.47747747747752             0.0009702435256603646
77.87787787787789             0.0009236267067382248
78.27827827827832             0.0008776990455523458
78.6786786786787              0.0008325158866125778
79.07907907907912             0.0007881389508330127
79.4794794794795              0.0007446347012339768
79.87987987987992             0.0007020727096075778
80.2802802802803              0.0006605240471567147
80.68068068068072             0.0006200597225820465
81.0810810810811              0.0005807491908533066
81.48148148148152             0.000542658954951771
81.8818818818819              0.0005058512812361428
82.28228228228232             0.0004703830468183679
82.6826826826827              0.0004363047345216673
83.08308308308312             0.00040365958773195507
83.4834834834835              0.00037248293386582364
83.88388388388393             0.00034280168139073577
84.2842842842843              0.0003146339914795531
84.68468468468473             0.00028798912159089154
85.0850850850851              0.0002628674346625629
85.48548548548553             0.00023926056429634168
85.8858858858859              0.00021715172339317802
86.28628628628633             0.00019651614124206707
86.6866866866867              0.00017732161212752302
87.08708708708713             0.00015952913713063532
87.4874874874875              0.00014309363996806696
87.88788788788793             0.0001279647374310432
88.2882882882883              0.00011408754522457852
88.68868868868873             0.00010140350072076604
89.0890890890891              8.985118527234409e-05
89.48948948948953             7.936713021652639e-05
89.8898898898899              6.988659246181127e-05
90.29029029029033             6.134428751576888e-05
90.6906906906907              5.3675069904368254e-05
91.09109109109113             4.681455308011956e-05
91.4914914914915              4.0699663050123986e-05
91.89189189189193             3.526912201554263e-05
92.2922922922923              3.0463860249828362e-05
92.69269269269273             2.622735621207703e-05
93.0930930930931              2.2505906462365505e-05
93.49349349349353             1.9248828295786956e-05
93.8938938938939              1.6408599128905158e-05
94.29429429429433             1.3940937552894671e-05
94.6946946946947              1.1804831616287834e-05
95.09509509509513             9.962520328070441e-06
95.4954954954955              8.379434595650786e-06
95.89589589589593             7.024103852730968e-06
96.2962962962963              5.868034513201234e-06
96.69669669669673             4.885566134229568e-06
97.0970970970971              4.053710810823742e-06
97.49749749749753             3.3519808808703703e-06
97.8978978978979              2.7622095184571263e-06
98.29829829829833             2.268368256658995e-06
98.6986986986987              1.8563849291330123e-06
99.09909909909913             1.5139649703048794e-06
99.4994994994995              1.2304184813349834e-06
99.89989989989994             9.96494965185245e-07
100.30030030030031            8.042271679619877e-07
100.70070070070074            6.467850415975699e-07
101.10110110110111            5.183404687827393e-07
101.50150150150154            4.139430666508264e-07
101.90190190190191            3.294071110219438e-07
102.30230230230234            2.6120939651081966e-07
102.70270270270271            2.0639766679304878e-07
103.10310310310314            1.625091102398051e-07
103.50350350350351            1.2749831481696648e-07
103.90390390390394            9.967400810029157e-08
104.30430430430431            7.764386886152474e-08
104.70470470470474            6.02666813550447e-08
105.10510510510511            4.661110779951381e-08
105.50550550550554            3.592037451717728e-08
105.90590590590591            2.758219905149593e-08
106.30630630630634            2.1103326033101613e-08
106.70670670670671            1.6088085745174104e-08
107.10710710710714            1.222043883048973e-08
107.50750750750751            9.249021386371823e-09
107.90790790790794            6.974755209704439e-09
108.30830830830831            5.2406369433991166e-09
108.70870870870874            3.92336642062701e-09
109.10910910910911            2.9265179651843015e-09
109.50950950950954            2.174998382555274e-09
109.90990990990991            1.6105716580841388e-09
110.31031031031034            1.1882629131946699e-09
110.71071071071071            8.734830254588757e-10
111.11111111111114            6.397406506042706e-10
111.51151151151151            4.66830414231107e-10
111.91191191191194            3.3940502841082847e-10
112.31231231231232            2.4585531590814e-10
112.71271271271274            1.7743588250973475e-10
113.11311311311312            1.2758575231158578e-10
113.51351351351354            9.140294653006071e-11
113.91391391391392            6.524000079934428e-11
114.31431431431434            4.6394015366304893e-11
114.71471471471472            3.2870230593450774e-11
115.11511511511515            2.320250674629498e-11
115.51551551551552            1.63176290819233e-11
115.91591591591595            1.143320163710437e-11
116.31631631631632            7.981160202294168e-12
116.71671671671675            5.550732443679678e-12
117.11711711711712            3.846089951847784e-12
117.51751751751755            2.655047353175088e-12
117.91791791791792            1.826028887441596e-12
118.31831831831835            1.2511933759570918e-12
118.71871871871872            8.541252564112724e-13
119.11911911911915            5.808954477842236e-13
119.51951951951952            3.935977808387421e-13
119.91991991991995            2.656957306797138e-13
120.32032032032032            1.786869413416217e-13
120.72072072072075            1.1972267819096336e-13
121.12112112112112            7.991613924627462e-14
121.52152152152155            5.31454574512161e-14
121.92192192192192            3.521036553728522e-14
122.32232232232235            2.3240572328011228e-14
122.72272272272272            1.5282492848824117e-14
123.12312312312315            1.0011793900156611e-14
123.52352352352352            6.534301366883657e-15
123.92392392392395            4.248691973321527e-15
124.32432432432432            2.752196543015772e-15
124.72472472472475            1.7761149312948786e-15
125.12512512512512            1.1419035835892016e-15
125.52552552552555            7.313982308245471e-16
125.92592592592592            4.667064918952075e-16
126.32632632632635            2.966870783426784e-16
126.72672672672672            1.8789606267817119e-16
127.12712712712715            1.1854968585262644e-16
127.52752752752752            7.451543727041286e-17
127.92792792792795            4.666106807868056e-17
128.32832832832833            2.9108856343051625e-17
128.72872872872875            1.8090773764884238e-17
129.12912912912913            1.1200829249629512e-17
129.52952952952955            6.9088181471228695e-18
129.92992992992993            4.24538838008863e-18
130.33033033033036            2.598906868895332e-18
130.73073073073073            1.584977818082965e-18
131.13113113113116            9.629736675458917e-19
131.53153153153153            5.828596186343093e-19
131.93193193193196            3.5145639615241393e-19
132.33233233233233            2.111234470442451e-19
132.73273273273276            1.263451672004259e-19
133.13313313313313            7.532472909151784e-20
133.53353353353356            4.4737626357759297e-20
133.93393393393393            2.647063513220841e-20
134.33433433433436            1.560312213774198e-20
134.73473473473473            9.162501202651171e-21
135.13513513513516            5.360084653915632e-21
135.53553553553553            3.1238056525560176e-21
135.93593593593596            1.8136388598164994e-21
136.33633633633633            1.048991020305687e-21
136.73673673673676            6.044308069885042e-22
137.13713713713713            3.4695647374898614e-22
137.53753753753756            1.9840687120060119e-22
137.93793793793793            1.130294113483891e-22
138.33833833833836            6.414739268794079e-23
138.73873873873873            3.6267622479811286e-23
139.13913913913916            2.0427322890019945e-23
139.53953953953953            1.1461880413785302e-23
139.93993993993996            6.406961473232309e-24
140.34034034034033            3.567795445449895e-24
140.74074074074076            1.9792431764304636e-24
141.14114114114113            1.093829237367036e-24
141.54154154154156            6.022140067977033e-25
141.941941941942              3.302957065162279e-25
142.34234234234236            1.8047022425999786e-25
142.7427427427428             9.823325825998311e-26
143.14314314314316            5.326742644680506e-26
143.5435435435436             2.8774969540404643e-26
143.94394394394396            1.5485236577924665e-26
144.3443443443444             8.301765434048319e-27
144.74474474474476            4.4337637103784886e-27
145.1451451451452             2.3589782622603304e-27
145.54554554554556            1.2503295102284292e-27
145.945945945946              6.601977136662286e-28
146.34634634634637            3.4727409654905445e-28
146.7467467467468             1.8197823794776145e-28
147.14714714714717            9.499813240341743e-29
147.5475475475476             4.940365550935517e-29
147.94794794794797            2.559477816289463e-29
148.3483483483484             1.3209664523050903e-29
148.74874874874877            6.791726822392556e-30
149.1491491491492             3.478696219656871e-30
149.54954954954957            1.775008966845987e-30
149.94994994995               9.022610841843284e-31
150.35035035035037            4.568897453797355e-31
150.7507507507508             2.304825177796865e-31
151.15115115115117            1.1582754448551943e-31
151.5515515515516             5.798729903198254e-32
151.95195195195197            2.8920178853493986e-32
152.3523523523524             1.4368652003937415e-32
152.75275275275277            7.111773792708188e-33
153.1531531531532             3.506602978952362e-33
153.55355355355357            1.722431335907628e-33
153.953953953954              8.42837403302729e-34
154.35435435435437            4.108583820305358e-34
154.7547547547548             1.9952020402664707e-34
155.15515515515517            9.652235232334184e-35
155.5555555555556             4.651736610725967e-35
155.95595595595597            2.2333071262238523e-35
156.3563563563564             1.0681391192159033e-35
156.75675675675677            5.089242467738772e-36
157.1571571571572             2.415596199253722e-36
157.55755755755757            1.1421978244340304e-36
157.957957957958              5.380269620248123e-37
158.35835835835837            2.524715216455093e-37
158.7587587587588             1.18022912918637e-37
159.15915915915917            5.496240960437475e-38
159.5595595595596             2.5498265202759363e-38
159.95995995995997            1.1784220770110777e-38
160.3603603603604             5.425458018590598e-39
160.76076076076077            2.4883827428549493e-39
161.1611611611612             1.1369546115261108e-39
161.56156156156158            5.175045657387412e-40
161.961961961962              2.3465526077428005e-40
162.36236236236238            1.0599646867814022e-40
162.7627627627628             4.769769946812662e-41
163.16316316316318            2.1382001072552085e-41
163.5635635635636             9.548696372644422e-42
163.96396396396398            4.2480007990362125e-42
164.3643643643644             1.882650966489346e-42
164.76476476476478            8.311888289750965e-43
165.1651651651652             3.655730715511696e-43
165.56556556556558            1.6017445759609548e-43
165.965965965966              6.991282355344036e-44
166.36636636636638            3.039939154048248e-44
166.7667667667668             1.3167925542177485e-44
167.16716716716718            5.682169834136968e-45
167.5675675675676             2.4426170867730293e-45
167.96796796796798            1.0460221006437089e-45
168.3683683683684             4.462421372138263e-46
168.76876876876878            1.896463543021682e-46
169.1691691691692             8.02902082262376e-47
169.56956956956958            3.386295040807057e-47
169.96996996997               1.4227581776189382e-47
170.37037037037038            5.954995446753048e-48
170.7707707707708             2.4829946683490443e-48
171.17117117117118            1.031369095143553e-48
171.5715715715716             4.26772451847521e-49
171.97197197197198            1.759229685567422e-49
172.3723723723724             7.224246892808444e-50
172.77277277277278            2.955333178448561e-50
173.1731731731732             1.2043816247304458e-50
173.57357357357358            4.889512511051415e-51
173.973973973974              1.9774738108728014e-51
174.37437437437438            7.967088224386201e-52
174.7747747747748             3.197659298792621e-52
175.17517517517518            1.2785225694795514e-52
175.5755755755756             5.092467042119006e-53
175.97597597597598            2.0206525571083074e-53
176.3763763763764             7.987274764544521e-54
176.77677677677679            3.145206315182031e-54
177.1771771771772             1.2337954419406668e-54
177.57757757757759            4.821483288721023e-55
177.97797797797801            1.876988563482773e-55
178.3783783783784             7.2792396613348e-56
178.77877877877881            2.8122492963824145e-56
179.1791791791792             1.0823432122127205e-56
179.57957957957962            4.1497271093190816e-57
179.97997997998               1.584956743548172e-57
180.38038038038042            6.030573339008492e-58
180.7807807807808             2.2858255560805876e-58
181.18118118118122            8.631193120923957e-59
181.5815815815816             3.2466975419667443e-59
181.98198198198202            1.216623099224528e-59
182.3823823823824             4.54164820171604e-60
182.78278278278282            1.688939567397095e-60
183.1831831831832             6.256881030256247e-61
183.58358358358362            2.309111119474285e-61
183.983983983984              8.489358958675455e-62
184.38438438438442            3.1091958060175845e-62
184.7847847847848             1.1343951002570106e-62
185.18518518518522            4.123098271996455e-63
185.5855855855856             1.492884084894884e-63
185.98598598598602            5.3848242245280436e-64
186.3863863863864             1.934906567775738e-64
186.78678678678682            6.926143325265848e-65
187.1871871871872             2.469823633252143e-65
187.58758758758762            8.773712235835835e-66
187.987987987988              3.104872647111446e-66
188.38838838838842            1.094579078110784e-66
188.7887887887888             3.844088923877997e-67
189.18918918918922            1.3448771821206394e-67
189.5895895895896             4.6872134120470525e-68
189.98998998999002            1.6273827909778223e-68
190.3903903903904             5.628693310874713e-69
190.79079079079082            1.9394041247471103e-69
191.1911911911912             6.656897851996427e-70
191.59159159159162            2.27624134298477e-70
191.991991991992              7.75367413748785e-71
192.39239239239242            2.6311135695649097e-71
192.7927927927928             8.894354667708784e-72
193.19319319319322            2.99524312254799e-72
193.5935935935936             1.0048297671558641e-72
193.99399399399402            3.358115810161666e-73
194.3943943943944             1.1179994768756575e-73
194.79479479479483            3.707919304614593e-74
195.1951951951952             1.2250721861970671e-74
195.59559559559563            4.032141898305781e-75
195.995995995996              1.3220645075038276e-75
196.39639639639643            4.31829379759171e-76
196.7967967967968             1.4051232447132426e-76
197.19719719719723            4.554695333285744e-77
197.5975975975976             1.4707772995131928e-77
197.99799799799803            4.731263843295364e-78
198.3983983983984             1.516177582317057e-78
198.79879879879883            4.840225771304791e-79
199.1991991991992             1.5393018978907362e-79
199.59959959959963            4.876684032423494e-80
200.0                         1.5391042965312883e-80
