@    title "Electric Field"
@    xaxis  label "Time (ps)"
@    yaxis  label "MV/cm"
#time      Magnitude                     Efield_X                      Efield_Y                     Efield_Z
@type xy
10        5.366955890179e+01            -7.151352236615e+00           -1.543204651459e+01           5.090315957062e+01            
20        4.596975922058e+01            1.131804488800e+01            -1.508017919597e+01           4.192503808143e+01            
30        4.875564531298e+01            -1.411604206476e+01           -3.028047430271e+01           3.550976178903e+01            
40        2.943952120701e+01            -2.105400581339e+00           -9.779490245730e+00           2.768779998165e+01            
50        5.265815734401e+01            -8.227827754250e+00           -1.154782021305e+00           5.199856597827e+01            
60        2.679342021431e+01            -7.163249667136e+00           -1.311615061085e+01           2.223829611594e+01            
70        4.328590273810e+01            -2.190874138025e+00           -3.783848331690e+01           2.090738210873e+01            
80        2.089380678795e+01            -1.611168470002e+01           -1.282896035533e+01           -3.518885394675e+00           
90        2.841241909821e+01            1.380030643430e+01            3.842896088070e+00            2.453669193246e+01            
100       3.278373817987e+01            2.224742123279e+01            -7.991139198309e+00           2.271491650546e+01            
110       1.979850127837e+01            1.042716000326e+01            -1.564100575674e+01           6.214010464554e+00            
120       4.749169493877e+01            9.662628981911e+00            2.462802304486e+00            4.643306251072e+01            
130       4.256206974834e+01            -2.505409322415e+01           2.657374672098e+01            2.185539245099e+01            
140       2.865013352611e+01            9.418519383602e+00            -1.021440762067e+01           2.505568838894e+01            
150       4.538086240463e+01            1.210577035442e+01            2.846422352631e+01            3.320633939112e+01            
160       5.774937361333e+01            1.286579495540e-01            -9.451940932881e+00           5.697046965284e+01            
170       2.193474361929e+01            1.238483441464e+01            -9.929361814581e-01           1.807658518376e+01            
180       1.294833047864e+01            -5.562305770664e+00           -2.952950814797e+00           1.131371283810e+01            
190       3.005246667868e+01            -2.661810681495e+01           -1.826455409809e+00           1.383080632852e+01            
200       3.130325443974e+01            1.308759411057e+00            -1.968928516984e+01           2.430047194653e+01            
210       4.061552794726e+01            1.175137269914e+01            1.590191928672e+00            3.884581881941e+01            
220       4.032247313515e+01            -5.903668778004e+00           8.814326326028e+00            3.890187895350e+01            
230       4.021818657032e+01            2.063322857115e+01            -1.620533640823e+01           3.048211740730e+01            
240       6.813279739563e+01            -8.213701337968e+00           -3.491848227371e+00           6.754568962740e+01            
250       4.491654839770e+01            -1.770135409802e+01           -2.747860280060e+01           3.080721946534e+01            
260       2.385457318001e+01            6.405465014726e+00            -2.274658780110e+01           3.256289752557e+00            
270       3.099665952239e+01            5.048058344392e-01            5.273875004462e+00            3.054053560522e+01            
280       1.883913949346e+01            -1.888157513831e+00           7.284217158998e+00            1.727102250700e+01            
290       4.785421700431e+01            -5.593855805467e+00           -3.554460322736e+00           4.739304457552e+01            
300       6.248796239986e+00            -4.634271236515e+00           1.199734303210e+00            4.016419071384e+00            
310       2.708614986768e+01            5.733263553480e+00            -7.030294612412e+00           2.552183695080e+01            
320       2.651157742740e+01            4.905979700542e+00            -1.054795617055e+01           -2.382300823765e+01           
330       3.260274033926e+01            5.909013190452e+00            3.313410396095e+00            3.189112027339e+01            
340       4.846494017490e+01            -7.996677079397e+00           -2.208843988606e+01           4.239108874805e+01            
350       1.335022510084e+01            -1.427393069715e+00           -1.995484723208e+00           1.312284648951e+01            
360       6.454272724890e+01            -1.810792733729e+01           2.164075450445e+01            5.804777646690e+01            
370       3.463595216579e+01            -2.756455175608e+01           7.210022752756e+00            1.969416768543e+01            
380       3.439801935303e+01            -2.175301898818e+01           -1.086180958944e+01           2.433209799327e+01            
390       3.921610777217e+01            1.193624610395e+01            -1.074432544758e+01           3.577692843749e+01            
400       1.588781825933e+01            -1.526148568766e+01           2.498091980540e+00            3.642713288699e+00            
410       4.646082247605e+01            -2.412231252794e+01           1.783598998849e+01            3.547674625139e+01            
420       4.268460211522e+01            -4.735144969906e+00           1.981725800542e+01            3.750773180286e+01            
430       1.927619513400e+01            -5.580826935557e+00           1.601933292094e+01            9.154618633657e+00            
440       1.576304680740e+01            -1.322042267686e+00           4.538287866909e+00            1.503761258085e+01            
450       4.424281856871e+01            5.256515150384e+00            -2.178444776437e+01           3.814752782264e+01            
460       6.299983967765e+01            -4.038160090973e+01           -5.910161288842e+00           4.799350061119e+01            
470       6.729923689447e+01            -1.027191138862e+01           -5.376638937130e+01           3.915163466544e+01            
480       6.287845753167e+01            3.207436368856e+00            1.087124684679e+01            6.184843381605e+01            
490       5.216939212914e+01            1.575653418543e+01            4.241480506660e+00            4.955186120318e+01            
500       3.582417094305e+01            -1.834911748385e+01           1.462425495182e+01            2.707050569207e+01            
510       2.577752216338e+01            -2.304720748172e+01           1.079401937891e+01            4.098294990078e+00            
520       2.790715029931e+01            -7.624782200103e-01           -1.453645069481e+01           2.381006648437e+01            
530       3.014301153923e+01            -4.269452244977e+00           1.087568302156e+00            2.981929102729e+01            
540       5.159457275112e+01            -5.369352856935e+00           -2.457506979322e+01           4.504704132267e+01            
550       7.410574077767e+01            -3.049767937450e+01           3.794084011590e+01            5.587526304436e+01            
560       2.552603557231e+01            1.449977100817e+01            -6.619077699822e+00           1.993797740878e+01            
570       2.025487066262e+01            -1.228202396277e+01           -1.590178766588e+00           1.602757013486e+01            
580       2.562351020376e+01            1.760899295150e+01            -5.903211525546e+00           1.765332082303e+01            
590       5.713336587244e+01            -2.385178023056e+01           5.119961180753e+00            5.166333393477e+01            
600       5.319528285910e+01            1.849852057367e+01            -5.858712105308e+00           4.952997423290e+01            
610       3.676461873502e+01            4.117944866116e+00            7.963751313300e+00            3.565471057001e+01            
620       1.904329395135e+01            2.883639221221e+00            -4.376527655356e+00           1.830785828657e+01            
630       7.528008125118e+01            -3.929179643631e+00           4.871844157048e+00            -7.501944624576e+01           
640       5.388417235254e+01            1.531364560704e+01            4.093421036081e+01            3.151803785894e+01            
650       5.158464280605e+01            1.811883904367e+01            8.828967168323e+00            4.748402240625e+01            
660       2.360924956613e+01            -1.469321569779e+01           1.943523068132e+00            1.837739904387e+01            
670       2.496243591785e+01            3.490252025690e+00            2.460977981277e+01            2.302191416168e+00            
680       1.301517268942e+01            1.204120704348e+01            9.663791610915e-01            4.844601571701e+00            
690       4.859153645389e+01            -1.676516826652e+01           -2.406477441832e+01           3.874213701050e+01            
700       6.376430770738e+01            -1.069128650658e+00           7.315575395734e+00            6.333424238087e+01            
710       3.872532434445e+01            2.742713435650e+00            -7.825211329226e+00           3.782716399951e+01            
720       3.966677470304e+01            3.053128341678e+01            6.220016677463e+00            2.454801704411e+01            
730       1.703528410167e+01            5.672146609637e+00            1.419283451914e-01            1.606261229091e+01            
740       4.138793724994e+01            3.528090475433e+01            -1.488661507195e+01           1.570375118309e+01            
750       5.573780149375e+01            -2.430087070420e+00           3.658375334808e+01            4.198125990431e+01            
760       2.481626996142e+01            8.470704315298e+00            -2.074630377892e+01           1.066233101689e+01            
770       2.919528163698e+01            1.433385708363e+01            -7.904167638357e-01           2.542204264626e+01            
780       3.257568060879e+01            1.857865750805e+01            1.027512038249e+01            2.470688878532e+01            
790       1.597596060980e+01            3.430022406365e+00            1.457592076930e+01            5.568554338869e+00            
800       4.406198942722e+01            -1.326659636117e+00           2.516332057116e+01            3.614562469134e+01            
810       2.679210365528e+01            -2.168706881675e+01           1.045923360204e+00            1.569693947041e+01            
820       3.463317438986e+01            9.405486244809e-01            -1.091197506421e+01           3.285575956817e+01            
830       5.143399285897e+01            -8.828802578299e+00           1.294185183770e+01            4.898996159889e+01            
840       2.126078391655e+01            -2.859052272995e-01           -5.592368709548e+00           2.051010977941e+01            
850       2.816828150312e+01            1.749938830909e+01            5.450604432391e+00            2.138958632065e+01            
860       2.169834342729e+01            7.455833368793e+00            -1.645573714205e+01           1.201820999057e+01            
870       4.711882612486e+01            -1.647588797515e+01           -2.298978221630e+01           3.768552513184e+01            
880       5.612666235178e+01            -2.362869397416e+01           2.016860822799e+01            4.674520606407e+01            
890       2.350114431067e+01            -1.831580865132e+01           7.157107620627e+00            1.286898394847e+01            
900       5.236514539288e+01            2.855210897640e+01            -1.118710588534e+01           4.244683953992e+01            
910       4.080355210280e+01            -6.996460918916e+00           -2.552570236562e+01           3.105507877236e+01            
920       4.718423982339e+01            -1.180402793752e+01           -1.977288674735e+01           4.118313200617e+01            
930       2.451531361589e+01            1.316500934035e+01            -6.212203139160e+00           -1.972540653350e+01           
940       4.391070893162e+01            2.185026022109e+01            -1.305378571279e+01           3.578149194364e+01            
950       2.875115153782e+01            3.671814084963e+00            9.677709413277e+00            2.682328161483e+01            
960       5.302628136786e+01            1.545858761356e+01            -2.885259846924e+00           5.064083194728e+01            
970       5.642348779179e+01            1.325256401717e+01            -3.974150808193e+01           3.779672018754e+01            
980       4.220799601290e+01            9.703522857799e+00            -3.207946960029e+01           2.565665998795e+01            
990       6.106660702894e+01            -1.621529992592e+01           -1.633450757292e+01           5.656304804985e+01            
1000      2.346595835736e+01            1.310464588833e+01            5.912875962991e+00            1.854608733984e+01            
1010      1.764980435642e+01            1.402645909127e+01            -5.355677430380e+00           9.278510572428e+00            
1020      2.243759826311e+01            8.475688738276e+00            1.085843055915e+01            1.771166288130e+01            
1030      1.057081710499e+01            1.022630657791e+01            -2.288989176572e+00           -1.387572193243e+00           
1040      3.760784366498e+01            -8.824267914070e+00           -2.192021553546e+01           2.925724443260e+01            
1050      1.995873308878e+01            -1.035777452890e+01           -3.053037326892e+00           1.678530596677e+01            
1060      2.174718610766e+01            1.757674555626e+00            6.999455884832e+00            2.051483124654e+01            
1070      6.456567467804e+01            -3.749845314682e+00           1.213480218270e+01            -6.330411979274e+01           
1080      8.069703715842e+00            4.596160214246e+00            -4.255590550424e+00           5.087767527472e+00            
1090      5.817047063378e+01            -8.635840005328e+00           -1.009914161851e+01           5.663243999447e+01            
1100      5.371416600425e+01            4.055280535033e+01            -1.524822461999e+01           3.175174410467e+01            
1110      5.523188294491e+01            1.964982569358e+01            -1.473952815073e+01           4.946909695705e+01            
1120      4.097861052081e+01            1.522981447658e+01            1.051312085524e+01            3.656191407884e+01            
1130      4.956999295713e+01            -2.541163378786e+01           9.150500156418e+00            4.156562782984e+01            
1140      4.217040304358e+01            -2.463800974849e+01           -3.202661657041e+00           3.407424726684e+01            
1150      4.841044133775e+01            -2.653927529579e+01           5.500134527039e+00            4.011217044084e+01            
1160      5.903320722019e+01            3.807750876694e+01            9.298913825559e+00            4.414241817651e+01            
1170      3.649183608723e+01            -3.614742923985e+01           1.830405096183e+00            4.654790817101e+00            
1180      4.266023872261e+01            1.369618385476e+00            3.555135198117e+00            4.248977673596e+01            
1190      6.347467306493e+01            -1.391072573409e+01           2.791320436932e+01            5.528452633501e+01            
1200      7.138152155287e+01            -3.142433009518e+00           -2.878691376864e+01           6.524385281128e+01            
1210      2.243995145355e+01            -9.394806057684e+00           -4.410305675381e+00           1.989568406026e+01            
1220      3.026860286077e+01            1.523593771934e+01            1.031980911896e+01            2.403239606663e+01            
1230      3.911402058529e+01            2.602863440025e+01            -5.020906358765e+00           2.876121167373e+01            
1240      4.799814820436e+01            3.688806035371e+01            2.177509693760e+01            2.165498528622e+01            
1250      2.240598116323e+01            3.545970251149e+00            -1.012736983990e+01           1.966953143801e+01            
1260      4.730223108382e+01            7.929090356070e+00            -2.347762934450e+01           4.029182934535e+01            
1270      3.940725734444e+01            1.665919093183e+01            1.372657201357e+01            3.296944812496e+01            
1280      3.511392308542e+01            7.810040305371e+00            4.303028703761e+00            3.396284453416e+01            
1290      3.243698064734e+01            8.334146642733e+00            1.705363329757e+01            2.630348464757e+01            
1300      1.355329039179e+01            9.740603294548e+00            8.707184999162e-01            9.383718729598e+00            
1310      4.770328580546e+01            -6.455867812758e+00           5.487963175689e+00            4.694472821952e+01            
1320      2.404459352520e+01            1.409610983767e+01            6.006673829645e+00            1.853003061899e+01            
1330      2.671746948944e+01            -2.652842048466e+01           3.144269700932e+00            -4.238520449761e-01           
1340      1.632028753050e+01            -1.598816166408e+01           2.307280953459e+00            -2.325279829036e+00           
1350      3.166844226194e+01            2.082323914792e+01            1.928887210541e+01            1.404358784597e+01            
1360      3.619374601853e+01            -8.797507287524e+00           -2.578019811095e-01           3.510733049547e+01            
1370      4.843239816502e+01            -1.269196457507e+00           1.885150482301e+01            4.459492233736e+01            
1380      5.137199517888e+01            -2.171555630010e+01           4.560705452713e+00            4.633267172319e+01            
1390      8.105559143137e+00            1.801630015441e+00            -7.517100021346e+00           2.438734421669e+00            
1400      5.021083183864e+01            7.363355584859e+00            -1.031170929021e+01           4.858577240277e+01            
1410      2.365034751335e+01            6.340036569047e+00            -1.352851359837e+01           1.833363558120e+01            
1420      6.553707972680e+01            -3.241185518411e+00           -1.150588053796e+01           6.443770828171e+01            
1430      3.628546042454e+01            7.812350709426e+00            4.892775037868e+00            3.509505046360e+01            
1440      3.528675163207e+01            2.145875940237e+01            1.313939846884e+01            2.473929452372e+01            
1450      1.902690616728e+01            1.277258926736e+01            1.359835158817e+01            3.737506627468e+00            
1460      2.477339977096e+01            -4.242348130862e+00           8.318186308547e+00            2.294627627927e+01            
1470      4.878633502661e+01            -2.337728462807e+01           1.662647499977e+01            3.946098551517e+01            
1480      1.999127084189e+01            1.737329768769e+01            -6.674818845521e+00           7.298371784723e+00            
1490      4.048821604204e+01            -8.743703261332e+00           1.249495484370e+01            3.750625807780e+01            
1500      4.444279139681e+01            -3.454624893406e+00           3.821145106695e+00            4.414324550891e+01            
1510      4.188515380585e+01            1.207931242416e+01            1.243169927556e+01            3.813016094670e+01            
1520      2.619946902822e+01            4.097279908239e+00            -1.584022505837e+01           2.046244718539e+01            
1530      3.606645854892e+01            -3.938570161480e+00           1.914632647222e+00            3.579959886885e+01            
1540      2.368332649114e+01            4.346253412690e-01            3.045016837755e+00            2.348273678591e+01            
1550      1.084353623350e+01            2.808680405616e+00            -1.016724450346e+01           -2.514106527823e+00           
1560      3.268498646347e+01            1.038473033386e+01            1.326996896250e+01            -2.800667134353e+01           
1570      4.072657673133e+01            -5.916490994172e+00           4.739576362115e+00            4.001481728655e+01            
1580      3.607336293295e+01            1.076236032223e+00            1.139982381541e+01            3.420779510978e+01            
1590      4.994266974172e+01            -2.798530811510e+01           1.020423486675e+00            4.135276927295e+01            
1600      5.656495549224e+01            -1.520554522540e+01           -1.855346059274e+01           5.122650372875e+01            
1610      4.960957044057e+01            3.160286978625e+00            -4.256359960729e+00           4.932550522189e+01            
1620      4.958560438691e+01            -1.552647130661e+01           1.231679508280e+01            4.545280420468e+01            
1630      3.648005637365e+01            2.155456170545e+00            9.385905115616e+00            3.518598168137e+01            
1640      3.030429321596e+01            1.350899546174e+01            -1.840750576290e+01           1.992538482746e+01            
1650      3.927898200686e+01            7.248352284846e+00            1.537235748123e+01            3.541172746591e+01            
1660      1.153883997885e+01            -8.197538590060e+00           -1.167790291346e+00           8.036258766203e+00            
1670      1.842619468034e+01            -1.796837522676e+01           -3.708388038077e+00           1.705872289231e+00            
1680      1.334033601147e+01            1.924638223745e+00            1.201157814229e+01            5.475611667967e+00            
1690      2.630555802628e+01            -1.410032912538e+01           5.534827117978e-01            2.220037744088e+01            
1700      2.303258118400e+01            -5.597378677529e-01           -6.499633372256e+00           2.208939237605e+01            
1710      3.898550641852e+01            -1.216816038729e+01           1.599659003596e+01            3.340530931931e+01            
1720      2.913821513694e+01            -1.758651356211e+01           -1.149678221852e+00           2.320405917254e+01            
1730      5.706915358089e+01            -2.228517660523e+01           -3.379826324882e+01           4.022358257884e+01            
1740      2.736446086806e+01            2.333914673057e+01            -4.968046382532e-01           1.427764454102e+01            
1750      3.822865058171e+01            1.678029922519e+01            9.053011445255e+00            3.313448757690e+01            
1760      2.822193161987e+01            1.977517940748e+01            1.455761323389e+01            1.391026961245e+01            
1770      3.616127420841e+01            1.041321232581e+01            1.308949791140e+01            3.206037750653e+01            
1780      5.766725842466e+01            -1.359316675819e+01           -7.245363839461e+00           5.557196428537e+01            
1790      2.164764243688e+01            -6.905246281024e+00           1.997927475873e+01            4.665466427761e+00            
1800      3.632729651541e+01            -2.232437361816e+01           -7.743083776554e+00           2.759238062047e+01            
1810      4.797415648918e+01            1.050903921712e+01            -6.571185886396e-02           4.680892508414e+01            
1820      4.133635785305e+01            -1.672117520132e+01           -3.979395841670e+00           3.759336629217e+01            
1830      2.237880139453e+01            -2.206773016535e+00           9.818347239842e+00            1.998852076035e+01            
1840      3.462237638999e+01            -1.716421323734e+00           1.379462368445e+01            3.170916590095e+01            
1850      3.195605545950e+01            1.463061652431e+00            2.267034384086e+01            2.247452872184e+01            
1860      6.781678604586e+01            2.761492506532e+01            -1.927682150460e+00           -6.190974418258e+01           
1870      5.974908502975e+01            3.655039967080e+01            2.435557793204e-01            4.726480854060e+01            
1880      4.605467705692e+01            1.487955105135e+00            2.753735255718e+01            3.688513904764e+01            
1890      5.432591385796e+01            -1.645875180884e+01           5.240015235320e+00            5.150686018125e+01            
1900      1.927011172409e+01            8.392941024675e+00            -9.570613142585e+00           1.446717356259e+01            
1910      3.281820479979e+01            -6.723351660839e+00           -9.988729821085e+00           3.052959851172e+01            
1920      2.168981434753e+01            2.136893176992e+01            -3.644185241921e+00           7.326086031471e-01            
1930      3.872626300976e+01            9.845908907197e+00            1.369051248834e+01            3.486189025711e+01            
1940      3.254234566917e+01            -6.626539759981e+00           2.737643931898e+01            1.629796928073e+01            
1950      3.289130272287e+01            9.975699889977e+00            -1.219077899802e+01           2.887400412021e+01            
1960      3.319705374730e+01            -2.103058215970e+01           4.163118023182e+00            2.534615236777e+01            
1970      2.289215191942e+01            -1.283470520635e+01           1.159030919117e+01            1.499952314646e+01            
1980      4.352584201086e+01            -2.207678936173e+00           2.451271852133e+01            3.589918811287e+01            
1990      2.888711779459e+01            1.026659405379e+01            -6.560132273988e+00           2.619212258602e+01            
2000      4.031680741647e+01            1.218290223864e+01            -9.041052833855e-02           3.843193566862e+01            
2010      5.669384082342e+01            1.084330473191e+01            1.104739955913e+01            5.453961214368e+01            
2020      6.960370338237e+00            -3.753717747940e+00           5.746491483027e+00            1.155073136086e+00            
2030      3.475349015988e+01            1.005311506518e+01            1.176256144245e+01            3.111883841167e+01            
2040      2.024326820290e+01            -4.694613905922e+00           -6.957394654432e+00           -1.842132371550e+01           
2050      4.525708970017e+01            1.625805343346e+01            2.260741308267e+00            4.217545394446e+01            
2060      7.298063859549e+01            -3.984724489207e+00           2.359835489381e+01            6.894500146389e+01            
2070      3.250999256261e+01            9.341069064793e+00            -6.856284774643e+00           3.037491406139e+01            
2080      4.704944319141e+01            -4.516874869169e+00           -1.057704449315e+01           4.562207881966e+01            
2090      8.000139048990e+01            8.481243900059e+00            -1.064395503830e+01           7.883525355682e+01            
2100      3.849566323386e+01            -4.473089184672e+00           1.656939750728e-01            3.823454075136e+01            
2110      2.800469874589e+01            1.493395239924e+01            -1.124052986071e+01           2.085403332778e+01            
2120      3.966399934908e+01            -8.996390894688e+00           -3.600318083652e+00           3.846213079031e+01            
2130      2.775565129296e+01            -4.327252207813e+00           -1.611359547867e+01           2.218114306740e+01            
2140      7.443895676390e+00            -1.266947086022e+00           -3.243699735088e+00           6.579121518165e+00            
2150      3.187805537245e+01            -2.098399191816e+01           -1.444899596228e+01           1.916008907050e+01            
2160      3.901158566971e+01            1.774024633608e+00            2.538632167871e+00            3.888845586778e+01            
2170      2.193540591476e+01            7.773944629138e+00            -8.325092344294e+00           1.874621708525e+01            
2180      5.518847735187e+01            6.180189207250e+00            -1.480237543785e+01           5.280589905662e+01            
2190      3.399721535700e+01            -8.622242300270e+00           -2.854227630245e+01           1.633419888516e+01            
2200      4.137673724130e+01            -1.931012591360e+01           2.425683650814e+01            2.739998730936e+01            
2210      2.669996563047e+01            1.620532341352e+00            -1.107039279934e+01           2.424269875380e+01            
2220      4.614211291953e+01            -1.115594969893e+01           2.200670770786e+01            3.899159123266e+01            
2230      6.132887045890e+01            -2.396939905162e+01           -2.039111916495e+01           5.263934384155e+01            
2240      4.448134018483e+01            2.428186706679e+00            6.829131159536e+00            4.388686023814e+01            
2250      3.931664680900e+01            2.053415760380e+00            7.531704616092e-01            3.925576307085e+01            
2260      2.341870495322e+01            -2.627444497911e+00           8.187009939518e+00            2.178313901500e+01            
2270      4.704370138633e+01            5.858085342840e+00            1.170650730201e+01            4.518573185233e+01            
2280      5.161979182834e+01            -1.642625072589e+00           -8.771261106208e+00           -5.084259700171e+01           
2290      3.631443060163e+01            1.029803741336e+01            -2.970848033706e+01           1.816850272908e+01            
2300      4.517075785056e+01            -1.583228795949e+01           -1.241828071168e+01           4.044159154791e+01            
2310      4.233776037014e+01            -8.756863877238e+00           -2.371344581465e+00           4.135432278579e+01            
2320      3.827278332992e+01            1.907631088307e+01            -2.415704364557e+00           3.309176150245e+01            
2330      5.404456338746e+01            -1.794442095737e+01           -1.377431199570e+01           4.908238907482e+01            
2340      5.884092160836e+01            -3.344700952177e+01           9.627296992121e+00            4.744330050067e+01            
2350      5.897732501513e+01            -2.008427573897e+01           -2.425017259498e+01           4.986858593438e+01            
2360      2.717311524634e+01            -1.688828301312e+01           6.860063829631e+00            2.015201263677e+01            
2370      4.461159336314e+01            -1.733217313755e+01           8.247941464726e+00            4.027110003865e+01            
2380      2.855459908902e+01            -1.445792652330e+01           2.157868992667e+01            -1.186143460254e+01           
2390      2.069397390801e+01            -1.162623841601e+01           -1.064226307241e+01           1.340945088724e+01            
2400      3.596063969762e+01            -5.174562227388e+00           1.697043800404e+01            3.127931820177e+01            
2410      3.746291225711e+01            7.725137260078e+00            2.704353020795e+01            2.474751549123e+01            
2420      5.393730829125e+01            2.952589110835e+01            -1.246324138332e+00           4.512096692343e+01            
2430      6.520463912650e+01            -7.852468685189e+00           2.900891409662e+00            -6.466504873728e+01           
2440      3.874287241743e+01            1.018730691262e+01            1.574542851632e+01            3.390148111600e+01            
2450      3.608184130459e+01            4.539144067188e-01            7.585011981198e+00            3.527266401743e+01            
2460      4.222170526421e+00            1.638884554202e+00            3.769606313595e+00            -9.648054791909e-01           
2470      3.471573053042e+01            -3.066868758342e+01           -7.009879965719e+00           1.467907119123e+01            
2480      5.972326447826e+01            -4.256905928140e-01           -2.790078586210e+01           5.280372388134e+01            
2490      7.172206933450e+00            -1.509994979945e+00           -7.011391838558e+00           -2.918806227647e-02           
2500      3.118640608162e+01            3.654105366707e+00            1.720950999083e-01            3.097111269446e+01            
2510      4.012934438272e+01            -7.902834277358e+00           -5.862026653960e+00           3.890432025470e+01            
2520      5.036162586661e+01            6.563693933987e+00            1.177587918984e-01            4.993192780913e+01            
2530      2.517595958907e+01            2.504153868566e+01            -9.634112761086e-01           2.412907001587e+00            
2540      4.845224259327e+01            -8.219753947244e-01           -2.886013991944e+01           3.891062184800e+01            
2550      4.531609706317e+01            -3.508145526590e+00           1.665366789693e+01            4.199877276281e+01            
2560      6.666784554003e+01            -1.401775790386e+01           2.234185238840e+01            6.122863483822e+01            
2570      2.598689623846e+01            -5.761130860511e-01           5.860384087608e+00            2.531092191459e+01            
2580      4.091978202183e+01            -6.096543022575e+00           -5.584035090264e+00           4.007591890399e+01            
2590      4.410768585747e+01            -7.184730749696e-01           6.902561391504e+00            4.355831027919e+01            
2600      3.462123466214e+01            4.677909610044e+00            -1.105595662778e+00           3.428592582156e+01            
2610      5.441153853398e+01            4.095314755746e+00            -2.494974674131e+01           4.818043233752e+01            
2620      4.853256225365e+01            -2.728164381662e+01           1.230143137120e+01            3.820728066465e+01            
2630      3.138268832630e+01            -1.917478139574e+00           -1.712856484012e+01           2.622610666279e+01            
2640      4.953022181259e+01            5.853311283449e+00            -1.947796431350e+01           4.516182598197e+01            
2650      2.967773300491e+01            -7.661946103758e+00           1.416670702161e+01            2.492723070013e+01            
2660      2.952674074572e+01            -2.649769636395e+01           5.960763113963e+00            -1.158316923679e+01           
2670      1.846574112551e+01            -4.365334937596e-01           -1.353323720962e+01           1.255565706967e+01            
2680      7.041064736767e+01            -5.365456320573e+00           -1.740596072134e+01           6.801399615207e+01            
2690      2.917254706295e+01            -7.746378576951e+00           -9.371870818218e-01           2.810965672961e+01            
2700      2.854478979321e+01            1.635146414041e+00            -1.653194919492e+01           2.321262536551e+01            
2710      3.829310630884e+01            -6.725218886448e-01           4.791752636441e+00            3.798616605766e+01            
2720      3.978890346163e+01            -3.143065118715e+00           -1.564979558364e+01           3.644669914448e+01            
2730      4.915362622634e+01            5.940862338399e+00            6.147879191134e+00            4.840442859208e+01            
2740      4.328810538869e+01            3.545913003658e+00            -2.450542545105e+01           3.550733294089e+01            
2750      3.126974242475e+01            -1.580828068127e+01           -4.467984758045e+00           2.660699467085e+01            
2760      2.571030702720e+01            -6.663705013877e+00           2.320913877253e-01            2.483064752496e+01            
2770      5.781632265632e+01            3.299797126059e+01            1.520783177791e+01            4.497313543438e+01            
2780      3.324713509297e+01            1.976163712071e+01            1.114422768272e+01            2.430341291990e+01            
2790      2.618901357103e+01            -5.953609297426e+00           -7.848985495634e+00           2.426545682337e+01            
2800      4.607567920908e+01            1.531977740041e+00            -9.347010216012e+00           4.509162515151e+01            
2810      2.267728113343e+01            -1.152965132408e+01           -1.304210893479e+01           1.453374055372e+01            
2820      4.170224250398e+01            8.355249520515e+00            -9.046113083770e+00           3.984262382658e+01            
2830      5.454741471879e+01            -3.538016503553e+01           1.906851187382e+01            3.687894018922e+01            
2840      3.934258918175e+01            -1.387565855105e+00           -1.468244078627e+01           3.647382509525e+01            
2850      6.111711902762e+01            1.199630498862e+01            1.434956699113e+00            5.991103240746e+01            
2860      1.844820737928e+01            1.130811551610e+01            -5.941737192655e+00           1.331009534590e+01            
2870      2.632674780825e+01            1.116376407806e+01            1.760806302305e+01            1.607557583245e+01            
2880      3.549907770297e+01            -2.900276493980e+00           -2.938166283481e+01           1.971017004191e+01            
2890      1.932256426022e+01            6.992986611632e+00            -3.129644489942e+00           1.773879796396e+01            
2900      6.231594971898e+01            -2.639548141404e+01           -8.682293966112e-01           5.644291211494e+01            
2910      2.505163184801e+01            1.805399362589e-01            1.802436553319e+01            1.739752599382e+01            
2920      2.742392981552e+01            -5.601941122083e+00           8.781170421247e+00            2.536890277928e+01            
2930      4.568176584787e+01            9.400276836549e+00            6.862154370482e+00            4.417430660205e+01            
2940      6.313474672455e+01            -3.311515378664e+01           8.949601626248e+00            5.300271185884e+01            
2950      5.746783752647e+01            3.021195399208e+01            2.325785445623e+01            4.299839987770e+01            
2960      6.013833993986e+01            1.892747763986e+01            -1.352203348762e+01           5.545741727915e+01            
2970      5.057678956871e+01            1.387134950585e+01            4.124143262840e+00            4.846224043842e+01            
2980      4.095610903021e+01            2.799519736453e+01            -5.854482817472e+00           2.931547069988e+01            
2990      2.159207850980e+01            1.120749848780e+00            1.752548285246e+01            1.256261218608e+01            
3000      3.638867198922e+01            -2.879270367109e+01           4.983300893997e+00            2.168599494254e+01            
3010      4.140418621440e+01            -2.020932427874e-02           -1.255048459263e+01           3.945619804480e+01            
3020      4.074102752735e+01            -2.089424190813e+01           1.307728060051e+00            3.495070566368e+01            
3030      2.742752673306e+01            4.050626609687e+00            -1.024258468697e+01           2.511874012947e+01            
3040      2.866718476840e+01            2.348629299544e+01            5.505310852297e+00            -1.548848205271e+01           
3050      4.073362275910e+01            -8.227439165125e+00           -7.734277101387e+00           3.913717191602e+01            
3060      3.065563120555e+01            -7.414820052669e-01           -2.169130165093e+01           2.164960419350e+01            
3070      2.011120740390e+01            -7.097226874568e+00           -2.265516979274e+00           1.868040328125e+01            
3080      3.912124641771e+01            -2.637950270351e+00           -3.736397007898e+01           1.128923733401e+01            
3090      3.848017543282e+01            5.773153833317e+00            -3.300606331272e+00           3.790119515271e+01            
3100      1.074171762602e+01            5.962010356904e+00            -8.925599690206e+00           4.154518401184e-01            
3110      3.291449903652e+01            -3.701599621371e+00           4.920464187753e+00            3.233344150017e+01            
3120      3.100099050996e+01            6.084395471652e+00            8.759578382078e+00            2.910861265865e+01            
3130      2.528928531693e+01            5.119532103132e+00            -2.064798652121e+01           1.367475760319e+01            
3140      1.832243370708e+01            -1.395995790943e+01           -8.147987358814e+00           8.627946112356e+00            
3150      4.351656168394e+01            -1.102773536157e+01           6.852596717723e+00            4.153458934203e+01            
3160      8.224290098663e+01            2.556640564972e+01            2.346578229029e+01            7.456279720045e+01            
3170      2.880717912912e+01            1.361860662682e+01            3.672709306645e+00            2.511768956872e+01            
3180      4.908390200672e+01            -2.163006885465e+01           -3.551246918424e+01           2.608129770519e+01            
3190      5.560363774009e+01            -1.567460776141e+01           -2.306445763318e+01           4.810511402693e+01            
3200      4.173134969003e+01            -1.103034820227e+01           -1.059992146686e+01           3.882626212223e+01            
3210      3.339297495702e+01            2.818413502398e+01            1.466547200567e+01            1.027955447871e+01            
3220      4.814874482326e+01            -2.718379791064e+01           -3.022527046854e+00           3.962583865939e+01            
3230      6.127595049870e+01            -8.916822972844e+00           -3.520656490878e+00           -6.052137932552e+01           
3240      3.534702212188e+01            -2.397721013849e+01           -1.166429815783e+01           2.320451497757e+01            
3250      4.967384405893e+01            -4.480100243857e+00           -2.019610471610e+01           4.516123160070e+01            
3260      3.122552901590e+01            -2.175161066747e+01           -2.308476990538e+00           2.228389619607e+01            
3270      5.327232270786e+01            1.679679086750e+01            1.516074037575e+01            4.822820890830e+01            
3280      5.419599395759e+01            2.195592892684e+01            -2.142223784439e+01           4.467919730422e+01            
3290      5.955381501234e+01            -8.060407683625e+00           5.374355291398e+00            5.876055663197e+01            
3300      2.054413796762e+01            -1.042321659836e+01           8.707095088013e+00            1.541443011287e+01            
3310      7.907911944881e+01            2.543395806712e+01            -6.340710438822e+00           -7.460841977264e+01           
3320      4.461642725467e+01            -2.312170930846e+01           4.068791687968e+00            3.794017756714e+01            
3330      5.747715496902e+01            -3.965268132364e+01           2.751799911387e+01            3.120974097855e+01            
3340      3.794162374518e+01            6.087305442149e+00            -1.157060552063e+01           3.561786929002e+01            
3350      2.821146582647e+01            -6.988669023444e+00           -2.855967290007e+00           2.718250834999e+01            
3360      5.559684796124e+01            1.894260962222e+01            1.309214574404e+01            5.060417733490e+01            
3370      5.235928664727e+01            1.553328924288e+01            -1.443398936563e+01           4.787349762135e+01            
3380      4.914491148735e+01            1.858387376301e+01            7.175578634738e+00            4.492630668458e+01            
3390      4.688694884032e+01            2.426052848362e+01            1.033827476582e+01            3.876767731135e+01            
3400      2.603130330671e+01            7.311900433067e+00            2.282248796379e+01            1.016360698993e+01            
3410      6.126652381769e+01            6.802602227339e+00            3.021762330500e+01            5.286025714501e+01            
3420      5.588537084348e+01            4.454823365997e+00            9.094226071581e+00            5.496020628828e+01            
3430      3.098593214714e+01            -2.471911358896e+01           -6.046647681657e+00           1.767855950628e+01            
3440      6.577895903915e+01            1.690042843354e+01            -9.621185600485e+00           -6.283852129608e+01           
3450      4.301296721439e+01            6.362495457909e+00            4.887258465222e+00            4.225811998691e+01            
3460      1.937843808377e+01            3.641957093794e-01            -1.838629636192e+01           -6.110264326812e+00           
3470      3.830154837154e+01            -2.352974582867e+01           -7.888644527342e-01           3.021154351851e+01            
3480      3.899331903750e+01            -1.900613488029e+01           -1.056222301302e+01           3.236796582264e+01            
3490      1.290762591781e+01            -5.698567937067e+00           -7.728514575874e+00           8.625728534524e+00            
3500      3.572562366176e+01            1.335656080356e+01            -3.567560051529e+00           3.294229780694e+01            
3510      3.975822047420e+01            2.436505138178e+01            -2.061103813646e+00           3.134983600447e+01            
3520      2.847835318047e+01            -2.109699274898e+01           -7.540862233042e+00           1.758035533212e+01            
3530      5.013984355467e+01            -1.509332544768e+00           -6.886998798797e+00           4.964166671760e+01            
3540      4.698352703262e+01            7.962778954466e+00            2.739710983913e+00            4.622272111713e+01            
3550      2.928130117840e+01            -1.553717781016e+01           2.388471654422e+01            6.746185588736e+00            
3560      5.484676749297e+01            1.770108793182e+01            -3.978037976890e+00           5.175919825801e+01            
3570      5.246712805495e+01            3.306404077263e+01            1.100910594020e+00            4.072292634358e+01            
3580      5.208669514601e+01            6.865460698565e+00            -3.381517221664e+00           5.152139945605e+01            
3590      4.540120670382e+01            -3.188405319459e+01           -1.154120657131e+01           3.019068188905e+01            
3600      5.712408559105e+01            7.981017005176e+00            -2.300153047330e-01           5.656334161925e+01            
3610      3.175247726770e+01            -5.893601264628e+00           1.095618531113e+01            2.921382002063e+01            
3620      3.944475422961e+01            1.206018786342e+01            -1.253035390799e+01           3.540382374651e+01            
3630      5.136329473330e+01            -2.022895053627e+01           -6.639474107691e+00           4.674286030652e+01            
3640      4.364483136705e+01            2.255043093866e+01            2.319376593444e+01            2.929844008334e+01            
3650      3.442530822430e+01            1.848377617906e+01            -7.406264622759e+00           2.808200685205e+01            
3660      2.550158326901e+01            -1.426027142729e+01           3.028768579684e-01            2.113962330920e+01            
3670      3.250522629346e+01            3.372688959671e-01            2.352951069869e+01            2.242405209504e+01            
3680      3.079421865931e+01            1.234207990584e+01            -5.043424430683e+00           2.775825708591e+01            
3690      4.766527833304e+01            4.035564762050e+01            -6.988943195222e+00           2.438350132181e+01            
3700      6.336840243104e+01            1.265724833006e+00            2.597708381948e+01            5.778532238852e+01            
3710      2.127686673325e+01            3.913289273214e+00            -1.610247648808e+01           1.334546649614e+01            
3720      6.639996585275e+01            -7.466324336648e+00           1.479954645274e+01            6.429761186031e+01            
3730      3.948564504281e+01            -3.805556518039e+01           -9.217533046109e+00           5.091876647298e+00            
3740      3.098617518469e+01            -1.501306558683e+01           1.260632683741e+01            2.399648803325e+01            
3750      4.856434689442e+01            -7.360530022884e+00           3.242597977818e+01            3.539596336433e+01            
3760      5.399795467495e+01            1.906432552749e+01            6.582224543264e+00            5.008996827033e+01            
3770      5.082510732670e+01            1.277963676841e+01            3.134776886517e+00            4.909221519457e+01            
3780      4.131573249775e+01            2.677807022898e+01            -3.131619332784e+00           3.130683099568e+01            
3790      2.558246000754e+01            1.262619572801e+01            1.780836010992e+01            1.333805651775e+01            
3800      4.676668170526e+01            -2.487839005790e+00           1.303247054601e+01            4.484515454617e+01            
3810      4.089595545828e+01            1.566159114915e+01            -1.832804650575e+01           3.303447361175e+01            
3820      4.896910129890e+01            -1.060936913924e+01           8.911716890697e+00            4.696802604485e+01            
3830      4.052001899953e+01            1.377155035432e+01            9.810045020826e+00            3.682362498790e+01            
3840      1.916996836641e+01            1.341942751732e+01            -5.085428741357e+00           1.271003803271e+01            
3850      2.540852074985e+01            -9.825000553263e+00           4.271359355199e+00            2.303948306891e+01            
3860      3.556478317961e+01            -2.328175974312e+01           1.405018514318e+01            2.292173124610e+01            
3870      2.343857786658e+01            -1.869562666172e+01           -1.112281824471e+00           1.409266849381e+01            
3880      2.619741531946e+01            -1.002511351524e+01           3.231312751626e+00            2.398666892939e+01            
3890      7.749067874176e+01            1.058916027904e+01            -3.648243929551e-01           7.676289389807e+01            
3900      4.138176820908e+01            1.408161984699e+01            1.075124003269e+01            3.739745392877e+01            
3910      3.871944549916e+01            1.435878319493e+01            -9.721726708161e+00           3.461948634419e+01            
3920      3.338744518936e+01            -2.675395917226e+00           -2.790779893801e+00           3.316286025877e+01            
3930      5.693835076532e+01            -4.135530435947e+00           -3.009238890148e+00           5.670817980848e+01            
3940      2.798943388058e+01            -1.097783412935e+01           -6.211043627851e+00           2.498636635921e+01            
3950      4.989232635694e+01            2.025924091622e+01            2.056341918058e+01            4.069340460578e+01            
3960      5.149566069209e+01            1.211347008584e+01            1.354457862042e+01            4.818310183653e+01            
3970      5.657253203142e+01            -2.365101222513e+01           -6.189039273448e+00           5.101741657556e+01            
3980      6.770686381595e+01            1.565786560546e+01            -2.772045208364e+01           5.975472524203e+01            
3990      3.438837728237e+01            9.745736343240e+00            -2.895889501943e+00           3.285110255738e+01            
4000      6.893953201209e+01            1.141893018594e+01            1.103284632903e-02            6.798725605384e+01            
4010      1.200066120639e+01            -8.846819030461e+00           -2.494723045124e+00           7.715310710587e+00            
4020      3.806325825626e+01            8.442256754603e+00            1.022921674001e+01            3.567776695448e+01            
4030      2.274739383417e+01            -1.306877414827e+01           -1.649337818996e+00           1.854537013023e+01            
4040      5.691963923744e+01            1.393898766413e+01            2.260277733604e+01            5.034545074300e+01            
4050      1.024758633667e+02            -1.587217301191e+01           3.211508473695e+00            -1.011882548024e+02           
4060      4.033038364725e+01            -6.111417422378e+00           -5.883209033075e+00           3.942814063200e+01            
4070      3.177767268428e+01            -1.299241519495e+00           -1.662559855162e+01           2.705035906422e+01            
4080      5.291442734253e+01            1.195839035052e+01            5.113360037954e+00            5.129119876095e+01            
4090      4.384674451715e+01            4.377149488504e+00            1.251601364648e+01            4.179386282110e+01            
4100      5.088149157056e+01            -1.834148452223e+01           2.917411597851e+00            4.737092821061e+01            
4110      2.405009130548e+01            1.306100422035e+01            7.667814502124e+00            1.868212197045e+01            
4120      4.180961696705e+01            -9.727456444534e-01           6.994002621015e+00            4.120900100924e+01            
4130      5.600390790973e+01            -1.176936457560e+01           1.564748867800e+01            5.246976135565e+01            
4140      5.587359255133e+01            -2.276529131123e+01           -1.503126301615e+01           4.876126524451e+01            
4150      2.607773675102e+01            -9.647317739445e+00           3.928675709289e+00            2.390696805664e+01            
4160      4.059710791783e+01            1.015939819700e+01            -1.188479982340e+01           3.746549522860e+01            
4170      3.171119153133e+01            -2.152569126423e+00           2.033255042081e+01            2.423950304519e+01            
4180      6.755784695052e+01            -1.851354779072e+01           2.159986029223e+01            6.127607419007e+01            
4190      5.116241878330e+01            2.692935979250e+01            4.301720610412e+00            4.328854209503e+01            
4200      2.185558444192e+01            -7.450485459524e+00           8.231195022339e+00            1.882562791037e+01            
4210      1.892764218407e+01            -1.187905485195e+01           -3.212220698481e+00           1.438142317912e+01            
4220      5.560164876830e+01            3.563491957272e+01            2.403549184688e+01            3.527025637103e+01            
4230      5.416654793060e+01            6.812019248653e+00            -1.495925121552e+01           5.161232519026e+01            
4240      2.386713715723e+01            1.394629633097e+01            -1.683007513034e+01           9.585907668975e+00            
4250      4.025060503225e+01            1.407340604467e-01            9.066707508152e+00            3.921589236966e+01            
4260      4.397154802238e+01            2.998029813495e+01            -8.381444273639e+00           3.105527573717e+01            
4270      1.198106500056e+01            -8.675464396252e+00           1.270259470256e+00            8.165088911662e+00            
4280      5.286825200609e+01            3.059568923718e+00            -1.279958845413e+01           5.120411744757e+01            
4290      4.734123830959e+01            -2.308661231031e+01           4.502642628665e+00            4.108439346123e+01            
4300      4.850028485739e+01            -7.713251815744e+00           2.940206510863e+01            3.779288220052e+01            
4310      1.524950469121e+01            -5.904729190681e+00           -1.371731553084e+01           3.084934543767e+00            
4320      5.605550568297e+01            -2.046874495849e+01           -6.031592661803e+00           5.183502760836e+01            
4330      4.833647341963e+01            -1.463991652922e+01           -2.375974719848e+01           3.946595899922e+01            
4340      5.787335380484e+01            1.063708267198e+01            -1.689577783028e+01           -5.432044039180e+01           
4350      3.162508139318e+01            7.713146168918e+00            2.750054874369e+01            1.357840079311e+01            
4360      1.541197007698e+01            -8.172112772301e+00           5.114132079340e+00            1.202460176328e+01            
4370      3.557858979201e+01            -7.290704534742e+00           -1.138265501238e+00           3.480497134927e+01            
4380      4.052313557393e+01            1.815187428629e+01            2.560852657839e+01            2.562883811494e+01            
4390      2.148025386485e+01            -2.541879826773e+00           -2.047413843919e+00           2.123083252245e+01            
4400      1.667266042829e+01            7.639280164414e+00            3.712957456857e+00            1.434687949522e+01            
4410      3.368244317813e+01            -6.537283651759e+00           1.140829249143e+01            3.101002681931e+01            
4420      5.440357850902e+01            1.192950308235e+01            -4.647037517358e+00           5.287571610018e+01            
4430      5.526993803184e+01            4.916003897958e+00            6.475770283076e+00            5.466866886032e+01            
4440      2.600249066670e+01            -1.207101157398e+01           -6.988422853726e+00           -2.194497998336e+01           
4450      1.720277347206e+01            -9.765276763754e+00           6.628989227732e+00            1.251524217412e+01            
4460      3.917852220097e+01            6.715796410015e+00            -1.331033774357e+01           3.623105835582e+01            
4470      2.830396018345e+01            -1.762109740444e+01           -5.424342911711e+00           2.147527863163e+01            
4480      1.494930859276e+01            2.879285406538e+00            -1.087309692533e+00           1.462905672222e+01            
4490      2.542678461802e+01            -7.258148530113e+00           1.715847926971e+00            2.430836320728e+01            
4500      9.006921625137e+00            -5.432426095251e+00           4.206916046928e+00            5.823679357167e+00            
4510      7.524519211853e+01            -1.374017259276e+01           -2.777206676390e+00           7.392789539242e+01            
4520      4.736732255507e+01            2.967158303035e+00            1.044071123184e+01            4.610694922258e+01            
4530      5.122636334679e+01            1.451213981176e+01            -5.024099896737e+00           4.887020073673e+01            
4540      4.602459525181e+01            -1.833056018895e+01           -9.073195617609e+00           4.123022013689e+01            
4550      2.938368076776e+01            1.182180441890e+00            -2.297842153717e+01           1.827553798181e+01            
4560      7.116140219597e+01            -3.719857559168e+01           -3.377442071837e+01           5.039344839942e+01            
4570      3.114736546247e+01            2.820540144333e+00            6.279609822897e+00            3.037712015677e+01            
4580      2.043681514582e+01            -4.321878859719e+00           6.608882579957e+00            1.884960072443e+01            
4590      2.929139864341e+01            -1.112021251095e+01           -2.136248241257e+01           1.667246992414e+01            
4600      5.823895556961e+01            -2.922416262376e+01           1.772694447855e+01            4.715378780367e+01            
4610      7.333687006290e+01            -4.131162170793e+00           9.053148957826e+00            7.265858864366e+01            
4620      4.183576659536e+01            9.438647519672e+00            3.223177782003e+01            2.494505558585e+01            
4630      3.909048542454e+01            -3.004185816454e+00           7.716051260571e+00            3.820344842093e+01            
4640      4.411292640498e+01            -1.147852823093e+01           -9.913483434396e+00           4.142362263080e+01            
4650      4.992795347864e+01            3.302083063610e+01            -3.956808502467e+00           3.723934678727e+01            
4660      3.461986629656e+01            -7.524237723009e-01           9.084825363517e+00            3.339812792618e+01            
4670      3.403448765079e+01            -2.176847203301e+00           -3.885828811916e+00           3.374178448674e+01            
4680      2.415389024395e+01            1.738699638331e+01            1.661307956495e+01            2.260167704419e+00            
4690      3.299961974774e+01            -2.212180463851e+00           1.848289097805e+01            2.724819080571e+01            
4700      4.623109542421e+01            2.803810996324e+01            2.393266835543e+00            3.668038777965e+01            
4710      3.718029651225e+01            -2.623181976862e+00           1.491728588673e+01            3.395538170642e+01            
4720      3.077305916163e+01            -2.026529190426e+01           2.285953956383e+01            3.706826827649e+00            
4730      1.803198396831e+01            -7.463350330818e+00           1.339432409255e+01            9.489095308655e+00            
4740      3.796459718540e+01            -1.853299381937e+01           8.352387934068e+00            3.206363041423e+01            
4750      3.992444443999e+01            -1.308046630038e+00           7.657166009744e+00            3.916143621670e+01            
4760      1.203651063791e+01            -1.384230175195e+00           4.119976826193e+00            1.122440582438e+01            
4770      3.599741256944e+01            1.078088657784e+01            -8.953713577153e+00           3.315746084169e+01            
4780      4.911629443093e+01            -3.842053955900e+00           1.882199982973e+01            4.520377553297e+01            
4790      4.507629753825e+01            -1.406995547676e+00           -1.953279844027e+01           4.060003384700e+01            
4800      6.476459952866e+01            -2.032006768860e+01           -8.847278660428e+00           -6.085453032883e+01           
4810      3.253134871969e+01            -1.192690630827e+01           2.104521816961e+01            2.175169758040e+01            
4820      5.341113407601e+01            -2.615537316159e+01           1.737749825583e+00            4.653628609598e+01            
4830      7.435904738340e+01            -8.469784811312e-01           -7.941669050519e+00           7.392888777678e+01            
4840      4.909201586092e+01            3.882543978974e+01            3.095231539454e+00            2.988362073343e+01            
4850      2.502823709551e+01            9.891930421491e+00            1.121902322009e+01            2.006728388777e+01            
4860      4.095783053852e+01            -5.836752939851e+00           3.874348378041e+00            4.035425159989e+01            
4870      7.106621908678e+01            -1.874118449996e+01           -1.272708526335e+01           6.735871732395e+01            
4880      3.179759966889e+01            -1.246077767889e+01           -2.185918297647e+01           1.944202880209e+01            
4890      1.727869003698e+01            -1.117633383262e+01           1.092760102426e+01            7.364117551361e+00            
4900      3.555602195796e+01            -8.158797141208e+00           1.662882346862e+01            3.035040290891e+01            
4910      2.613842448322e+01            -1.166394968906e+01           2.354228507088e+00            2.327288379751e+01            
4920      3.904929036330e+01            4.878250931427e+00            1.649361702408e+01            3.505724380481e+01            
4930      2.722167944252e+01            1.834974589363e+01            -3.452336070597e+00           1.980878676159e+01            
4940      4.456917517572e+01            2.817305307659e+01            -1.018499885407e+01           3.299933718319e+01            
4950      3.128743950009e+01            5.757001609304e+00            -2.362218127669e+01           1.969145384864e+01            
4960      5.243924286673e+01            -1.418682428471e+01           2.267831721958e+01            4.510323865576e+01            
4970      5.688585635247e+01            1.164091870447e+01            1.348384652784e+01            5.402476790773e+01            
4980      3.628593413016e+01            2.667667989369e+01            -6.935285757569e+00           2.359927068806e+01            
4990      4.014064553449e+00            -3.419983028756e+00           -1.952040384402e+00           -7.784398884563e-01           
5000      3.165972976415e+01            2.377266565651e+01            2.036204744502e+01            -4.752460433265e+00           
