@    title "Magnitude of Electric Field"
@    xaxis  label "Residues"
@    yaxis  label "MV/cm"
#time  EField_Magnitude
@type xydy
21        2.511044014405e+00            5.384108598036e-02            
22        2.116099504965e+00            8.452132633188e-02            
23        9.645552663580e+00            1.375621795926e-01            
24        4.406598946187e-01            2.222066362275e-02            
25        5.471905657720e-01            3.291733619463e-02            
26        5.437128446476e-01            1.096470772208e-02            
27        6.683182245839e-01            2.511213406668e-02            
28        4.675922478819e-01            1.910669895284e-02            
29        3.969028035786e-01            1.265979329375e-02            
30        3.338651961932e-01            2.049181205265e-02            
31        7.865087988814e-01            3.162875948664e-02            
32        3.211036100407e-01            1.446267374954e-02            
33        1.563291340017e-01            1.254504105425e-02            
34        1.445485384214e-01            5.706643493423e-02            
35        3.345254854491e-02            1.336049590934e-02            
36        1.071148420716e-01            1.048811350215e-02            
37        1.227514261994e-01            5.504446097969e-02            
38        2.529253434115e-01            1.288358289951e-02            
39        2.388868461929e-02            1.147056860333e-02            
40        1.378039558057e-02            5.738507459330e-03            
41        1.762183170634e-01            1.052557856517e-02            
42        4.850465253580e-02            2.029384231241e-02            
43        1.815769258029e-01            9.970287400910e-03            
44        1.598966565522e-01            8.534667466319e-03            
45        1.188014230246e-01            7.686886154303e-03            
46        5.042089250739e+00            2.695570032148e-02            
47        9.704917218409e-03            4.492895353266e-03            
48        1.929609857117e-01            8.585359374458e-03            
49        3.905084701264e+00            2.123141239389e-02            
50        2.599756960536e-01            7.293726682063e-03            
51        2.845495102461e-01            6.478790097015e-03            
52        5.318563505977e+00            2.708165411323e-02            
53        3.998737227966e-01            9.197581195500e-03            
54        4.950150556395e-01            1.163475930834e-02            
55        7.475845910646e-01            2.324669307275e-02            
56        7.007801240183e-01            1.640101767522e-02            
57        7.091277663337e-01            3.004276165261e-02            
58        1.178934197879e+00            2.196561740895e-02            
59        1.249021404509e+00            4.254437668940e-02            
60        1.448238278262e+00            6.103750136121e-02            
61        2.089458596384e+00            9.962255749734e-02            
62        1.973283990654e+00            1.680915066910e-01            
63        2.893151493334e+00            2.439498211119e-01            
64        3.275529763726e-01            6.895903600983e-02            
65        1.156549116283e-01            4.120420956008e-02            
66        5.338424560657e-02            3.108601591844e-02            
67        2.489615054210e-01            1.688097569881e-02            
68        7.989837888157e+00            5.720933337292e-02            
69        3.101639055397e-01            1.000119414547e-02            
70        4.435193055455e-01            3.438323493294e-02            
71        1.936476080458e-02            8.181151857629e-03            
72        1.096903230889e-01            3.397790919050e-02            
73        2.024095293620e-01            1.120778623969e-02            
74        4.263939265616e+00            2.990469153104e-02            
75        2.102942175306e-01            8.412336131977e-03            
76        2.306112245502e-01            9.775575808126e-03            
77        5.122667516149e+00            4.006644352117e-02            
78        3.183624271057e-01            1.377711101619e-02            
79        2.906845235052e-01            1.476400403445e-02            
80        5.220002922447e-01            2.334528945891e-02            
81        6.369204400681e-01            2.156111873839e-02            
82        4.440969127159e-01            3.278108355161e-02            
83        6.652658346333e-01            3.955963917522e-02            
84        7.068737205045e-01            6.074264483379e-02            
85        6.519962937561e-01            7.661468274333e-02            
86        1.890807640650e-01            5.863996115801e-02            
87        1.155957293980e-01            4.870770510062e-02            
88        6.318328687585e-01            2.021556661270e-01            
89        7.831869949355e-01            1.989786894381e-01            
90        1.895221512117e-01            7.816393192060e-02            
91        1.209615212736e+00            1.104262467253e-01            
92        1.768174069707e+00            4.409198969281e-01            
93        4.038761450191e-01            1.504955348969e-01            
94        1.468036188660e+00            7.077704733607e-02            
95        2.644232061730e+00            1.090267352182e-01            
96        9.630769459713e+00            1.117839250547e+00            
97        1.512098152246e+01            6.365614514413e-01            
98        1.204168583718e+00            4.973841625367e-02            
99        6.801416232424e-01            6.193014472055e-02            
100       6.335160363770e-01            7.159674328598e-02            
101       5.035288386312e-01            1.324603889624e-01            
102       3.461038943457e-01            3.068836912620e-02            
103       4.588206437008e-01            2.311020229909e-01            
104       4.671758962280e-01            3.209906842584e-02            
105       2.236495597029e-01            2.163307325980e-02            
106       1.116892070527e-01            5.814598310502e-02            
107       5.338387268368e-02            1.547995835343e-02            
108       2.515817767258e-01            1.483378522810e-02            
109       1.877669244441e-01            2.521700621277e-02            
110       1.140634101179e-01            6.467968710842e-02            
111       1.005972542610e-01            1.538464920387e-02            
112       1.808135292740e-01            9.846625097931e-03            
113       1.505847610241e+00            3.184889814104e-02            
