@    title "Magnitude of Electric Field"
@    xaxis  label "Residues"
@    yaxis  label "MV/cm"
#time  EField_Magnitude
@type xydy
21        5.027372451452e-01            4.076758705245e-02            
22        2.687905473114e+00            2.545360131253e-02            
23        5.524827590995e+00            5.259114599340e-02            
24        1.169380554858e-01            1.039707928799e-02            
25        2.841682313274e-02            1.244533393126e-02            
26        4.380512683602e-02            9.659179474563e-03            
27        8.166570171146e-02            1.579722063621e-02            
28        1.640560678333e-01            1.839296292690e-02            
29        8.024679124492e-02            1.175409975956e-02            
30        4.177666209349e-02            1.640670286870e-02            
31        3.573129126791e-01            2.055993871024e-02            
32        6.706949534076e-02            1.261555295745e-02            
33        1.249808788753e-01            1.208512215865e-02            
34        3.321711083581e-01            5.168305153732e-02            
35        2.993234805132e-01            2.271812979175e-02            
36        1.933022559149e-01            1.026569648902e-02            
37        4.570450373661e-01            8.489230685374e-02            
38        6.851920025559e-01            1.414706613820e-02            
39        4.690186203867e-01            2.118918724124e-02            
40        3.710437325353e-01            7.677496991491e-03            
41        4.541725307378e-01            1.426239648075e-02            
42        1.454968177297e-01            6.481733493564e-02            
43        2.898204630928e-01            2.500665290342e-02            
44        3.541569218665e-01            2.258072021107e-02            
45        3.645414449126e-01            1.483892023670e-02            
46        7.662340796065e+00            1.184187955254e-01            
47        3.836328421917e-01            3.411630290115e-02            
48        4.324507042399e-01            3.071776407397e-02            
49        5.075919959257e+00            8.003083124863e-02            
50        1.848678282064e-01            1.772780881794e-02            
51        4.319196323756e-01            2.777495146914e-02            
52        6.388125866427e+00            1.116657565297e-01            
53        5.151674376726e-01            2.512425634235e-02            
54        9.135978800070e-01            1.787524637186e-02            
55        3.983584046152e+00            1.073743037742e-01            
56        2.904029415121e+00            1.398133304179e-01            
57        1.635333703173e+00            6.761435207863e-02            
58        2.525116368943e+00            7.239033018314e-02            
59        7.797110161640e+00            2.581673491993e-01            
60        5.130554489447e+00            2.892403594293e-01            
61        1.222205226221e+00            1.546264034717e-01            
62        3.438610913011e+00            2.607392877330e-01            
63        1.446375489698e+01            8.470072270255e-01            
64        6.091086745664e+01            2.182220895663e+00            
65        6.278261277249e+01            1.130088626896e+01            
66        5.315304611752e+01            7.185244833950e+00            
67        1.060501781861e+01            1.136471085896e+00            
68        3.031019160019e+01            8.631709024030e-01            
69        3.219003395549e+00            3.881964281052e-01            
70        2.849278538894e+00            7.036339057747e-01            
71        2.061718443816e+00            1.151204512552e-01            
72        6.908806771398e-01            2.530282187166e-01            
73        2.377948621167e-01            3.395564305625e-02            
74        3.906456911805e+00            8.806596417502e-02            
75        4.407598637005e-01            1.314967837146e-02            
76        9.259895617595e-01            2.429985410750e-02            
77        9.890788360021e+00            1.710493605577e-01            
78        6.385301362507e-01            1.389519674600e-02            
79        7.975861950349e-01            2.150561281602e-02            
80        1.173670977172e+00            7.683143735630e-02            
81        1.081112852561e+00            3.235945107896e-02            
82        6.867946023528e-01            3.359402078389e-02            
83        7.252354381407e-01            5.655693866077e-02            
84        1.171589610756e-01            4.750184218158e-02            
85        6.470993997471e-01            5.341383622679e-02            
86        1.707636422472e-01            3.958395936882e-02            
87        2.442526097289e-01            5.114990155173e-02            
88        4.609143516424e-01            6.596113028469e-02            
89        2.889745034974e-01            4.639470747799e-02            
90        4.449647749449e-02            1.844972944738e-02            
91        6.342842853754e-01            4.543384179015e-02            
92        8.094105162602e-01            5.011124928690e-02            
93        5.539086543525e-02            2.105405453112e-02            
94        3.668007894650e-01            2.208346038029e-02            
95        7.570586054264e-01            3.089094684156e-02            
96        8.079145444676e-01            4.972370646287e-02            
97        6.691520455596e+00            9.706107896417e-02            
98        4.345260713756e-01            1.381489710533e-02            
99        4.802281195743e-01            1.345880123016e-02            
100       2.492636420440e-01            1.044573192229e-02            
101       4.834071994223e-02            1.875550309228e-02            
102       2.517737038638e-01            6.142570060477e-03            
103       1.472449863386e-01            4.793225356901e-02            
104       1.976399839804e-01            9.050078167112e-03            
105       1.157041250802e-01            5.982182863364e-03            
106       2.562233476403e-01            3.022991228982e-02            
107       2.111868555002e-01            6.623495152956e-03            
108       1.217575620383e-01            5.676388274841e-03            
109       1.196429870132e-01            1.545954380622e-02            
110       2.562514334371e-01            2.726843216978e-02            
111       9.889059183666e-02            6.844785606630e-03            
112       3.804443752098e-02            5.120889346640e-03            
113       1.975908644275e+00            9.089869429635e-03            
