@    title "Magnitude of Electric Field"
@    xaxis  label "Residues"
@    yaxis  label "MV/cm"
#time     EField_per_residue            Std.Deviation         EField_residue_alignement   Std.Deviation
@type xydy
21        2.365507824256e-01            1.086745625796e-01            0.002738            0.001430                      
22        2.271708335711e+00            2.565439115250e-02            0.027672            0.001254                      
23        3.706853435971e+00            8.664422555767e-02            0.045208            0.002330                      
24        1.016910359784e-01            6.947456898982e-03            0.001237            0.000097                      
25        7.549042468273e-02            1.749324936716e-02            0.000811            0.000226                      
26        7.361205479197e-02            6.466663695116e-03            0.000895            0.000088                      
27        1.035474426089e-01            9.104206374611e-03            0.001260            0.000125                      
28        1.564273051703e-01            1.013573051117e-02            0.001903            0.000147                      
29        1.210068772864e-01            8.063600641255e-03            0.001473            0.000118                      
30        7.356582122540e-02            1.014158319092e-02            0.000890            0.000129                      
31        2.935474115289e-01            1.567816727029e-02            0.003570            0.000248                      
32        1.580602635711e-01            1.290705767616e-02            0.001921            0.000182                      
33        5.288143235832e-02            9.690768228785e-03            0.000626            0.000124                      
34        3.935350669555e-02            1.842716541854e-02            0.000390            0.000253                      
35        2.704356717616e-02            1.210056018204e-02            0.000180            0.000140                      
36        4.860419850325e-02            1.251588209634e-02            0.000537            0.000162                      
37        2.092154888412e-01            3.761459132066e-02            0.002327            0.000555                      
38        3.138560632347e-01            2.380667761217e-02            0.003800            0.000331                      
39        6.315417654677e-02            2.414324685818e-02            0.000484            0.000287                      
40        1.546970931033e-01            1.043391208978e-02            0.001857            0.000149                      
41        4.324029128610e-01            1.831126768841e-02            0.005251            0.000323                      
42        3.935162316627e-01            6.816233745035e-02            0.004661            0.000903                      
43        4.472615971893e-01            1.793505815606e-02            0.005365            0.000330                      
44        4.745496120315e-01            1.730253945535e-02            0.005731            0.000339                      
45        5.155445459732e-01            1.849310426479e-02            0.006247            0.000348                      
46        1.726496568032e+00            2.136989595022e-01            0.020058            0.002852                      
47        3.762963492958e-01            3.435976850139e-02            0.004452            0.000453                      
48        2.680460170848e-01            3.303628404935e-02            0.003162            0.000422                      
49        3.698697981297e-01            1.102845859301e-01            0.003370            0.001218                      
50        4.825888175308e-01            1.206399037992e-02            0.005863            0.000285                      
51        7.116352097872e-01            1.644916719682e-02            0.008658            0.000424                      
52        2.953482844046e+00            1.169227054706e-01            0.035714            0.002128                      
53        8.552215251123e-01            3.207859931456e-02            0.010402            0.000578                      
54        7.350208039052e-01            2.569174667467e-02            0.008948            0.000524                      
55        1.067145123553e+00            1.928919559155e-01            0.012821            0.002522                      
56        8.664889573727e-01            9.144846945864e-02            0.010368            0.001271                      
57        7.029227934196e-01            6.393922260043e-02            0.008529            0.000867                      
58        4.548428986685e-01            4.566335737075e-02            0.005511            0.000605                      
59        4.246502849235e-01            1.203201884551e-01            0.005036            0.001502                      
60        1.742739305605e+00            1.429949573780e-01            0.021204            0.001969                      
61        1.331413499061e-01            4.986599648814e-02            0.001545            0.000644                      
62        5.901774651077e-01            8.775595519990e-02            0.007152            0.001130                      
63        9.845471360965e-01            1.442606000614e-01            0.011955            0.001856                      
64        3.525325724777e+00            1.811562549893e-01            0.042952            0.002934                      
65        7.886213268990e+00            4.057210968635e-01            0.096082            0.006452                      
66        2.786816878818e+01            1.811922281405e+00            0.339057            0.022405                      
67        6.536316028257e+00            2.438691896144e+00            0.047011            0.032425                      
68        3.183788111274e+01            1.314698603759e+00            0.387822            0.020378                      
69        4.301251943385e+00            4.438481253892e-01            0.051698            0.005343                      
70        3.488922732762e+00            7.699765724602e-01            0.037656            0.010599                      
71        4.106178483958e-01            1.210274012907e-01            0.003599            0.001330                      
72        2.879005062938e+00            5.161052759878e-01            0.031688            0.007997                      
73        7.114718362209e-01            6.395127018624e-02            0.008581            0.000860                      
74        1.119598991326e+00            1.269611514880e-01            0.013156            0.001591                      
75        4.839594516732e-01            1.488182726981e-02            0.005882            0.000311                      
76        5.799661074941e-01            2.681694601601e-02            0.007025            0.000437                      
77        2.466666462367e+00            2.117037712882e-01            0.029007            0.003025                      
78        4.733340359176e-01            2.223163162086e-02            0.005758            0.000374                      
79        2.176677533222e-01            2.285668538727e-02            0.002623            0.000307                      
80        4.147591508764e-01            5.460346781063e-02            0.004900            0.000733                      
81        3.653110914234e-01            3.061681083978e-02            0.004431            0.000428                      
82        2.143185523383e-01            2.209353567187e-02            0.002598            0.000295                      
83        1.149444349499e-01            3.516864342473e-02            0.001221            0.000450                      
84        3.761000867305e-01            3.604490553829e-02            0.004570            0.000489                      
85        1.286442124850e-01            3.029271176239e-02            0.001537            0.000386                      
86        5.980194571901e-02            2.192614191402e-02            0.000682            0.000286                      
87        2.861704598645e-01            2.905916714176e-02            0.003476            0.000383                      
88        2.431400483419e-01            2.740908036566e-02            0.002953            0.000367                      
89        3.522121951735e-02            1.626664818119e-02            0.000343            0.000231                      
90        1.107741938982e-01            1.907218961487e-02            0.001335            0.000238                      
91        3.309210631984e-01            2.172769145735e-02            0.004033            0.000326                      
92        2.715479198956e-01            2.065085514823e-02            0.003302            0.000302                      
93        6.366956036576e-02            1.246503995228e-02            0.000766            0.000159                      
94        2.281715588977e-01            1.157031556028e-02            0.002779            0.000187                      
95        3.367995111157e-01            1.298545586172e-02            0.004105            0.000239                      
96        2.863213504338e-01            6.269357993299e-02            0.003440            0.000815                      
97        4.288936503183e+00            6.027192862144e-02            0.052308            0.002487                      
98        2.437162726371e-01            8.988810976451e-03            0.002970            0.000162                      
99        2.240246783937e-01            8.141260904867e-03            0.002729            0.000156                      
100       1.209643706886e-01            6.641650195605e-03            0.001473            0.000109                      
101       3.584229371265e-02            2.185536583929e-02            0.000341            0.000287                      
102       1.605101525655e-01            4.441046462618e-03            0.001955            0.000101                      
103       1.363422768051e-01            5.887592454640e-02            0.001289            0.000814                      
104       9.800156037055e-02            6.372505961295e-03            0.001193            0.000096                      
105       6.996500646678e-02            4.175932658099e-03            0.000851            0.000063                      
106       1.663701578280e-01            1.405389240064e-02            0.002016            0.000215                      
107       1.308965561080e-01            4.651063192626e-03            0.001594            0.000090                      
108       7.512386659886e-02            3.988190745261e-03            0.000914            0.000061                      
109       8.663172791301e-02            1.141655739923e-02            0.001036            0.000144                      
110       6.114756405504e-02            2.847699400986e-02            0.000597            0.000358                      
111       5.094399727601e-02            7.335485519489e-03            0.000617            0.000093                      
112       2.011789692138e+00            2.468245528065e-02            0.024523            0.001113                      
1         6.712751392837e-01            2.693287637332e-01            0.002681            0.001584                      
2         6.769241205880e-01            1.433972623633e-01            0.001231            0.000914                      
3         5.016134789250e-01            1.834829889922e-01            0.002815            0.001353                      
4         5.556741792854e-01            1.402482595420e-01            0.002226            0.001357                      
5         4.050943171764e-01            1.303139875015e-01            0.001035            0.000849                      
6         7.105181265242e-01            1.667853174889e-01            0.003480            0.002060                      
7         7.885260113008e-01            9.922792914411e-02            0.003319            0.001024                      
8         4.087623514104e-01            1.390534672070e-01            0.001340            0.000886                      
9         5.133113651608e-01            1.663012033188e-01            0.001708            0.001356                      
10        7.176545615691e-01            2.021841558423e-01            0.001314            0.000882                      
11        7.463125176947e-01            2.013904211372e-01            0.003157            0.001829                      
12        6.291764590400e-01            1.272029464849e-01            0.005624            0.001417                      
13        7.598858161076e-01            1.675606871869e-01            0.004810            0.002812                      
14        4.109812005083e-01            1.030961503512e-01            0.002086            0.001121                      
15        4.646631234084e-01            1.274080428846e-01            0.002021            0.001541                      
16        4.370999406430e-01            1.222240220775e-01            0.001296            0.000823                      
17        6.891357942268e-01            1.758499426428e-01            0.002616            0.001645                      
18        2.501203136604e-01            4.806196938333e-02            0.000469            0.000321                      
19        1.948769088446e-01            3.097516047260e-02            0.000655            0.000435                      
20        4.795488669293e-01            1.930146764705e-01            0.001770            0.001138                      
21        3.375812370573e-01            1.039514550663e-01            0.000716            0.000569                      
22        3.340502383507e-01            7.469223229298e-02            0.001503            0.000840                      
23        3.160222882548e-01            6.447538244479e-02            0.000693            0.000470                      
24        3.775712225440e-01            9.331620063221e-02            0.001236            0.001114                      
25        3.512263787599e-01            1.224456067849e-01            0.001472            0.000884                      
26        4.298329671885e-01            1.585305946739e-01            0.002236            0.001193                      
27        5.558832428657e-01            1.179876557292e-01            0.001612            0.001242                      
28        2.554355223415e-01            6.463576781637e-02            0.000697            0.000492                      
29        1.960227940918e-01            4.624293345310e-02            0.000773            0.000520                      
30        3.086370284474e-01            1.112498775890e-01            0.001169            0.000870                      
31        2.075239469155e-01            5.711123123625e-02            0.000746            0.000495                      
32        2.187556258013e-01            5.947745216809e-02            0.000734            0.000499                      
33        2.188171706560e-01            6.417012408889e-02            0.000470            0.000383                      
34        2.627096996214e-01            5.110988402398e-02            0.000949            0.000818                      
35        2.740075983238e-01            8.003258083653e-02            0.000966            0.000644                      
36        2.672705481802e-01            1.219294213670e-01            0.000801            0.000675                      
37        2.231507565136e-01            5.581123552056e-02            0.001096            0.000574                      
38        3.116854206953e-01            9.377645867202e-02            0.001368            0.000835                      
39        1.975100309261e-01            4.394782136648e-02            0.000853            0.000541                      
40        1.622522811909e-01            3.837529938070e-02            0.000760            0.000426                      
41        2.582535572072e-01            8.297871596277e-02            0.000886            0.000559                      
42        1.781788310467e-01            4.442078297837e-02            0.001163            0.000545                      
43        1.328323539970e-01            4.471960831108e-02            0.000668            0.000392                      
44        1.904382940453e-01            4.570605669949e-02            0.000530            0.000421                      
45        1.252600686612e-01            4.846254418946e-02            0.000467            0.000312                      
46        1.968000336914e-01            6.335607249239e-02            0.000871            0.000649                      
47        1.219879169230e-01            3.729020955836e-02            0.000487            0.000275                      
48        2.021943366928e-01            4.207545832915e-02            0.000616            0.000378                      
49        1.357453635533e-01            4.115703397872e-02            0.000873            0.000426                      
50        1.149420468660e-01            2.396335719821e-02            0.000347            0.000312                      
51        1.150414872274e-01            2.995656632419e-02            0.000541            0.000337                      
52        9.002355275308e-02            2.158287242804e-02            0.000421            0.000243                      
53        1.597657823759e-01            3.538278515421e-02            0.000630            0.000450                      
54        1.670276877222e-01            6.210390048310e-02            0.000708            0.000423                      
55        1.684229555964e-01            5.980290574055e-02            0.001002            0.000456                      
56        1.627409951146e-01            3.678844604671e-02            0.000308            0.000234                      
57        1.769761419253e-01            4.366540212638e-02            0.000790            0.000502                      
58        1.982702653238e-01            6.228326455553e-02            0.000451            0.000362                      
59        1.661612496696e-01            4.770312294891e-02            0.000740            0.000479                      
60        2.163540995700e-01            5.521688657880e-02            0.000516            0.000335                      
61        2.123180262669e-01            4.202888102879e-02            0.000675            0.000510                      
62        1.603754355780e-01            5.939147179756e-02            0.000835            0.000402                      
63        1.377391564063e-01            4.408018446039e-02            0.000605            0.000384                      
64        1.003327831125e-01            3.308020332442e-02            0.000561            0.000284                      
65        1.111171584509e-01            2.605798362704e-02            0.000332            0.000239                      
66        1.146240262878e-01            2.217450553871e-02            0.000313            0.000246                      
67        1.292265844825e-01            3.405534366652e-02            0.000435            0.000306                      
68        1.482069987203e-01            3.685223051747e-02            0.000305            0.000227                      
69        1.140388461484e-01            2.763561240643e-02            0.000450            0.000313                      
70        1.198414351233e-01            3.680293568183e-02            0.000305            0.000226                      
71        8.143242296570e-02            2.160069439415e-02            0.000368            0.000281                      
72        1.194838502280e-01            3.262265204374e-02            0.000339            0.000349                      
73        1.151333147123e-01            2.456456531330e-02            0.000339            0.000247                      
74        1.613655545005e-01            5.262642132013e-02            0.000698            0.000419                      
75        1.049315490791e-01            2.539152730356e-02            0.000416            0.000272                      
76        1.174361994238e-01            3.071837382646e-02            0.000551            0.000345                      
77        7.991713913989e-02            1.843073820569e-02            0.000402            0.000190                      
78        1.191663985220e-01            2.938174728643e-02            0.000600            0.000330                      
79        1.335900539651e-01            5.280997709592e-02            0.000337            0.000224                      
80        8.458034536590e-02            1.627097849593e-02            0.000361            0.000173                      
81        8.048995590971e-02            2.744874146993e-02            0.000390            0.000233                      
82        7.449295835633e-02            9.787624191884e-03            0.000249            0.000136                      
83        9.248086350970e-02            3.246440457122e-02            0.000365            0.000277                      
84        1.197506246435e-01            3.995382126723e-02            0.000256            0.000189                      
85        8.270883833534e-02            2.236152251641e-02            0.000359            0.000162                      
86        8.197178673519e-02            2.817946314689e-02            0.000269            0.000192                      
87        7.734793867710e-02            1.910438685604e-02            0.000376            0.000166                      
88        7.566806066228e-02            2.044691387710e-02            0.000290            0.000186                      
89        6.891862490589e-02            2.262638267886e-02            0.000278            0.000200                      
90        8.703279299800e-02            2.382288280105e-02            0.000419            0.000240                      
91        6.527168578929e-02            1.688340768896e-02            0.000163            0.000137                      
92        9.505340283290e-02            2.869085470016e-02            0.000463            0.000209                      
93        8.587183792491e-02            2.913135313542e-02            0.000384            0.000196                      
94        5.367406004794e-02            1.137182719902e-02            0.000205            0.000129                      
95        6.184736199871e-02            1.390155174967e-02            0.000141            0.000113                      
96        5.814569406443e-02            1.496767249895e-02            0.000315            0.000138                      
97        4.363944817535e-02            9.778483724935e-03            0.000180            0.000102                      
98        5.476380271740e-02            1.045355499094e-02            0.000193            0.000112                      
99        4.294909878205e-02            1.130670148141e-02            0.000148            0.000097                      
100       4.973055311693e-02            7.607824259216e-03            0.000119            0.000079                      
101       8.677100173433e-02            2.198848668334e-02            0.000915            0.000304                      
102       6.563660394387e-02            2.139629194665e-02            0.000359            0.000286                      
103       9.410952767812e-02            1.619909513303e-02            0.000512            0.000351                      
104       9.218006004137e-02            1.618069439596e-02            0.000597            0.000398                      
105       9.299650084096e-02            2.193286803133e-02            0.000660            0.000404                      
106       1.103671684947e-01            2.495289601882e-02            0.001175            0.000391                      
107       6.510489554966e-02            1.595286004021e-02            0.000381            0.000334                      
108       9.781039953002e-02            2.487957681502e-02            0.000665            0.000360                      
109       1.183308797096e-01            3.292403655713e-02            0.000991            0.000532                      
110       8.760022757452e-02            1.872608682195e-02            0.000718            0.000343                      
111       1.087669468301e-01            3.324384119273e-02            0.000721            0.000488                      
112       8.995960024844e-02            1.845197583624e-02            0.000446            0.000278                      
113       9.844872061605e-02            2.295271856194e-02            0.000890            0.000391                      
114       8.186342502937e-02            1.082568767385e-02            0.000718            0.000185                      
115       7.028774622632e-02            1.547149126816e-02            0.000487            0.000290                      
116       1.006290203556e-01            3.589315743717e-02            0.000801            0.000544                      
117       8.405818417993e-02            2.148338136653e-02            0.000654            0.000439                      
118       1.153994715924e-01            1.536102955608e-02            0.001294            0.000152                      
119       9.207770796299e-02            1.725696192206e-02            0.000888            0.000291                      
120       6.858904827096e-02            1.177452647894e-02            0.000494            0.000304                      
121       7.836481206573e-02            1.534551935123e-02            0.000509            0.000297                      
122       6.770924420050e-02            1.059035795469e-02            0.000198            0.000143                      
123       1.103338097795e-01            3.025520050489e-02            0.000898            0.000378                      
124       7.675764879687e-02            1.829840686478e-02            0.000578            0.000346                      
125       6.755816636025e-02            1.825806653632e-02            0.000500            0.000327                      
126       7.779887446699e-02            1.536456249591e-02            0.000666            0.000231                      
127       6.736571960562e-02            1.652612161427e-02            0.000398            0.000273                      
128       5.911474821688e-02            8.637498945786e-03            0.000396            0.000200                      
129       6.686231865492e-02            1.597863473503e-02            0.000587            0.000237                      
130       5.800605466753e-02            1.335331846747e-02            0.000499            0.000265                      
131       7.285226724839e-02            1.563095384166e-02            0.000660            0.000228                      
132       7.720825085126e-02            1.824963275967e-02            0.000580            0.000296                      
133       6.560154802451e-02            9.907184765092e-03            0.000428            0.000252                      
134       8.407707353731e-02            2.255414802575e-02            0.000407            0.000285                      
135       6.227879242761e-02            1.165871802911e-02            0.000490            0.000274                      
136       7.140421832092e-02            1.957432775016e-02            0.000399            0.000288                      
137       7.626885093402e-02            1.366115886598e-02            0.000754            0.000198                      
138       5.800951607299e-02            1.196856907286e-02            0.000453            0.000224                      
139       7.295936088882e-02            1.969960500951e-02            0.000535            0.000285                      
140       7.071159332907e-02            1.522098369127e-02            0.000658            0.000235                      
141       9.164282030885e-02            1.334593115473e-02            0.000713            0.000215                      
142       5.835936446170e-02            1.552746841528e-02            0.000371            0.000190                      
143       6.007336105421e-02            1.141009375083e-02            0.000561            0.000123                      
144       6.950223639712e-02            2.029306080796e-02            0.000586            0.000257                      
145       5.281955747177e-02            9.528497977120e-03            0.000484            0.000209                      
146       6.444524765901e-02            1.460848823318e-02            0.000596            0.000209                      
147       5.768014118399e-02            1.339377117068e-02            0.000463            0.000232                      
148       6.558083428332e-02            1.753850891405e-02            0.000589            0.000168                      
149       7.090035704200e-02            1.079689465765e-02            0.000613            0.000164                      
150       6.740074869868e-02            2.110169377365e-02            0.000423            0.000264                      
151       4.527414204789e-02            6.861514598970e-03            0.000190            0.000129                      
152       5.407468582491e-02            9.148787127491e-03            0.000203            0.000146                      
153       4.801325298488e-02            9.074602095503e-03            0.000224            0.000151                      
154       5.309467673804e-02            1.205189733423e-02            0.000376            0.000198                      
155       5.035980030014e-02            9.992691911283e-03            0.000309            0.000197                      
156       6.843220595059e-02            1.291871830238e-02            0.000585            0.000133                      
157       5.447525479516e-02            1.551381872558e-02            0.000316            0.000193                      
158       6.298158479147e-02            1.865302577423e-02            0.000492            0.000279                      
159       4.531951317644e-02            1.208435306025e-02            0.000304            0.000190                      
160       6.670979924203e-02            1.464385965856e-02            0.000574            0.000094                      
161       4.548018334670e-02            1.039263178050e-02            0.000313            0.000195                      
162       4.901800030621e-02            1.027325176671e-02            0.000231            0.000150                      
163       4.446753459890e-02            9.395669670833e-03            0.000258            0.000187                      
164       5.812730805506e-02            1.023185620330e-02            0.000357            0.000206                      
165       5.724306884121e-02            1.257483958133e-02            0.000412            0.000228                      
166       5.343734425309e-02            1.081237140445e-02            0.000415            0.000176                      
167       5.504189968640e-02            1.163277318472e-02            0.000548            0.000123                      
168       3.788358557657e-02            8.284253694016e-03            0.000242            0.000155                      
169       4.265855582527e-02            1.079976089389e-02            0.000295            0.000194                      
170       4.652205407468e-02            9.876240703883e-03            0.000184            0.000122                      
171       4.045047300880e-02            8.079849051993e-03            0.000263            0.000152                      
172       4.513639660112e-02            1.014127745028e-02            0.000384            0.000194                      
173       6.157712314959e-02            1.270907033600e-02            0.000564            0.000153                      
174       3.816826531225e-02            9.122300639517e-03            0.000248            0.000170                      
175       4.391126799226e-02            1.210754794036e-02            0.000239            0.000163                      
176       5.748489761311e-02            1.198603868813e-02            0.000404            0.000154                      
177       3.928986166039e-02            6.928710404324e-03            0.000254            0.000138                      
178       5.385942064419e-02            1.076952364514e-02            0.000441            0.000136                      
179       4.491602556399e-02            1.223361434389e-02            0.000404            0.000193                      
180       4.530415111567e-02            1.025970968576e-02            0.000335            0.000141                      
181       3.801923283311e-02            9.191020785260e-03            0.000270            0.000145                      
182       5.234735418995e-02            1.288870777344e-02            0.000383            0.000205                      
183       3.087033132887e-02            6.571520915746e-03            0.000196            0.000129                      
184       4.727910147073e-02            1.486236156770e-02            0.000282            0.000194                      
185       3.471326021736e-02            8.305704433035e-03            0.000225            0.000142                      
186       2.950828928097e-02            6.195536055589e-03            0.000288            0.000124                      
187       3.706645525451e-02            1.427398858930e-02            0.000328            0.000164                      
188       2.954874189739e-02            6.270946417290e-03            0.000262            0.000113                      
189       2.879572167014e-02            8.579988491455e-03            0.000201            0.000135                      
190       3.259129779051e-02            7.670903089189e-03            0.000150            0.000115                      
191       4.672111286952e-02            1.199206183660e-02            0.000319            0.000195                      
192       3.604660765811e-02            5.960890102515e-03            0.000236            0.000163                      
193       3.533460161717e-02            7.303264546384e-03            0.000302            0.000108                      
194       3.922407688899e-02            1.162857065661e-02            0.000302            0.000157                      
195       3.682738262842e-02            8.660268683101e-03            0.000258            0.000123                      
196       4.289549962293e-02            9.602711620240e-03            0.000181            0.000109                      
197       3.298035093305e-02            7.415850743676e-03            0.000286            0.000101                      
198       3.437052371478e-02            6.965379719782e-03            0.000281            0.000126                      
199       2.750826780871e-02            5.774145139734e-03            0.000189            0.000102                      
200       2.734501653550e-02            7.933580436897e-03            0.000219            0.000086                      
201       2.608625027584e-02            6.844140318481e-03            0.000151            0.000092                      
202       2.821161986273e-02            6.673828210180e-03            0.000250            0.000112                      
