@    title "Magnitude of Electric Field"
@    xaxis  label "Residues"
@    yaxis  label "MV/cm"
#time  EField_Magnitude
@type xydy
21        4.692623957778e-01            1.074531138282e-01            
22        3.640416670965e-01            8.111096962977e-02            
23        5.657169434188e+00            3.176517185936e-01            
24        2.368195032918e-01            2.070591493116e-02            
25        2.206570087975e-01            2.324659417707e-02            
26        1.110386406652e-01            1.709816911058e-02            
27        9.686196890374e-02            2.646318662239e-02            
28        1.786442670885e-01            2.148914047102e-02            
29        1.110019950296e-01            1.239730288448e-02            
30        1.305686335548e-01            1.898989041105e-02            
31        2.262310084113e-01            2.454557192407e-02            
32        6.357853819871e-02            9.672810121282e-03            
33        5.791887891799e-02            9.293202680148e-03            
34        1.936297798933e-01            3.727279657164e-02            
35        1.005010703716e-01            1.101837688857e-02            
36        2.799068867190e-02            6.354786840374e-03            
37        1.480760594366e-01            4.733512707950e-02            
38        1.864625120433e-01            6.203787829956e-03            
39        6.325107727692e-02            7.501603738434e-03            
40        5.529763178347e-02            4.171972092742e-03            
41        1.328684358986e-01            5.284042499738e-03            
42        3.258487434930e-02            8.377024673519e-03            
43        1.255871303524e-01            5.317692927197e-03            
44        1.209878317842e-01            4.574959821225e-03            
45        8.947500330604e-02            4.052874755480e-03            
46        3.379390613252e+00            1.405477394489e-02            
47        1.742670344134e-02            3.990701988674e-03            
48        9.279609945161e-02            5.013050904546e-03            
49        2.804398826963e+00            1.152243022918e-02            
50        1.542128641227e-01            3.055906378955e-03            
51        1.618634032500e-01            2.972796815313e-03            
52        3.537640570591e+00            1.348406911426e-02            
53        2.000257986877e-01            3.952039738011e-03            
54        2.436749262029e-01            4.620266190310e-03            
55        3.437134051246e-01            9.980591679497e-03            
56        2.916244492004e-01            7.381957813451e-03            
57        2.858882896016e-01            1.089801245281e-02            
58        4.199329310230e-01            8.264412060367e-03            
59        4.059793401683e-01            1.548643399199e-02            
60        3.685597220108e-01            1.949730848176e-02            
61        6.405923471026e-01            1.601024745023e-02            
62        3.117317191358e-01            4.010120656796e-02            
63        4.515425858263e-01            5.370635218352e-02            
64        2.367666679650e-02            1.193513933675e-02            
65        1.494211980065e-02            6.852970820023e-03            
66        2.112767651981e-02            1.218000677937e-02            
67        1.166921818289e-01            6.520307399869e-03            
68        4.610143327980e+00            2.481670000788e-02            
69        1.225000697794e-01            4.460536273907e-03            
70        2.150082647879e-01            1.433344381784e-02            
71        1.488338235029e-02            5.273406977375e-03            
72        7.109908943317e-02            1.680231848015e-02            
73        1.232767332609e-01            5.915568517032e-03            
74        3.057335587895e+00            1.717781309322e-02            
75        1.419883525723e-01            4.178931322671e-03            
76        1.488143545486e-01            3.559234381588e-03            
77        3.378192487055e+00            1.863708530588e-02            
78        2.109670623079e-01            5.955785733346e-03            
79        2.195758809256e-01            6.741763799450e-03            
80        2.849383118556e-01            9.420812415579e-03            
81        3.640600536905e-01            7.428424998930e-03            
82        3.483664422081e-01            1.395264900210e-02            
83        4.348353531244e-01            1.911342356421e-02            
84        4.652941848411e-01            1.655577139928e-02            
85        5.561645176824e-01            2.448422186198e-02            
86        4.385069224724e-01            4.163283414533e-02            
87        3.288670317092e-01            2.889560301124e-02            
88        4.834371104986e-01            6.146117016100e-02            
89        9.299291691040e-01            6.541350483784e-02            
90        6.194861717604e-01            5.088556629749e-02            
91        1.544830382244e-01            4.008212630908e-02            
92        4.547961461624e-01            1.101898561751e-01            
93        5.103586248036e-01            8.597747679508e-02            
94        2.300823331777e-01            4.509796555970e-02            
95        5.791381339434e-01            6.117236185585e-02            
96        1.886464746264e+00            8.241941253527e-01            
97        1.329077831607e+01            8.881446459137e-01            
98        6.566652638668e-01            3.404995825542e-02            
99        1.423780546730e+00            5.417100050754e-02            
100       1.483649519762e+00            6.658199549924e-02            
101       8.586947118507e-01            1.488967751668e-01            
102       6.054600616146e-01            1.543166923796e-02            
103       2.452491463458e-01            8.703981275425e-02            
104       5.581355115168e-01            3.005199192498e-02            
105       1.762707569331e-01            1.825584629797e-02            
106       4.638904959918e-01            4.661415033134e-02            
107       3.625133941500e-01            1.340423435591e-02            
108       1.234049955070e-01            1.605209307736e-02            
109       9.756342386830e-02            3.754783000368e-02            
110       3.331535697706e-01            4.043236004574e-02            
111       9.818495574493e-02            1.285736736075e-02            
112       1.327969033327e-01            7.238318978039e-03            
113       2.193325051792e-01            3.602657336410e-02            
