@    title "Electric Field"
@    xaxis  label "Time (ps)"
@    yaxis  label "MV/cm"
#time      Magnitude                     Efield_X                      Efield_Y                     Efield_Z
@type xy
10        4.660276199282e+01            -2.816965695194e+00           -1.970487370601e+00           -4.647579272216e+01           
20        4.653829622484e+01            -2.316605799548e+00           -4.387506934056e+00           -4.627306058587e+01           
30        4.607573441422e+01            -4.559789697006e+00           -3.742612085271e+00           -4.569654773075e+01           
40        4.236945722869e+01            -4.508943112152e+00           1.504895029658e+00            -4.210196704211e+01           
50        4.521472462064e+01            -4.105621049071e+00           -1.520927449003e-01           -4.502768110972e+01           
60        4.296320917387e+01            -3.046399126280e+00           -3.426871756623e+00           -4.271783403738e+01           
70        4.561516517668e+01            -4.839683383901e+00           -3.524136136228e+00           -4.522058406669e+01           
80        4.779305690111e+01            -2.531421311938e+00           -2.598068354923e+00           -4.765520155154e+01           
90        4.354270979921e+01            2.815387123389e+00            -1.548727962821e+00           -4.342398661686e+01           
100       4.682713481812e+01            -5.658516555206e-01           -2.996947329955e+00           -4.672770777472e+01           
110       4.676864062693e+01            8.574712798678e-02            -5.788622948220e+00           -4.640894566659e+01           
120       4.415141284627e+01            -3.046532942475e+00           -2.899337434100e+00           -4.395065114189e+01           
130       4.977273822254e+01            -4.992479690102e+00           -3.312253887037e+00           -4.941082463288e+01           
140       3.962052591522e+01            3.655406090848e-01            -4.127092840370e+00           -3.940329375253e+01           
150       4.630021407036e+01            8.773089253943e-01            -3.520791636828e+00           -4.615781817050e+01           
160       4.270484866564e+01            8.557621855151e-01            -4.315949704611e+00           -4.247757465751e+01           
170       4.632235821866e+01            -4.517448880087e+00           -2.136853540474e+00           -4.605200737753e+01           
180       4.507096806583e+01            -3.910556977220e+00           -2.184501053995e+00           -4.484782783664e+01           
190       4.575874851801e+01            -1.658044438053e+00           1.688016560357e+00            -4.569753335431e+01           
200       4.589974194571e+01            -4.567726657253e-01           2.310645717764e+00            -4.583926903629e+01           
210       4.518693083083e+01            -4.615917224942e-01           3.794215405603e-01            -4.518298009523e+01           
220       4.905416505938e+01            1.553508073564e+00            -2.919964558443e+00           -4.894253292705e+01           
230       4.812262247776e+01            4.634063321980e+00            1.096541223472e+00            -4.788642655921e+01           
240       4.583664202829e+01            -4.108067944795e+00           3.005508889891e+00            -4.555313871187e+01           
250       5.043650414538e+01            -4.844007805614e+00           -1.923482214815e-01           -5.020298338692e+01           
260       4.757175884639e+01            -5.561692333152e+00           -2.144617900743e+00           -4.719682650550e+01           
270       4.653457528531e+01            -2.444409460452e+00           7.209203279358e-01            -4.646473752487e+01           
280       4.259454000144e+01            -1.041427955678e+00           1.741981469196e+00            -4.254616041794e+01           
290       4.527376099118e+01            -1.775702952514e+00           -1.391966060307e+00           -4.521750483826e+01           
300       4.328648180835e+01            -2.151727303778e+00           -1.787752440230e+00           -4.319598960746e+01           
310       4.578051232452e+01            -3.397985527325e+00           3.199981972231e+00            -4.554194899682e+01           
320       4.610543874319e+01            4.535752024500e-01            -1.928930942593e+00           -4.606283726234e+01           
330       4.487873644926e+01            -7.153221343349e-01           -6.881583819261e+00           -4.434222709410e+01           
340       4.496540750943e+01            -5.942599280747e+00           -5.020769970512e+00           -4.428730354380e+01           
350       4.055549014764e+01            -6.726650645570e+00           1.384585693170e+00            -3.996977451357e+01           
360       4.384297690917e+01            -4.967071542722e+00           -6.020500369309e+00           -4.314265174802e+01           
370       4.012414548913e+01            -2.811984930358e+00           -5.419642967880e+00           -3.965686904037e+01           
380       4.329235964894e+01            -2.386989842424e+00           -2.100488796265e+00           -4.317544012841e+01           
390       4.301025433254e+01            -1.628854726743e+00           -3.761695976900e+00           -4.281446546911e+01           
400       4.544201913129e+01            -6.735947571897e+00           -9.322482604128e-02           -4.493990901380e+01           
410       4.755466430047e+01            -5.063309500999e+00           5.718145219184e-02            -4.728430737474e+01           
420       4.266254065380e+01            -4.699746928351e+00           2.196134640565e-01            -4.240231743400e+01           
430       4.596940339772e+01            -4.528290310059e+00           4.918107721737e-01            -4.574318263714e+01           
440       4.035733888541e+01            -1.429233153831e+00           -1.050722150507e+00           -4.031833425957e+01           
450       4.303522167705e+01            -4.028487738823e+00           4.863035130729e-01            -4.284349542491e+01           
460       3.975249024655e+01            -5.628703788095e+00           -9.039294469799e-01           -3.934159485865e+01           
470       4.382766751881e+01            -2.362743233730e+00           -4.213548674458e-01           -4.376190517592e+01           
480       4.343753700158e+01            -2.072485503123e+00           3.831894038396e+00            -4.321852626688e+01           
490       4.217366668401e+01            5.118866218522e-01            -4.030885189561e+00           -4.197747131794e+01           
500       4.650563257903e+01            1.128563643328e+00            -6.046035597469e-01           -4.648800555212e+01           
510       4.096335981886e+01            -7.577687148890e-01           5.671136668324e+00            -4.056181508652e+01           
520       4.107188706104e+01            -1.958614355852e+00           -4.292729602265e-01           -4.102291385660e+01           
530       4.437294288580e+01            -7.627441813711e-01           -2.414641872567e+00           -4.430062963760e+01           
540       3.862154663416e+01            -2.578940395099e+00           1.086696269333e+00            -3.852002105492e+01           
550       4.309618085009e+01            5.019139783469e+00            -4.470726347971e+00           -4.256878722279e+01           
560       4.584052176983e+01            1.301300260271e+00            -2.349333788378e+00           -4.576178192022e+01           
570       4.367799236432e+01            -3.680710717152e+00           -5.057381111522e+00           -4.322779524666e+01           
580       4.163271115301e+01            -6.517145814680e-01           -5.399145197452e+00           -4.127598741630e+01           
590       4.262027061607e+01            2.427132238076e+00            -1.205452995591e+00           -4.253402613862e+01           
600       4.106147161471e+01            2.028510527700e+00            -4.131305239956e+00           -4.080271943412e+01           
610       4.403213069348e+01            2.156724491506e+00            -2.901119407732e+00           -4.388348868376e+01           
620       4.127493017967e+01            -1.798438974311e+00           -9.476949394548e-01           -4.122483902812e+01           
630       4.384177763258e+01            2.431799298309e+00            -2.414174167348e+00           -4.370766044124e+01           
640       4.161858604723e+01            -2.252036314792e-01           -5.630617641527e+00           -4.123532627335e+01           
650       4.446928062220e+01            -4.220254664712e-01           -2.277716735392e+00           -4.440890473807e+01           
660       4.074694523805e+01            -1.047109439119e+00           -1.831195069778e+00           -4.069230679959e+01           
670       4.205754708239e+01            -5.263341691791e+00           -6.519653537161e-01           -4.172181014770e+01           
680       4.258649150687e+01            -4.421574403665e+00           5.526940468299e-01            -4.235272680653e+01           
690       4.100545060705e+01            -9.976288497248e-02           -4.265220669904e-01           -4.100311092808e+01           
700       4.128139721111e+01            2.411702150986e-01            -5.585954466726e-02           -4.128065494079e+01           
710       4.493116879912e+01            -1.643811716822e+00           -6.115110545104e-01           -4.489692491613e+01           
720       4.444600078750e+01            2.775955988959e+00            -3.266967332512e+00           -4.423876104502e+01           
730       4.565449835363e+01            2.786914222683e+00            -4.449682453462e+00           -4.535158933379e+01           
740       4.400379639932e+01            4.424636668929e+00            7.914596083506e-01            -4.377362538778e+01           
750       4.123581608115e+01            -2.914051599521e+00           -5.018574018147e+00           -4.082541789104e+01           
760       4.369756736974e+01            -1.969625431386e+00           1.256317685178e+00            -4.363507345665e+01           
770       4.499831511893e+01            -4.053756230738e+00           1.797371121535e+00            -4.477929076052e+01           
780       4.164384750607e+01            -3.163900067834e+00           -5.208214595850e+00           -4.119556131664e+01           
790       4.566509341782e+01            -1.669840519701e+00           -5.037603596914e+00           -4.535564947718e+01           
800       4.565692346490e+01            -6.042696105414e+00           7.751676632773e-01            -4.524864195920e+01           
810       4.323455663825e+01            -3.391966117610e+00           -5.166271753339e+00           -4.279054907025e+01           
820       4.528598074754e+01            -6.293682561128e+00           -2.347579762443e+00           -4.478502519085e+01           
830       4.520702555859e+01            -6.123044279895e+00           -3.452991740917e+00           -4.465714205632e+01           
840       4.112405511379e+01            -2.925107477000e-01           -9.040710473807e+00           -4.011692785587e+01           
850       4.574723857832e+01            -5.625284209932e+00           -3.341948946759e+00           -4.527689689385e+01           
860       4.552255290703e+01            -5.892862607276e+00           -1.859649138224e+00           -4.510120506758e+01           
870       4.772780930578e+01            -2.521541893608e+00           -2.417585578167e+00           -4.759979923887e+01           
880       4.265460759607e+01            -4.577638525246e+00           -1.412288508431e+00           -4.238474036579e+01           
890       4.488165600732e+01            -2.826259782181e+00           -4.877835991864e+00           -4.452619473568e+01           
900       4.475891061682e+01            -3.447071702143e+00           6.371769217051e-01            -4.462142738478e+01           
910       4.380385712577e+01            -6.173643047614e+00           -8.294995625442e-01           -4.335868956843e+01           
920       4.209102183824e+01            -2.316590932087e+00           -4.061740282053e+00           -4.183048878177e+01           
930       4.280390624144e+01            -2.238460749155e+00           -4.707060743745e-01           -4.274274346357e+01           
940       4.172257591043e+01            -4.804911290694e+00           2.168744788929e+00            -4.138819534760e+01           
950       4.552538479204e+01            1.264985685933e+00            -3.338317475694e+00           -4.538519701520e+01           
960       4.674883061628e+01            -5.260992453124e+00           -1.344061328623e+00           -4.643240917229e+01           
970       4.559932982457e+01            -5.297904301221e+00           2.643918616197e+00            -4.521328106670e+01           
980       4.891115556645e+01            -8.483414162919e+00           -3.234161562909e-02           -4.816982226463e+01           
990       4.502149273840e+01            -4.303298952835e+00           -5.099801182220e-01           -4.481245749560e+01           
1000      4.555740236042e+01            -1.846588763612e+00           6.241772837666e-01            -4.551568325847e+01           
1010      4.718111562133e+01            -9.528711253169e-01           2.138589883156e-01            -4.717100775079e+01           
1020      4.509328506205e+01            -1.844136829679e+00           1.806248157603e+00            -4.501934011771e+01           
1030      4.802783043742e+01            -6.387501543080e-01           3.792915233295e+00            -4.787356565787e+01           
1040      4.804107758736e+01            -2.371057135643e+00           1.141704188947e+00            -4.796894553104e+01           
1050      4.817044460929e+01            -1.749277927311e+00           2.575071116107e+00            -4.806974900431e+01           
1060      4.810342779187e+01            2.183340409922e+00            2.378598619193e+00            -4.799494826115e+01           
1070      4.209147394549e+01            -1.045100220452e+00           -2.503487788351e+00           -4.200395806738e+01           
1080      4.422182568860e+01            -3.997079312876e+00           1.344024698475e+00            -4.402030011040e+01           
1090      4.757742149606e+01            -1.785062057744e+00           1.586756815614e+00            -4.751743672035e+01           
1100      4.878300399045e+01            -1.782995720387e+00           -1.896104690042e+00           -4.871352165054e+01           
1110      4.625987046550e+01            -3.613766504612e+00           -3.017316745589e+00           -4.601969259776e+01           
1120      4.527402191457e+01            1.393905749369e+00            -1.726876663458e+00           -4.521959734531e+01           
1130      4.881713803933e+01            -3.463564803049e+00           -1.248959471524e+00           -4.867809348613e+01           
1140      4.709412532748e+01            -3.794445236059e-01           1.963799812807e+00            -4.705163283574e+01           
1150      4.386561424151e+01            1.013786881749e-01            -7.600035639238e-01           -4.385891277414e+01           
1160      4.348850864877e+01            -1.876826874257e+00           -3.306018894709e+00           -4.332202839718e+01           
1170      4.688696941955e+01            -4.434892674406e+00           -2.881372315510e+00           -4.658773789202e+01           
1180      4.461955021457e+01            -5.484640867549e-02           1.899999983364e-02            -4.461951246060e+01           
1190      4.386288133750e+01            -6.963428280621e+00           3.571094949053e+00            -4.315912773300e+01           
1200      4.380937265771e+01            -8.270049951289e-01           8.268125078898e+00            -4.301412910986e+01           
1210      4.395741048048e+01            -7.321025079420e-01           1.508794497973e+00            -4.392540837864e+01           
1220      4.394107343381e+01            -1.428220911380e+00           2.269831101765e+00            -4.385916080266e+01           
1230      4.283859574785e+01            9.514351922455e-01            -1.439375357996e+00           -4.280383458642e+01           
1240      4.488399435804e+01            -5.774545844085e+00           -5.452794483162e-01           -4.450764249149e+01           
1250      4.922750519958e+01            -2.691078935142e+00           1.913015360805e+00            -4.911665435032e+01           
1260      4.351660234518e+01            5.851912976040e-02            -1.015821819974e+00           -4.350470504681e+01           
1270      4.445570343182e+01            -2.348405199475e+00           3.960558109682e-01            -4.439186525065e+01           
1280      4.402084462969e+01            -3.825299605744e+00           -4.427168920238e+00           -4.363028787653e+01           
1290      5.172601230442e+01            -1.772304827449e+00           2.115189108569e+00            -5.165234999059e+01           
1300      4.438201615346e+01            3.183711863112e-01            -3.019271826555e+00           -4.427805320101e+01           
1310      4.680060552234e+01            1.628516995753e-01            -3.355767602612e+00           -4.667985625919e+01           
1320      4.407142974877e+01            1.335683555881e+00            -3.513485657216e-01           -4.404978346966e+01           
1330      4.848647600742e+01            3.743469656559e+00            -1.971730665060e-01           -4.834134786423e+01           
1340      4.596745240124e+01            -3.060145469199e-02           1.668757863223e+00            -4.593714173743e+01           
1350      4.684206566833e+01            -2.064355080853e+00           -6.445811991891e-01           -4.679211546034e+01           
1360      4.675760746944e+01            -2.981560444617e+00           -3.581969657036e+00           -4.652476380335e+01           
1370      4.420210966485e+01            4.255229065763e-01            5.292098741247e-01            -4.419689317123e+01           
1380      4.139252054706e+01            -5.083988983578e+00           1.621509971951e+00            -4.104710122121e+01           
1390      4.319682140701e+01            -4.377907637486e+00           -1.996137420381e+00           -4.292801812087e+01           
1400      4.530948178253e+01            -2.035582943992e+00           1.024376619749e+00            -4.525214021481e+01           
1410      4.707736145479e+01            -1.245020525771e+00           -3.029398669078e+00           -4.696329022906e+01           
1420      4.755517178809e+01            -5.146251575112e+00           -1.478835699070e+00           -4.725276186103e+01           
1430      4.694564010994e+01            1.553895329373e+00            1.444109680158e+00            -4.689768738295e+01           
1440      4.610220778702e+01            -3.124003516044e+00           3.194674603507e+00            -4.588516338695e+01           
1450      4.520838148672e+01            -2.569112982482e+00           5.823976480841e-01            -4.513156576179e+01           
1460      4.739009446556e+01            -6.640476808049e+00           -3.314529227865e-02           -4.692253214188e+01           
1470      4.180982328961e+01            -6.248682911386e-01           -4.687126306554e-01           -4.180252589972e+01           
1480      4.632852441128e+01            -3.030114774283e+00           5.694291208245e+00            -4.587728878450e+01           
1490      4.911334101927e+01            -6.026763950459e+00           -3.038768123010e-01           -4.874121501607e+01           
1500      4.577672532956e+01            -2.781683913026e+00           1.593832512964e+00            -4.566432430713e+01           
1510      4.971972234617e+01            -3.758091716867e+00           -3.233033976186e+00           -4.947196204050e+01           
1520      4.702046958416e+01            -1.329883440636e+00           -1.809063881115e+00           -4.696683146459e+01           
1530      4.949488816332e+01            -8.119378294386e-01           -2.151404670747e+00           -4.944144181963e+01           
1540      4.693244050234e+01            -4.895605366191e+00           -2.141818194687e+00           -4.662724133407e+01           
1550      4.919559234227e+01            -6.603375555737e+00           -2.390840624479e+00           -4.869174076047e+01           
1560      4.568586063977e+01            -4.323011127339e+00           -8.479193029616e-01           -4.547296416603e+01           
1570      4.478715481087e+01            -2.416667297578e+00           -1.684454837154e+00           -4.469017304875e+01           
1580      4.492802664774e+01            -1.303436569183e+00           -5.589355032972e+00           -4.455993426707e+01           
1590      4.167001331585e+01            -3.845389649751e-01           -4.421565672666e+00           -4.143298078258e+01           
1600      4.497769105748e+01            -1.612517877783e+00           -2.857398097862e+00           -4.485786168629e+01           
1610      4.357677366545e+01            -2.775917601862e+00           -9.435913192337e-01           -4.347803031394e+01           
1620      4.437824543919e+01            3.893833724852e-01            -1.282581732397e-01           -4.437635179565e+01           
1630      4.906297029390e+01            -8.912757959852e-01           7.759636666303e-01            -4.904873659845e+01           
1640      4.308450796433e+01            -4.764217905792e+00           -4.321170828692e+00           -4.260169640923e+01           
1650      4.415133385675e+01            3.763199826984e-01            -3.023800500557e+00           -4.404605879228e+01           
1660      4.372813018965e+01            -2.699420252556e+00           -8.853055783005e-01           -4.363575064344e+01           
1670      4.030159241444e+01            -4.155216915366e+00           -3.456309930777e-01           -4.008532228563e+01           
1680      4.376504868869e+01            -1.438836580527e+00           1.144255628500e+00            -4.372642124705e+01           
1690      4.261215917053e+01            2.082527187436e+00            -3.466601254542e+00           -4.241982868223e+01           
1700      4.627581663704e+01            -2.220157777784e+00           4.087089861560e+00            -4.604147913926e+01           
1710      4.448809574594e+01            1.597134569376e-01            2.745735913060e+00            -4.440299639672e+01           
1720      4.623899557076e+01            -1.632005739584e+00           1.581572987372e+00            -4.618311266626e+01           
1730      4.154240017140e+01            -2.959456429545e+00           1.567410991368e+00            -4.140719566002e+01           
1740      4.618836380391e+01            -2.768470974418e+00           5.354845135360e+00            -4.579329812235e+01           
1750      4.675473693609e+01            -4.217473236544e+00           2.352541826417e+00            -4.650466527583e+01           
1760      4.628585346312e+01            -4.267069403763e+00           2.340293286000e+00            -4.602928825051e+01           
1770      4.918788730560e+01            -5.956122298554e-01           9.976674079671e-01            -4.917416154245e+01           
1780      4.531101819527e+01            -7.172469254963e+00           -8.775449508234e-01           -4.473112975925e+01           
1790      4.620249844741e+01            -1.538110512550e+00           1.961891686329e+00            -4.613519328935e+01           
1800      4.485692517245e+01            1.954978423138e+00            -1.815915610838e+00           -4.477749709157e+01           
1810      4.326294908052e+01            2.070293843966e+00            2.052945201784e+00            -4.316459269519e+01           
1820      4.389081441727e+01            -1.044480555890e+00           3.880685827263e+00            -4.370644035025e+01           
1830      4.199007438789e+01            -2.177919892622e-01           4.783176524048e+00            -4.171618554099e+01           
1840      4.760928899115e+01            2.744736993000e-01            4.272082521732e+00            -4.741643568804e+01           
1850      4.190347096275e+01            2.083609897347e+00            3.616073392956e+00            -4.169512515556e+01           
1860      4.493926006317e+01            3.672936680755e+00            1.686058568375e+00            -4.475716521037e+01           
1870      4.323768710394e+01            1.978662351418e+00            2.878818525637e+00            -4.309634422191e+01           
1880      4.348861653197e+01            2.533944795211e+00            4.146982421287e+00            -4.321621719259e+01           
1890      4.208168475433e+01            1.283439951758e+00            -1.367591400960e+00           -4.203986997379e+01           
1900      4.182947276970e+01            -1.387723716259e+00           -8.950124445079e-02           -4.180635124722e+01           
1910      4.364544481611e+01            -1.456685461841e+00           1.644079767865e-01            -4.362081946363e+01           
1920      4.329975410283e+01            -2.429148898776e+00           3.440092465474e+00            -4.309447417966e+01           
1930      4.484571152021e+01            2.653315779315e+00            4.349412894115e-02            -4.476712929584e+01           
1940      4.219915954260e+01            -1.381874710055e+00           4.472444510460e+00            -4.193872588061e+01           
1950      4.346741123898e+01            -5.188284548770e-01           2.908730423171e+00            -4.336687611736e+01           
1960      4.432793069231e+01            -4.290896612050e+00           8.652693811391e-01            -4.411127922227e+01           
1970      4.625250423832e+01            -1.703322411526e+00           7.483054169427e+00            -4.561136636164e+01           
1980      4.830750521494e+01            -6.675979295016e+00           4.370907416820e+00            -4.764390337596e+01           
1990      4.978505126001e+01            -2.755841253787e+00           1.215908149155e+00            -4.969384504461e+01           
2000      4.371115632289e+01            -5.180631044330e+00           7.119485335072e+00            -4.281517461871e+01           
2010      4.687815282282e+01            -2.732812887857e+00           5.598384559466e+00            -4.646236149965e+01           
2020      4.118173377399e+01            -3.521308675082e+00           4.830058799849e+00            -4.074562692899e+01           
2030      4.397518518609e+01            1.026364429600e+00            5.565837802689e-01            -4.395968269567e+01           
2040      4.159769071254e+01            -5.084355629050e+00           5.851659891581e-01            -4.128165187125e+01           
2050      4.470555372425e+01            -2.985551258109e+00           -3.747331524869e+00           -4.444806546881e+01           
2060      4.141770328869e+01            -3.338574380776e+00           -5.124595014029e-01           -4.127974626949e+01           
2070      4.423232780095e+01            -5.109037354011e+00           4.473649070554e-01            -4.393400078124e+01           
2080      4.454664954218e+01            -1.373566210638e+00           6.460626081843e+00            -4.405425759140e+01           
2090      4.227583966744e+01            -7.825117313912e+00           4.216124868153e+00            -4.133084138639e+01           
2100      4.227827541303e+01            -6.357649802017e+00           1.487477537072e+00            -4.177104585082e+01           
2110      4.048489628786e+01            -3.705307435412e+00           7.494649543200e-01            -4.030801193969e+01           
2120      4.354695442385e+01            -3.024270940155e+00           2.730371905815e-01            -4.344095389798e+01           
2130      3.906467522363e+01            -3.342261528967e+00           2.846909855190e+00            -3.881717715749e+01           
2140      4.320514928503e+01            -6.483113064143e+00           1.846647807290e+00            -4.267603615163e+01           
2150      4.212281351204e+01            -4.118473837855e+00           -2.487422439542e+00           -4.184713037980e+01           
2160      4.097941532992e+01            -4.989609818764e+00           -2.802915795789e+00           -4.057782568941e+01           
2170      4.667020496799e+01            -1.200330778941e+01           6.473849929189e+00            -4.463314800641e+01           
2180      4.057203361338e+01            -7.992569401242e+00           3.635990257849e+00            -3.961045721443e+01           
2190      4.033408822603e+01            -1.515984511474e+00           5.422486860587e+00            -3.993916749549e+01           
2200      4.598059224371e+01            -7.730980640350e+00           -7.313392438487e-01           -4.532010529921e+01           
2210      4.291037238610e+01            -6.382635879855e+00           -4.289277095140e+00           -4.221568570496e+01           
2220      4.348117000038e+01            -7.863712075437e+00           -1.754730569862e+00           -4.272815345441e+01           
2230      4.017990962969e+01            -5.793489217568e+00           -2.237278940008e-01           -3.975940852636e+01           
2240      3.975220638166e+01            -8.535167710892e+00           -2.018855363594e-01           -3.882458070073e+01           
2250      4.246532739704e+01            -8.683180286511e+00           6.641678084096e-01            -4.156278734845e+01           
2260      4.349329583178e+01            -9.008742887098e+00           6.762259277732e-01            -4.254470651444e+01           
2270      4.451170610086e+01            -9.719645728201e+00           -1.670401251017e-01           -4.343722556200e+01           
2280      4.452786291276e+01            -4.498702433152e+00           -1.756777790918e+00           -4.426517800471e+01           
2290      4.605022441983e+01            -1.006091329170e+01           1.642613563718e+00            -4.490771663683e+01           
2300      3.513900759944e+01            2.823247343309e-01            9.437578271981e+00            -3.384674672960e+01           
2310      3.843596117293e+01            -5.225414012806e+00           7.693244768107e+00            -3.729386202339e+01           
2320      5.034751541526e+01            5.007287319929e+00            5.060288425128e+00            -4.984167797376e+01           
2330      4.189811721143e+01            8.357565852883e+00            -5.202441091833e+00           -4.072515101953e+01           
2340      3.922143330477e+01            1.032690695302e+01            -5.157430375509e+00           -3.748435320485e+01           
2350      4.811923277158e+01            1.425158371503e+01            2.156734390207e-01            -4.595983473759e+01           
2360      4.576553600835e+01            1.292104297086e+01            -4.185250160740e+00           -4.370371398141e+01           
2370      4.163778798677e+01            9.574490951454e+00            -3.438874133790e+00           -4.037584248215e+01           
2380      4.202948012303e+01            9.114410057478e+00            -2.699864943887e+00           -4.094038907975e+01           
2390      4.424021585272e+01            7.410126760498e+00            -1.807951440614e+00           -4.357772403048e+01           
2400      4.940254559916e+01            9.559697376866e+00            -3.849884717883e+00           -4.831565052236e+01           
2410      4.320614537446e+01            6.845600314791e+00            -2.243113400595e+00           -4.260137552616e+01           
2420      4.654836238975e+01            7.066080484285e+00            2.929983873663e+00            -4.591552833473e+01           
2430      4.587140871801e+01            1.500408177286e+01            5.895247320057e+00            -4.294542731146e+01           
2440      4.877796110601e+01            9.367498681094e+00            -9.224993585844e-01           -4.786113718929e+01           
2450      4.663560266664e+01            1.657560012016e+01            7.665916005048e+00            -4.291110169340e+01           
2460      4.895871541226e+01            1.015439952019e+01            8.874731554612e+00            -4.706466960509e+01           
2470      4.290427540948e+01            7.743632993815e+00            -4.582372928404e-01           -4.219719202806e+01           
2480      4.102555421909e+01            4.440971076912e+00            -1.374917398121e+00           -4.076129876520e+01           
2490      4.546186856035e+01            1.039387676987e+01            -8.792194487064e-02           -4.425766700159e+01           
2500      4.565833349672e+01            7.627942940417e+00            -2.814447199078e-01           -4.501576049635e+01           
2510      4.140880533972e+01            6.315496803889e+00            -4.997392258430e+00           -4.061809609519e+01           
2520      4.573161304725e+01            7.156361461410e+00            7.488556918093e+00            -4.454310763543e+01           
2530      4.789644025306e+01            1.820096589223e+01            6.959262907902e+00            -4.375342831463e+01           
2540      4.555038505985e+01            1.480708158683e+01            2.131833946655e+00            -4.302375155661e+01           
2550      4.671038356006e+01            1.329881422512e+01            1.402293119039e+01            -4.252480303732e+01           
2560      4.977214287739e+01            8.100844801270e+00            1.005813364163e+01            -4.806741586314e+01           
2570      5.187152602163e+01            2.436584152211e+00            1.041053976182e+01            -5.075764899352e+01           
2580      3.648631542508e+01            5.613701939320e+00            1.690541857054e+01            -3.184249341352e+01           
2590      3.639657808092e+01            -5.495020008314e+00           1.000042408973e+01            -3.456164303291e+01           
2600      4.020217663968e+01            5.745804099307e+00            9.552718651862e+00            -3.862572081112e+01           
2610      3.867613385248e+01            -2.145750936711e+00           9.220172377287e+00            -3.749970005247e+01           
2620      4.956486451244e+01            -4.494230578116e+00           7.862140478458e+00            -4.873052875502e+01           
2630      3.717961900140e+01            -3.985725380719e+00           5.160401076105e+00            -3.660339223367e+01           
2640      3.836955158426e+01            -1.900234922777e+00           2.187530857294e+00            -3.825998307323e+01           
2650      3.447609032392e+01            -4.406431613056e+00           1.769345800250e+00            -3.414752670255e+01           
2660      3.363211168730e+01            6.030892064061e+00            5.091794690231e+00            -3.269282649590e+01           
2670      3.148827015194e+01            -6.481273507618e-01           7.303153221097e+00            -3.062278630575e+01           
2680      3.418442215036e+01            -1.603317788352e+00           1.083006029067e+00            -3.412962331707e+01           
2690      3.267804400745e+01            -1.900144854995e+00           -1.347923516231e+00           -3.259489395407e+01           
2700      3.498566291730e+01            -4.792682716088e+00           1.858354438388e+00            -3.460597233032e+01           
2710      3.073127175797e+01            -9.299028578651e+00           -5.348223177525e-01           -2.928571488703e+01           
2720      4.100101895193e+01            -7.836750705629e+00           1.077691586553e+01            -3.877533981672e+01           
2730      3.649064574280e+01            -6.032050594449e+00           2.108353129202e+00            -3.592682061407e+01           
2740      3.425127450688e+01            -5.332653606240e+00           3.373119279550e+00            -3.366503642041e+01           
2750      3.358284700559e+01            -5.532850499738e+00           3.719103558504e+00            -3.291448688753e+01           
2760      3.190867583117e+01            -5.709037734649e+00           2.439525105498e+00            -3.129886896843e+01           
2770      3.634843690142e+01            -5.632896175829e+00           3.445614848839e+00            -3.574362998021e+01           
2780      3.885817343004e+01            -8.866757793484e+00           8.764624915394e+00            -3.680379869855e+01           
2790      4.056918974460e+01            -5.295112849846e+00           4.857807925257e+00            -3.992771767334e+01           
2800      3.465110668193e+01            -2.456710974927e+00           9.716257548689e+00            -3.317013875032e+01           
2810      3.770978535305e+01            -6.088302989506e+00           -4.059926069937e-01           -3.721284251551e+01           
2820      3.343307980431e+01            -3.091569942384e+00           2.197417291380e+00            -3.321723013347e+01           
2830      4.294437532818e+01            8.343743407932e+00            -7.253640954646e+00           -4.149681928981e+01           
2840      4.194813284415e+01            2.628157841739e+00            -7.974944531008e-01           -4.185812511409e+01           
2850      4.135117544866e+01            1.308648741709e+01            -3.831279584075e+00           -3.903824861359e+01           
2860      4.518472337132e+01            8.148932431230e+00            -8.249464199971e+00           -4.367150634896e+01           
2870      4.112283042791e+01            9.825703731365e+00            -1.024538432784e+01           -3.859501041017e+01           
2880      3.756710765903e+01            1.123036890295e+01            4.104471716300e+00            -3.561347643939e+01           
2890      4.387625681802e+01            1.435903515906e+01            2.995428547044e+00            -4.135180080094e+01           
2900      4.627317873865e+01            1.205175727454e+01            -1.651605236993e+00           -4.464565395776e+01           
2910      4.471692642173e+01            3.445177188427e+00            -2.062434883342e+00           -4.453628436566e+01           
2920      4.663536033440e+01            8.065824567999e+00            1.776508604665e+00            -4.589818432939e+01           
2930      4.594900616196e+01            9.338647133008e+00            -7.759533160443e-01           -4.498331616776e+01           
2940      4.324227920246e+01            6.822528943874e+00            -7.636771741081e-01           -4.269384740928e+01           
2950      4.119816953080e+01            2.239433156451e+00            -7.388714887442e+00           -4.046827157340e+01           
2960      4.544690959264e+01            1.294804854036e+01            7.895209411960e+00            -4.284198056649e+01           
2970      4.681376189690e+01            1.228798865260e+01            9.110894010378e-01            -4.516307733001e+01           
2980      4.625984297805e+01            9.564123785142e+00            1.409841941377e+00            -4.523840132317e+01           
2990      4.292401576185e+01            8.523185062934e+00            -3.512450088212e+00           -4.192241810636e+01           
3000      4.380787847909e+01            5.483436523544e+00            8.524046079214e-02            -4.346325890675e+01           
3010      4.115151161420e+01            1.005542511212e+01            8.036688768816e+00            -3.908640387118e+01           
3020      4.251782342378e+01            7.050393440278e+00            -1.017947877273e+00           -4.191683484177e+01           
3030      4.004594049105e+01            1.117299493377e+01            1.157308189459e+00            -3.843829043775e+01           
3040      3.969541475641e+01            1.077456598412e+01            -2.982804484958e+00           -3.808854890833e+01           
3050      4.223820852697e+01            1.473894040994e+01            6.325534218881e+00            -3.907451230669e+01           
3060      5.350508209000e+01            -5.580125327996e+00           3.702205078114e+00            -5.308436387809e+01           
3070      5.264678486255e+01            -2.408533005478e+00           1.030917104755e+01            -5.157134783421e+01           
3080      4.896211553345e+01            -3.322041165798e+00           1.203524349330e+01            -4.734348650089e+01           
3090      5.736223002759e+01            9.577253535133e-01            -9.774018065952e-01           -5.734590553469e+01           
3100      4.483500403147e+01            4.824112031703e+00            8.152865160519e+00            -4.382278310744e+01           
3110      3.957712910978e+01            -6.619677784702e+00           7.625089021893e+00            -3.826731022697e+01           
3120      4.975886701185e+01            -2.408463267385e+00           9.080497726782e+00            -4.886398174552e+01           
3130      5.216159108725e+01            8.088552782760e+00            6.549857783206e+00            -5.111268200411e+01           
3140      5.379591788339e+01            8.380600457703e+00            7.553630697175e+00            -5.259951501844e+01           
3150      5.045072691471e+01            -2.664751242049e+00           9.344332363112e+00            -4.950614507037e+01           
3160      4.972170037802e+01            5.012178336617e+00            7.495543534647e+00            -4.889726356273e+01           
3170      5.703483978402e+01            4.163871781273e+00            1.446368058153e+01            -5.501306267618e+01           
3180      3.217859127175e+01            -2.750271758688e-01           8.401448244746e+00            -3.106125824364e+01           
3190      3.603832656127e+01            -3.631200391139e+00           8.997472979667e+00            -3.470764822105e+01           
3200      3.772329190331e+01            8.069095237376e-01            9.720289352424e+00            -3.644052172991e+01           
3210      3.967857479322e+01            3.082139090699e+00            1.607880053668e+01            -3.614362861624e+01           
3220      4.925199280488e+01            -5.243078695532e+00           8.966442706560e+00            -4.814428134508e+01           
3230      5.272693190998e+01            3.863996307003e+00            1.061399909335e+01            -5.150283394557e+01           
3240      5.900992614534e+01            -3.270696192978e+00           9.263486664142e+00            -5.818643952774e+01           
3250      4.753326879564e+01            3.728672168317e+00            -6.772675306715e+00           -4.690031466259e+01           
3260      4.415128844866e+01            5.872073702577e+00            7.133874992299e+00            -4.317363604913e+01           
3270      4.957784728908e+01            -3.028426446145e+00           7.123336949468e+00            -4.896988509057e+01           
3280      4.903954585011e+01            -1.014668283698e+01           6.055835067856e+00            -4.759462938422e+01           
3290      4.565575181911e+01            4.644947035350e+00            1.041750429059e+01            -4.420800544655e+01           
3300      3.740497939784e+01            -5.159986368433e+00           7.038138818671e+00            -3.637267692100e+01           
3310      3.272489925665e+01            -3.443808528877e+00           4.437842512606e+00            -3.223918063487e+01           
3320      3.448351112912e+01            -2.898595072139e+00           1.226632571347e+00            -3.433956987114e+01           
3330      3.955227117498e+01            -4.853817882548e+00           5.333950001442e+00            -3.888922195730e+01           
3340      4.771060138746e+01            1.085221949847e+01            1.026662876213e+01            -4.531144613198e+01           
3350      4.160724447279e+01            4.986306246094e-01            1.291409727064e+01            -3.954921303646e+01           
3360      3.893240228405e+01            1.125016640433e+00            1.096948729912e+01            -3.733813912825e+01           
3370      3.971068019660e+01            8.504344417003e-01            8.540733152855e+00            -3.877203580093e+01           
3380      4.674324511570e+01            2.849619321224e+00            8.456500737092e+00            -4.588352895053e+01           
3390      4.987174675724e+01            7.939455370534e+00            2.660745399456e+00            -4.916377331895e+01           
3400      4.798633776527e+01            6.687978542295e-01            9.924469475040e+00            -4.694407552814e+01           
3410      3.977178317854e+01            -9.006207802880e-01           4.914097822527e+00            -3.945675179233e+01           
3420      4.049803491139e+01            5.007762483094e+00            1.009769439158e+01            -3.889793972143e+01           
3430      3.819210237578e+01            3.909070176006e+00            8.633328018707e+00            -3.699758778032e+01           
3440      3.985332543739e+01            8.925896824599e+00            1.073713142186e+01            -3.732733479804e+01           
3450      3.552668148462e+01            -4.196124452897e-01           7.715724621082e+00            -3.467616784302e+01           
3460      3.679071983276e+01            6.450988237965e+00            5.304472270497e+00            -3.583021616594e+01           
3470      3.154224219367e+01            4.663145795110e+00            6.455726856114e+00            -3.052034902581e+01           
3480      2.945913387065e+01            4.374436554998e+00            6.540427808183e+00            -2.838886537573e+01           
3490      3.595002321910e+01            3.176432852882e+00            8.959411340430e+00            -3.467049743251e+01           
3500      4.785918575484e+01            1.847953126966e+01            2.074120280336e+01            -3.897192696595e+01           
3510      3.569087778646e+01            7.128785407380e+00            6.300212878872e+00            -3.439951298295e+01           
3520      3.398782764845e+01            1.269936490378e-01            4.956837208663e+00            -3.362418870041e+01           
3530      3.596139758340e+01            3.855675274199e-01            -3.895180612685e+00           -3.574774149269e+01           
3540      4.171313428891e+01            -6.364154464334e-01           1.047162878776e+01            -4.037233629746e+01           
3550      4.087949885999e+01            -1.714958463346e+00           6.240678720366e+00            -4.036392292162e+01           
3560      3.754523336816e+01            2.169293161114e+00            7.326713786173e+00            -3.675946110794e+01           
3570      4.123768127418e+01            2.314601406737e+00            1.369398728008e+01            -3.882864521937e+01           
3580      3.903153026015e+01            -3.749909420032e+00           1.105668001937e+01            -3.724444066891e+01           
3590      4.818025325958e+01            -5.761937630052e-01           8.405106097464e+00            -4.743794890586e+01           
3600      5.396704264345e+01            8.577580571329e+00            8.699265397328e+00            -5.256604973525e+01           
3610      5.174932710525e+01            -3.866325179797e+00           4.763995135826e+00            -5.138432383320e+01           
3620      4.966095850563e+01            3.136582328633e+00            8.274893907858e+00            -4.886613123430e+01           
3630      4.499615775954e+01            7.116691210728e+00            1.153610679918e+01            -4.290600376696e+01           
3640      4.198781019640e+01            7.706913197413e+00            6.842899007168e+00            -4.070324836219e+01           
3650      5.199804158719e+01            7.812426194990e+00            4.739551265175e+00            -5.118885601042e+01           
3660      4.816515713507e+01            -4.194193055103e+00           9.135880440239e+00            -4.710442436803e+01           
3670      5.012668177303e+01            1.127947796607e+01            6.839226666185e+00            -4.835992742960e+01           
3680      5.772283669154e+01            4.590171451187e+00            1.281882232282e+00            -5.752575927103e+01           
3690      4.828365557033e+01            1.817786292222e+00            1.196292690041e+01            -4.674286499783e+01           
3700      3.546599347247e+01            -1.831221804605e-01           2.371373455902e+00            -3.538615191271e+01           
3710      3.815100653183e+01            1.529290320786e+00            6.469914053310e+00            -3.756728340790e+01           
3720      3.439009053291e+01            3.430521291709e+00            -8.610721304318e-02           -3.421845169024e+01           
3730      3.426258277481e+01            -1.940651089777e+00           1.932800259183e+00            -3.415293157119e+01           
3740      3.896390231545e+01            -7.750933864089e-01           -1.830106977712e-02           -3.895618794185e+01           
3750      3.626816681973e+01            9.166044699522e-01            3.120420465218e+00            -3.612205333075e+01           
3760      2.982031680172e+01            -1.827245314979e+00           9.671503126996e+00            -2.814914734017e+01           
3770      3.633320902140e+01            9.635736002418e+00            6.479820000322e+00            -3.442770108863e+01           
3780      3.253166239152e+01            -2.605262700481e-01           1.007088035698e+00            -3.251502664472e+01           
3790      3.730221594801e+01            -5.878301052029e-01           3.820119432857e+00            -3.710143471509e+01           
3800      3.353291125952e+01            -3.797899458886e+00           9.084667674153e+00            -3.205465505179e+01           
3810      4.684558570873e+01            -5.694511915910e+00           3.437478860878e+00            -4.637095182886e+01           
3820      3.470515605658e+01            4.953926367616e+00            1.558519972176e+00            -3.431439181965e+01           
3830      4.227592874325e+01            1.927812014499e+00            7.235877358195e+00            -4.160744850142e+01           
3840      3.834509268191e+01            4.086524906784e+00            4.671847454731e+00            -3.783940126813e+01           
3850      3.299041203217e+01            4.567169264017e+00            2.281003139711e+00            -3.259302495386e+01           
3860      3.268888083584e+01            3.916462954493e+00            4.234150217959e+00            -3.217601933362e+01           
3870      3.926007877508e+01            -7.064306980896e+00           3.199606029541e+00            -3.848651547699e+01           
3880      4.570690354717e+01            -5.494180799676e+00           2.635451656441e+00            -4.529888965281e+01           
3890      3.967012086630e+01            6.115769258230e-01            8.817762304108e+00            -3.867287849591e+01           
3900      3.857454267888e+01            1.010085482750e+00            2.914843561203e+00            -3.845099162851e+01           
3910      4.192289065771e+01            -6.165804247332e+00           2.991251932009e+00            -4.135896554510e+01           
3920      3.818716034025e+01            -2.243258680886e+00           9.890277018377e+00            -3.681588550941e+01           
3930      3.912155449651e+01            3.258484477329e+00            9.805318005207e+00            -3.773240045308e+01           
3940      3.568490025293e+01            6.838421579184e-01            -7.715642809879e-01           -3.567000356778e+01           
3950      4.943624052665e+01            1.136324223709e+01            -5.768160943962e+00           -4.776554116300e+01           
3960      4.844573486587e+01            9.158859378504e+00            -2.346508416193e+00           -4.751419177290e+01           
3970      4.048031858014e+01            9.776829167257e+00            2.723295744094e+00            -3.918741461330e+01           
3980      4.618673691994e+01            7.944874920023e-01            -7.458368281030e+00           -4.557363491670e+01           
3990      4.056209489025e+01            1.121338966635e+01            7.542714467325e+00            -3.824461913186e+01           
4000      4.704602238486e+01            1.067621916294e+01            -2.830263736707e-01           -4.581775270235e+01           
4010      4.541621946614e+01            9.244159931988e+00            5.675013899768e-01            -4.446185376164e+01           
4020      4.856962289442e+01            8.380223649375e+00            -5.740778340612e+00           -4.749551119565e+01           
4030      4.452116664204e+01            1.078613149119e+01            -4.835961230301e+00           -4.292327021094e+01           
4040      4.157228793039e+01            8.807408278140e+00            5.776901807303e+00            -4.021581888633e+01           
4050      4.504310845840e+01            7.594636806081e+00            -3.866776241743e+00           -4.422952806526e+01           
4060      4.933976887998e+01            1.739243917219e+01            3.366360044165e+00            -4.604979340697e+01           
4070      4.940939534357e+01            5.839393925021e+00            1.532948075921e+01            -4.660683261560e+01           
4080      4.826675477791e+01            1.446186432384e+00            1.421054162105e+01            -4.610475754659e+01           
4090      4.857429117354e+01            1.695983955873e+01            1.711779939892e+01            -4.217590009582e+01           
4100      4.574618143804e+01            3.452636371773e-01            1.145827577090e+01            -4.428658742262e+01           
4110      4.809452742711e+01            5.514267906802e+00            1.300626198499e+01            -4.597296561097e+01           
4120      5.318909877620e+01            8.278943004024e+00            5.204482050121e+00            -5.228243202023e+01           
4130      5.515112881683e+01            -4.534655138733e+00           8.813203909923e+00            -5.425321510644e+01           
4140      4.938893687885e+01            8.405778380009e+00            4.499115428558e+00            -4.845996219778e+01           
4150      4.804559823042e+01            1.557930457310e+01            1.069954123392e+01            -4.417221520052e+01           
4160      5.183700130529e+01            5.935263424225e+00            4.456644408748e+00            -5.130288172241e+01           
4170      4.543737186173e+01            6.079004388807e+00            8.631808624475e+00            -4.419380439849e+01           
4180      5.054439513916e+01            1.146844752315e+00            6.190818734872e+00            -5.015071674951e+01           
4190      4.754115877879e+01            1.499945126220e+00            8.549638592527e+00            -4.674201132371e+01           
4200      3.637786058974e+01            5.552906904762e+00            1.284478111839e+01            -3.357864744171e+01           
4210      4.140670890382e+01            1.032628345664e+01            1.095607621958e+01            -3.857263027186e+01           
4220      4.096263281495e+01            1.163334805449e+00            8.551938028056e+00            -4.004308049123e+01           
4230      3.967413139555e+01            3.439827951652e+00            1.408484159513e+01            -3.692995427691e+01           
4240      3.908555729620e+01            -9.845537326506e-01           1.160077457558e+01            -3.731130488671e+01           
4250      2.927674038446e+01            -1.008859785532e+00           8.199236209602e+00            -2.808704781659e+01           
4260      4.688873911236e+01            3.839892050984e+00            1.071743155357e+01            -4.548566527466e+01           
4270      4.348684954626e+01            1.820324657729e+00            6.262529092409e+00            -4.299503728300e+01           
4280      4.176548258117e+01            2.065843134271e+00            7.371181201527e+00            -4.105792877237e+01           
4290      3.365932166311e+01            -3.911832847514e+00           5.440871960669e+00            -3.298551819968e+01           
4300      3.700629584352e+01            -9.159261047836e+00           4.486197767210e+00            -3.557313450779e+01           
4310      3.713711813868e+01            -7.053764251417e+00           5.026595418816e+00            -3.611292416888e+01           
4320      4.131567739067e+01            -5.403610393816e+00           3.563401854051e+00            -4.080549424021e+01           
4330      3.788409114431e+01            7.481603790276e-01            8.275977006312e+00            -3.696150460234e+01           
4340      3.552602321398e+01            -6.613822707333e+00           2.512912636400e+00            -3.481437841866e+01           
4350      3.541081803267e+01            -5.739437690034e+00           -1.681415045388e+00           -3.490211644285e+01           
4360      3.531743960845e+01            1.459424662723e+00            3.979414889755e+00            -3.506217159969e+01           
4370      3.177198864342e+01            -5.688674048965e+00           5.492578473553e+00            -3.077222500299e+01           
4380      3.412703120010e+01            -2.731717213204e+00           -4.040202062773e+00           -3.377674861338e+01           
4390      4.246020694247e+01            5.818031157135e+00            -2.344597285776e+00           -4.199431569415e+01           
4400      4.610736167562e+01            6.942930483358e+00            -2.706434953317e+00           -4.550120577340e+01           
4410      4.511582553692e+01            1.372791060864e-01            -7.415211158530e+00           -4.450206188256e+01           
4420      4.457078282038e+01            9.951089592039e+00            -1.458844171579e+00           -4.342121913115e+01           
4430      4.963122303586e+01            6.502341817024e+00            -3.429887372677e+00           -4.908374194722e+01           
4440      4.858099968526e+01            1.278337795961e+01            -3.532584939472e+00           -4.673563546167e+01           
4450      4.598637970059e+01            1.332447100673e+01            -7.509813178019e-01           -4.400729050302e+01           
4460      5.299756554837e+01            1.478390295756e+01            -1.240723521136e+00           -5.087866716551e+01           
4470      5.259430118954e+01            1.690192809733e+01            -5.248955696200e+00           -4.952710175559e+01           
4480      4.869969799935e+01            1.208498727353e+01            7.047934826686e+00            -4.664697506276e+01           
4490      4.656209065633e+01            1.766364490913e+01            9.412534042777e-01            -4.307131269002e+01           
4500      4.650414252622e+01            1.578174436997e+01            -1.094366322592e+00           -4.373070064716e+01           
4510      4.329545682422e+01            4.690559568932e+00            -7.629789460835e+00           -4.235896062620e+01           
4520      5.157835701119e+01            1.400926695255e+01            8.369259413607e+00            -4.892875277681e+01           
4530      5.366712264698e+01            1.269240398761e+01            -8.303922971439e-01           -5.213802242945e+01           
4540      4.847396483262e+01            1.343111014224e+01            8.497597269406e-01            -4.656832029768e+01           
4550      4.941329597278e+01            1.656723365043e+01            5.445476099707e+00            -4.623361740242e+01           
4560      4.719164924053e+01            1.020727938567e+01            1.354769053638e+01            -4.403774842921e+01           
4570      4.843601603809e+01            7.203095927738e+00            -3.732455235022e+00           -4.775177312536e+01           
4580      4.306673114637e+01            1.026248247596e+01            2.514570699599e+00            -4.175046968911e+01           
4590      4.112593020380e+01            1.081429596888e+01            -5.676425980113e+00           -3.927048924978e+01           
4600      3.814603787498e+01            1.116120342491e+01            -1.509599119065e+00           -3.644542295223e+01           
4610      4.851323007171e+01            8.040837156089e+00            1.413923703744e+01            -4.570514638221e+01           
4620      4.201649577369e+01            1.309283817017e+01            4.214486034607e+00            -3.970140568311e+01           
4630      4.656965034296e+01            9.762205949122e+00            6.227496203242e-01            -4.553069130798e+01           
4640      4.508480688819e+01            8.042065779511e+00            1.100624974610e+00            -4.434809595471e+01           
4650      4.976672044579e+01            1.111950935660e+01            1.198134196865e+01            -4.700564242969e+01           
4660      4.942030380407e+01            1.287671165177e+01            8.346384346707e+00            -4.697759671865e+01           
4670      4.043736189774e+01            1.000872985970e+01            9.952003312850e-01            -3.916650533485e+01           
4680      4.653746849181e+01            1.427349074996e+01            -1.073709447167e+00           -4.428149256134e+01           
4690      4.763714391508e+01            5.118670314366e+00            -4.224300172218e+00           -4.717257659545e+01           
4700      4.983760691632e+01            1.362114295382e+01            1.027016718980e+01            -4.682707756919e+01           
4710      4.814907934291e+01            1.513879505435e+01            3.714709741941e+00            -4.555602767368e+01           
4720      4.492875835350e+01            1.473079520652e+01            3.194401157053e+00            -4.232484850556e+01           
4730      5.432663850086e+01            6.785588245184e+00            -3.766625988394e+00           -5.376943343233e+01           
4740      4.945996192253e+01            2.954488444204e+00            -1.392169713598e+00           -4.935200801284e+01           
4750      4.642621043678e+01            9.683038707787e+00            -7.929036841069e+00           -4.470751784293e+01           
4760      4.462633434085e+01            5.589876862160e+00            -8.979031585972e+00           -4.335481501685e+01           
4770      4.112858352014e+01            1.326114521234e+01            -3.185157291751e+00           -3.880151006156e+01           
4780      4.850948174437e+01            1.325837058503e+01            -1.076835248748e+00           -4.665003595266e+01           
4790      4.677383736796e+01            1.671604756869e+01            1.147690021716e+00            -4.366976555260e+01           
4800      4.443957805049e+01            1.299977430072e+01            1.285775797408e+00            -4.247621388536e+01           
4810      4.502899288010e+01            9.912343086283e+00            -2.282397862109e+00           -4.386509220707e+01           
4820      4.637894728303e+01            1.690320532173e+01            9.038957531976e-01            -4.317952493255e+01           
4830      4.766492327609e+01            1.386682713788e+01            8.481291586465e-01            -4.559535823934e+01           
4840      4.658764628832e+01            1.574924298873e+01            -6.991883903822e-01           -4.383926627537e+01           
4850      4.778256499036e+01            1.686086184319e+01            6.160785816649e+00            -4.428238445572e+01           
4860      4.554839264343e+01            1.017855116459e+01            1.011520409338e+00            -4.438501993975e+01           
4870      5.008520832596e+01            9.476227423462e+00            6.177426658729e+00            -4.879107097358e+01           
4880      5.402171830950e+01            3.096752564316e+00            4.617499587858e+00            -5.373485712480e+01           
4890      5.678381195658e+01            6.260786656476e+00            5.379037868012e+00            -5.618068887418e+01           
4900      5.461969425191e+01            9.801647663534e+00            8.244203445436e+00            -5.309681546762e+01           
4910      4.483083190192e+01            -7.096302444385e+00           1.047297181914e+01            -4.300886934007e+01           
4920      4.947780083259e+01            2.775483751290e+00            1.290921202268e+01            -4.768334835275e+01           
4930      4.497278141541e+01            -8.905731155471e-01           1.050806035445e+01            -4.371885880659e+01           
4940      3.801052853321e+01            -6.631925114827e+00           7.169335450454e+00            -3.673443177516e+01           
4950      4.097172576025e+01            -6.566187341589e+00           1.051293354087e+01            -3.905183381012e+01           
4960      4.047527092892e+01            3.886763958325e+00            1.414910164726e+01            -3.772192393393e+01           
4970      4.232539670953e+01            8.357842062844e+00            1.238594059225e+01            -3.960017876622e+01           
4980      4.946886155430e+01            1.105664110501e+01            -1.176161470031e+00           -4.820306624220e+01           
4990      4.599007586961e+01            6.016199915340e+00            -7.219909550617e+00           -4.501961042871e+01           
5000      4.310922043249e+01            2.492426181023e-01            -7.926166085109e+00           -4.237356080866e+01           
