@    title "Magnitude of Electric Field"
@    xaxis  label "Residues"
@    yaxis  label "MV/cm"
#time     EField_per_residue            Std.Deviation         EField_residue_alignement   Std.Deviation
@type xydy
21        4.827887160040e-01            2.207335453249e-01            0.012734            0.011673                      
22        2.990768203187e+00            5.748001849610e-02            0.084577            0.061910                      
23        6.619474265184e+00            2.391878506578e-01            0.187559            0.137248                      
24        1.002358951902e-01            1.959561247845e-02            0.002853            0.002252                      
25        7.214448115617e-02            2.687187686524e-02            0.001721            0.001766                      
26        4.752751956924e-02            1.498177873474e-02            0.001297            0.001157                      
27        5.367761614520e-02            2.186756835983e-02            0.001428            0.001313                      
28        7.926408084247e-02            2.165050929197e-02            0.002180            0.001764                      
29        4.439639378882e-02            1.285240086365e-02            0.001187            0.001047                      
30        2.274423732271e-01            2.616906010660e-02            0.006339            0.004689                      
31        2.445434219993e-01            3.255428615224e-02            0.006971            0.005326                      
32        1.284918436464e-01            1.645223749146e-02            0.003588            0.002702                      
33        3.033980978056e-01            1.577874019018e-02            0.008586            0.006185                      
34        4.673721110089e-01            4.620263970464e-02            0.013072            0.009593                      
35        5.011427221327e-01            2.437713238121e-02            0.014320            0.010387                      
36        3.559793564993e-01            1.194752072203e-02            0.010082            0.007453                      
37        5.012783715248e-01            4.391170556504e-02            0.013777            0.011026                      
38        5.525362246291e-01            2.465757706559e-02            0.015672            0.011634                      
39        5.986984938253e-01            2.940611744848e-02            0.016869            0.012600                      
40        3.605056217643e-01            1.276901638716e-02            0.010216            0.007573                      
41        2.298508431443e-01            1.963314726439e-02            0.006436            0.004880                      
42        2.529541727605e-01            6.747618825611e-02            0.006536            0.005514                      
43        8.108481684242e-02            2.796456700335e-02            0.002078            0.001753                      
44        1.295950923199e-01            3.088520429410e-02            0.003632            0.002838                      
45        1.246984989596e-01            2.385702128517e-02            0.003491            0.002706                      
46        9.222998434598e+00            1.752748995172e-01            0.261771            0.192377                      
47        2.145415425174e-01            3.649007276567e-02            0.005964            0.004709                      
48        5.462795897620e-01            2.748280449732e-02            0.015461            0.011608                      
49        5.854841849528e+00            9.369055751053e-02            0.166076            0.121969                      
50        1.334099480600e-01            2.462563565953e-02            0.003706            0.002928                      
51        7.600702621575e-02            2.756112516011e-02            0.002013            0.001869                      
52        8.760514176978e+00            1.434379235935e-01            0.248468            0.182275                      
53        1.861489222081e-01            4.497408268029e-02            0.005085            0.004001                      
54        2.687839905728e-01            4.711054274792e-02            0.007492            0.005948                      
55        6.493075482682e-01            2.054834137593e-01            0.017987            0.015329                      
56        7.184609031562e-01            1.592105236482e-01            0.020347            0.017035                      
57        1.037661326096e+00            8.655449539253e-02            0.028957            0.021607                      
58        3.106915599132e+00            9.911885224768e-02            0.088262            0.065790                      
59        5.416081240274e+00            7.520957395351e-01            0.154755            0.118192                      
60        3.793925519667e+00            4.194559518267e-01            0.107070            0.080550                      
61        2.676639305471e+00            3.393196584888e-01            0.074034            0.053945                      
62        9.844222172442e+00            6.835913986112e-01            0.277604            0.207254                      
63        1.391784614593e+02            8.696343272272e+00            4.041075            2.841793                      
64        9.575741811925e+01            8.727759323733e+00            2.572681            2.045952                      
65        3.441693438290e+01            3.460944415375e+00            0.958209            0.717139                      
66        1.191386146720e+01            1.294791638210e+00            0.339737            0.259118                      
67        1.140728661634e+00            3.071098748761e-01            0.031208            0.027584                      
68        3.007199196678e+01            7.137921158615e-01            0.853116            0.629188                      
69        3.015213493704e+00            2.084206532709e-01            0.085904            0.064608                      
70        9.916408782079e-01            3.053487036371e-01            0.028525            0.026326                      
71        1.116258086968e+00            1.047720774508e-01            0.031376            0.023360                      
72        7.342183687464e-01            1.662093255679e-01            0.020632            0.016678                      
73        1.286414200425e-01            4.533454887628e-02            0.003387            0.003516                      
74        5.648559171957e+00            1.222386858809e-01            0.159984            0.117129                      
75        1.642872632801e-01            2.158969693085e-02            0.004661            0.003714                      
76        4.387514465829e-01            4.596266238344e-02            0.012443            0.009583                      
77        1.093150373259e+01            2.325728151698e-01            0.310242            0.228215                      
78        3.546842759631e-01            2.093104551053e-02            0.009998            0.007458                      
79        7.941691753453e-01            2.396852062814e-02            0.022511            0.016455                      
80        1.064661328278e+00            8.473362234368e-02            0.030042            0.022665                      
81        1.093316034663e+00            3.760315712889e-02            0.030920            0.022303                      
82        8.755100417327e-01            3.323293594960e-02            0.024835            0.017939                      
83        1.312350635429e+00            7.895732874163e-02            0.037333            0.027847                      
84        1.393340035727e+00            1.375674008605e-01            0.038739            0.028478                      
85        1.082444594596e+00            9.273659482748e-02            0.030418            0.022208                      
86        6.575077048330e-01            8.651323459798e-02            0.018540            0.014037                      
87        2.769334494479e-01            7.849312267780e-02            0.007435            0.006443                      
88        3.646796224520e-01            1.241574951743e-01            0.009911            0.009110                      
89        5.673093100349e-01            9.804931952287e-02            0.015970            0.012041                      
90        2.030576816263e-01            6.060163922353e-02            0.005595            0.004487                      
91        7.237133564122e-01            8.544482394215e-02            0.020578            0.015560                      
92        1.777751348809e+00            1.969387811717e-01            0.050148            0.036247                      
93        7.933530956660e-02            3.682922103345e-02            0.002189            0.002188                      
94        4.211432194785e-01            4.276096699766e-02            0.011898            0.008816                      
95        1.231126259690e+00            6.237348896934e-02            0.034849            0.025407                      
96        9.967247715764e-01            2.672623773325e-01            0.028102            0.021874                      
97        8.425022634982e+00            2.141092705177e-01            0.238721            0.173818                      
98        5.918011739014e-01            2.529813317948e-02            0.016695            0.012172                      
99        7.839871577619e-01            2.847814404361e-02            0.022120            0.016139                      
100       3.922845896776e-01            2.247561686216e-02            0.011091            0.008137                      
101       9.435562018619e-02            6.056742680504e-02            0.002465            0.002882                      
102       3.238617944659e-01            1.120044675331e-02            0.009178            0.006855                      
103       3.375713887619e-01            1.182722675575e-01            0.008650            0.008508                      
104       3.222354608100e-01            1.588161338723e-02            0.009101            0.006736                      
105       1.760476133334e-01            1.035649309871e-02            0.005008            0.003674                      
106       3.445499101496e-01            2.166839592540e-02            0.009743            0.007205                      
107       2.725576834538e-01            9.475117550578e-03            0.007709            0.005624                      
108       1.808631101878e-01            8.441648460120e-03            0.005114            0.003801                      
109       1.759047362413e-01            2.089082682589e-02            0.005040            0.003938                      
110       1.551530864268e-01            4.867148080569e-02            0.003877            0.003562                      
111       9.168050773189e-02            1.536846842606e-02            0.002596            0.001958                      
112       2.519588781289e+00            5.480258556869e-02            0.071399            0.052480                      
1001      4.561540203589e+01            6.314839734885e+00            1.280865            0.953010                      
1003      5.795235907177e+01            8.784748950549e+00            1.631609            1.164620                      
1004      1.768668074621e+01            8.991457074674e-01            0.502281            0.367091                      
1         3.933960680179e-01            1.335986508556e-01            0.010279            0.009933                      
2         4.589996816009e-01            1.060448906598e-01            0.010936            0.010929                      
3         2.740340544985e-01            9.129459764655e-02            0.007167            0.006790                      
4         4.034240305115e-01            1.149456969805e-01            0.009795            0.010053                      
5         2.832990112230e-01            8.462177404483e-02            0.006914            0.007443                      
6         4.142236733348e-01            9.210699137084e-02            0.010794            0.009641                      
7         4.137511030513e-01            4.500328537626e-02            0.011407            0.009030                      
8         2.919187643172e-01            9.542833243962e-02            0.007250            0.007555                      
9         3.316210541509e-01            9.009080373556e-02            0.008386            0.007720                      
10        4.135209433315e-01            1.002752804644e-01            0.010840            0.010536                      
11        4.944703923985e-01            7.898070827076e-02            0.011992            0.010136                      
12        3.906930268924e-01            1.002923693368e-01            0.009654            0.009518                      
13        4.371580539307e-01            9.124904185277e-02            0.011242            0.011573                      
14        2.902981817994e-01            9.180871637560e-02            0.007168            0.007265                      
15        3.172480316618e-01            8.054861664420e-02            0.007803            0.006765                      
16        3.488701555927e-01            1.250201372603e-01            0.008392            0.008378                      
17        4.523660026858e-01            8.787967861755e-02            0.010871            0.010978                      
18        1.927197216286e-01            4.187693796900e-02            0.004853            0.004901                      
19        1.641952776035e-01            2.203373946831e-02            0.003796            0.003143                      
20        2.912478287566e-01            9.862652818357e-02            0.007681            0.007425                      
21        2.418137182993e-01            7.030027577811e-02            0.005990            0.005578                      
22        2.403644402213e-01            4.966751500890e-02            0.005839            0.006601                      
23        2.305079678805e-01            5.586932298454e-02            0.006110            0.005585                      
24        2.571810595393e-01            5.783378914920e-02            0.006725            0.006254                      
25        2.218826373128e-01            6.753797919751e-02            0.005714            0.004906                      
26        2.628268063318e-01            7.675636690489e-02            0.006703            0.006398                      
27        3.560927853927e-01            6.637325787384e-02            0.008896            0.008627                      
28        2.041570795064e-01            5.044519201263e-02            0.005013            0.004746                      
29        1.518073411174e-01            3.747406307109e-02            0.004020            0.004463                      
30        2.168283435858e-01            6.211722412019e-02            0.005588            0.005512                      
31        1.636195277079e-01            5.104902857082e-02            0.004261            0.004462                      
32        1.632483075284e-01            4.048194298502e-02            0.004003            0.003605                      
33        1.598075706748e-01            4.503859759318e-02            0.004115            0.004704                      
34        1.908573680100e-01            3.777985954594e-02            0.004607            0.004154                      
35        1.955854580276e-01            5.920247566400e-02            0.005041            0.004968                      
36        1.968074900658e-01            7.354521642570e-02            0.005008            0.005218                      
37        1.537743800886e-01            3.278204467768e-02            0.003975            0.003589                      
38        2.002543778293e-01            4.674876080365e-02            0.005464            0.004974                      
39        1.480182342479e-01            3.198969976763e-02            0.003847            0.004035                      
40        1.317704183218e-01            3.417171455268e-02            0.003169            0.002895                      
41        1.961198729025e-01            5.622230637256e-02            0.004666            0.004457                      
42        1.574091202680e-01            3.624282144457e-02            0.003780            0.004086                      
43        1.082142528763e-01            2.987843270472e-02            0.002578            0.002474                      
44        1.547102478003e-01            4.092945055181e-02            0.003852            0.003893                      
45        9.397752895872e-02            3.344169844098e-02            0.002320            0.002143                      
46        1.346972107751e-01            3.440470137559e-02            0.003504            0.003057                      
47        9.914068247339e-02            2.952756160410e-02            0.002372            0.002677                      
48        1.529138171190e-01            3.964704011283e-02            0.003925            0.003517                      
49        1.010924635767e-01            2.675224242846e-02            0.002549            0.002470                      
50        9.861610925606e-02            2.080859377639e-02            0.002494            0.002747                      
51        8.611312791014e-02            2.110349276887e-02            0.002195            0.001933                      
52        7.307683470429e-02            1.832557886014e-02            0.001867            0.001719                      
53        1.339268408425e-01            3.171355577020e-02            0.003235            0.003424                      
54        1.243774045024e-01            3.938975150584e-02            0.003173            0.003242                      
55        1.215254516977e-01            3.765964503147e-02            0.003058            0.002949                      
56        1.350588812659e-01            3.304810097541e-02            0.003365            0.003162                      
57        1.328900339955e-01            3.485764850430e-02            0.003355            0.003087                      
58        1.521936373937e-01            4.635149623841e-02            0.003574            0.003527                      
59        1.275335852520e-01            3.175269726071e-02            0.003017            0.002630                      
60        1.791026970959e-01            4.398688914712e-02            0.004591            0.004625                      
61        1.646163027173e-01            3.344362865221e-02            0.004137            0.003347                      
62        1.263998940598e-01            3.581079536350e-02            0.003351            0.003397                      
63        1.004799839309e-01            2.910937399615e-02            0.002505            0.002434                      
64        7.680298844996e-02            2.251671769450e-02            0.001944            0.001918                      
65        9.577050684019e-02            2.291804551912e-02            0.002262            0.002178                      
66        1.002936511550e-01            2.043875717897e-02            0.002388            0.002159                      
67        1.025554120730e-01            2.665276958057e-02            0.002522            0.002300                      
68        1.217395513084e-01            3.043370276277e-02            0.002917            0.003016                      
69        9.185919088680e-02            2.183257655340e-02            0.002240            0.002242                      
70        1.005562486852e-01            3.157999875216e-02            0.002544            0.002382                      
71        6.433834608721e-02            1.627186218522e-02            0.001501            0.001365                      
72        9.762592923108e-02            2.509697015946e-02            0.002392            0.002286                      
73        1.005871271406e-01            2.090866979655e-02            0.002321            0.002302                      
74        1.187579312392e-01            3.968961770143e-02            0.003028            0.002818                      
75        8.385735024621e-02            2.113407721732e-02            0.001992            0.001767                      
76        9.244872039259e-02            2.357890501955e-02            0.002349            0.002011                      
77        6.383837391550e-02            1.434703069469e-02            0.001689            0.001435                      
78        9.335937094290e-02            2.154149306784e-02            0.002376            0.002291                      
79        1.086239442012e-01            4.178377235718e-02            0.002737            0.002738                      
80        7.473342946446e-02            1.509129745842e-02            0.001743            0.001554                      
81        6.508164798503e-02            2.035879996844e-02            0.001675            0.001556                      
82        6.535514880251e-02            9.734462156841e-03            0.001625            0.001610                      
83        7.747363526679e-02            2.544250395252e-02            0.001984            0.001852                      
84        1.010128880435e-01            3.339452790838e-02            0.002478            0.002454                      
85        6.852916674521e-02            1.898232398518e-02            0.001684            0.001729                      
86        6.627335064822e-02            2.097954807633e-02            0.001655            0.001604                      
87        7.070727081050e-02            1.942229594803e-02            0.001735            0.001756                      
88        6.853859252960e-02            1.634688761860e-02            0.001697            0.001549                      
89        5.777841437426e-02            1.713082480206e-02            0.001458            0.001628                      
90        6.926354087904e-02            1.900794657862e-02            0.001736            0.001485                      
91        5.568206528990e-02            1.423795678780e-02            0.001353            0.001202                      
92        7.642537335187e-02            2.297630755619e-02            0.002008            0.002115                      
93        6.838336614464e-02            2.342670343734e-02            0.001790            0.001974                      
94        4.690907600138e-02            9.202629864808e-03            0.001146            0.001106                      
95        5.587353340130e-02            1.199608852689e-02            0.001414            0.001624                      
96        4.898510496380e-02            1.241085021478e-02            0.001257            0.001225                      
97        3.801842320560e-02            7.401835269179e-03            0.000940            0.001050                      
98        4.763129619553e-02            8.429642203765e-03            0.001266            0.001353                      
99        3.828440670947e-02            1.003128139751e-02            0.000956            0.000924                      
100       4.682397091019e-02            7.425490438256e-03            0.001114            0.001149                      
101       1.838475048036e-01            4.936151430424e-02            0.004840            0.004094                      
102       1.253466741133e-01            4.306811123749e-02            0.003087            0.002808                      
103       1.805147144006e-01            3.170699899670e-02            0.004766            0.004592                      
104       1.906857626060e-01            3.866081987305e-02            0.004603            0.004192                      
105       1.836726277451e-01            4.641783441704e-02            0.004936            0.004336                      
106       2.440092947960e-01            6.166073756087e-02            0.006751            0.005541                      
107       1.217141756743e-01            3.627784483788e-02            0.003016            0.002917                      
108       1.754382551259e-01            4.581241231105e-02            0.004181            0.003951                      
109       2.518729259598e-01            7.149704860619e-02            0.006032            0.005410                      
110       1.717918141484e-01            3.575162271614e-02            0.004297            0.003865                      
111       2.239335665413e-01            7.002723598404e-02            0.005244            0.004820                      
112       1.515723128760e-01            3.215487265371e-02            0.003748            0.004123                      
113       1.892774040430e-01            4.810107651745e-02            0.004762            0.004562                      
114       1.364239419730e-01            1.914370486951e-02            0.003562            0.003602                      
115       1.298179660261e-01            2.918178043303e-02            0.003328            0.002815                      
116       2.005679488653e-01            7.726706790120e-02            0.005098            0.006049                      
117       1.591744618566e-01            4.417395375857e-02            0.004071            0.003802                      
118       2.187885907817e-01            2.345888823882e-02            0.005648            0.004871                      
119       1.691156992938e-01            3.119657842675e-02            0.004451            0.003751                      
120       1.244038040091e-01            2.339123689000e-02            0.003170            0.002689                      
121       1.379369023470e-01            2.632066552372e-02            0.003578            0.003155                      
122       1.094689744439e-01            1.292507141104e-02            0.002626            0.002449                      
123       2.174550822714e-01            5.966018391393e-02            0.005252            0.004491                      
124       1.410513455082e-01            3.857457903324e-02            0.003721            0.003138                      
125       1.147228191593e-01            3.099470245287e-02            0.002909            0.002870                      
126       1.291531969688e-01            2.663135141142e-02            0.003363            0.003064                      
127       1.118634896550e-01            2.625208948768e-02            0.002704            0.002544                      
128       9.461874343048e-02            1.459231423112e-02            0.002560            0.002182                      
129       1.232376419800e-01            2.955067474708e-02            0.003249            0.003167                      
130       1.006736230684e-01            2.412275024496e-02            0.002564            0.002287                      
131       1.220132170687e-01            2.562083399143e-02            0.003167            0.002842                      
132       1.349130056250e-01            3.935855648029e-02            0.003263            0.003355                      
133       1.202918781705e-01            2.340595042433e-02            0.003056            0.002565                      
134       1.430059525732e-01            3.973200562613e-02            0.003459            0.003398                      
135       1.119809148091e-01            2.419426910065e-02            0.003052            0.002491                      
136       1.305190574820e-01            3.304162535705e-02            0.003047            0.003031                      
137       1.461989858670e-01            2.863401520170e-02            0.003667            0.002891                      
138       9.681235506184e-02            2.027326806327e-02            0.002528            0.002397                      
139       1.259896760905e-01            3.812743557694e-02            0.003279            0.003253                      
140       1.185056010353e-01            2.489379268220e-02            0.002941            0.002922                      
141       1.531311551476e-01            2.270950717122e-02            0.003815            0.003491                      
142       9.435577300329e-02            2.159832721637e-02            0.002486            0.002146                      
143       9.291271915246e-02            1.794023403004e-02            0.002509            0.002286                      
144       1.127479128918e-01            3.149088613184e-02            0.002799            0.002465                      
145       9.003978843240e-02            1.753040465443e-02            0.002429            0.002249                      
146       1.074876352215e-01            2.397580517227e-02            0.002555            0.002191                      
147       9.223193263372e-02            2.212971981626e-02            0.002223            0.002093                      
148       1.005162252311e-01            2.736549476737e-02            0.002569            0.002235                      
149       1.124739109055e-01            1.659919240860e-02            0.002770            0.002717                      
150       1.012242670553e-01            3.209009011704e-02            0.002361            0.002322                      
151       6.451183639821e-02            8.751131584180e-03            0.001680            0.001447                      
152       8.391340922156e-02            1.203614515644e-02            0.002013            0.001916                      
153       7.664975249263e-02            1.471693203767e-02            0.001841            0.001565                      
154       8.447592039175e-02            1.877797324549e-02            0.002196            0.002127                      
155       7.789089536680e-02            1.525295137729e-02            0.001991            0.001815                      
156       1.038876603468e-01            1.987772791353e-02            0.002522            0.002148                      
157       8.312572021272e-02            2.224079852117e-02            0.002085            0.001872                      
158       1.006816269616e-01            3.203341575443e-02            0.002337            0.002299                      
159       6.743110642656e-02            1.828462046392e-02            0.001633            0.001663                      
160       9.909516585301e-02            1.860978178229e-02            0.002412            0.002122                      
161       7.170410431627e-02            1.859369016970e-02            0.001866            0.001925                      
162       7.412800326981e-02            1.453350133182e-02            0.001851            0.001623                      
163       6.969032229262e-02            1.585865799853e-02            0.001702            0.001507                      
164       9.614790790660e-02            1.771396361097e-02            0.002384            0.002256                      
165       9.182106432691e-02            2.088714388032e-02            0.002174            0.002087                      
166       8.190930626246e-02            1.720103696412e-02            0.002051            0.002001                      
167       8.898191226678e-02            1.705572981829e-02            0.002434            0.002067                      
168       5.558944739576e-02            1.302034371473e-02            0.001455            0.001568                      
169       6.600676263190e-02            1.913677350486e-02            0.001705            0.001564                      
170       6.672086271687e-02            1.379268462548e-02            0.001563            0.001463                      
171       6.060834522681e-02            1.241667002999e-02            0.001559            0.001474                      
172       7.374123343999e-02            1.806809366102e-02            0.001948            0.001589                      
173       9.881914495327e-02            2.025561273152e-02            0.002439            0.002117                      
174       5.535251593514e-02            1.452811510411e-02            0.001427            0.001278                      
175       6.177287449679e-02            1.784188777732e-02            0.001490            0.001470                      
176       8.417531474110e-02            1.761878553760e-02            0.001910            0.001756                      
177       5.845546976207e-02            1.138826122288e-02            0.001560            0.001497                      
178       8.059692551954e-02            1.626160959758e-02            0.002087            0.001986                      
179       6.965472406425e-02            2.048824730071e-02            0.001841            0.001906                      
180       6.515988864678e-02            1.508930531438e-02            0.001696            0.001520                      
181       5.432143008767e-02            1.361311775988e-02            0.001367            0.001369                      
182       8.024895295597e-02            1.777215366682e-02            0.002122            0.002117                      
183       4.385543651071e-02            1.048608129201e-02            0.001139            0.000995                      
184       6.831691349771e-02            2.317904150374e-02            0.001755            0.001905                      
185       5.187661310448e-02            1.338625862590e-02            0.001333            0.001339                      
186       4.327855144894e-02            1.102795432723e-02            0.001123            0.001024                      
187       5.412293220282e-02            1.987072353696e-02            0.001440            0.001459                      
188       4.331095108906e-02            1.046737877846e-02            0.001118            0.000975                      
189       4.102315181531e-02            1.272722072313e-02            0.001099            0.001014                      
190       4.706415974809e-02            1.082013807359e-02            0.001131            0.001133                      
191       6.983453558689e-02            1.894916944520e-02            0.001775            0.001638                      
192       5.008232092578e-02            1.065325016131e-02            0.001231            0.001228                      
193       5.016072813378e-02            1.047651813078e-02            0.001269            0.001050                      
194       5.897263889770e-02            1.816748748631e-02            0.001427            0.001389                      
195       5.146523176266e-02            1.207147244522e-02            0.001229            0.001246                      
196       5.456239465893e-02            1.282905444717e-02            0.001269            0.001224                      
197       4.675313857593e-02            1.042302730720e-02            0.001181            0.001017                      
198       4.799606173446e-02            1.062363053084e-02            0.001210            0.001020                      
199       3.675196445213e-02            7.946142461525e-03            0.000975            0.000972                      
200       3.787196797993e-02            1.053307875930e-02            0.000993            0.000914                      
201       3.435115444422e-02            8.721698239151e-03            0.000852            0.000977                      
202       3.947021064400e-02            1.003045374009e-02            0.000990            0.000883                      
