@    title "Electric Field"
@    xaxis  label "Time (ps)"
@    yaxis  label "MV/cm"
#time      Magnitude                     Efield_X                      Efield_Y                     Efield_Z
@type xy
10        1.059110712983e+02            -5.695032088829e+00           1.372229492294e+00            -1.057489414570e+02           
20        1.115866403990e+02            6.764266747366e+00            -9.058643928729e+00           -1.110124496671e+02           
30        1.059709937090e+02            -5.065006886061e+00           -1.272194221463e+01           -1.050825837102e+02           
40        1.109307542310e+02            5.495096351269e-01            -9.082153684809e+00           -1.105569751661e+02           
50        1.014069534900e+02            -6.037972156416e-01           -1.004013725123e+01           -1.009068941600e+02           
60        1.124001093291e+02            -8.126200717669e+00           -1.697060865005e+01           -1.108140238469e+02           
70        1.016280184789e+02            -9.203089092908e+00           -1.685949460433e+01           -9.979636633051e+01           
80        1.037497415556e+02            -6.386373097211e+00           -4.070611882820e+00           -1.034729589333e+02           
90        1.119324447388e+02            2.110365980469e+00            4.137566487947e+00            -1.118360366081e+02           
100       1.035655768568e+02            -4.773270559095e+00           1.313335552470e+00            -1.034471833719e+02           
110       1.035679131403e+02            -1.860343268675e+00           -8.604203028302e+00           -1.031931172385e+02           
120       1.021991267677e+02            -6.496776741122e+00           -6.861618919808e+00           -1.017613462462e+02           
130       1.050847988622e+02            -1.670585012482e+00           -3.540065969054e+00           -1.050118661417e+02           
140       1.073917930631e+02            5.407407836505e+00            -2.638649092170e+00           -1.072231070654e+02           
150       1.122139718743e+02            7.140212469812e+00            -1.078964690640e+01           -1.114655837885e+02           
160       1.048003411045e+02            1.659772809343e+00            -1.360718054639e+01           -1.038999580723e+02           
170       1.000914947038e+02            -6.559186244794e+00           -7.253415939183e+00           -9.961261137555e+01           
180       1.093089147997e+02            -5.237895248543e+00           -1.048164468646e+01           -1.086790616113e+02           
190       1.005784105195e+02            -7.003434470218e+00           3.445764377738e+00            -1.002750979860e+02           
200       9.952818058552e+01            -3.848855850259e+00           -4.759582661991e+00           -9.933977759283e+01           
210       9.940233395403e+01            -1.748980073574e+00           4.199821964887e+00            -9.929816997142e+01           
220       1.025008441255e+02            4.694489934547e+00            -1.074265942149e+01           -1.018281890207e+02           
230       1.007158160679e+02            3.433697596123e+00            3.559104434627e-02            -1.006572603458e+02           
240       1.179222634008e+02            -1.037919630424e+01           1.021380025582e+01            -1.170197025034e+02           
250       1.077531161003e+02            -1.090683604944e+01           -2.134649209534e+00           -1.071784410666e+02           
260       1.033744051234e+02            -5.211556278901e-01           1.131533364192e+00            -1.033668982976e+02           
270       1.034908664592e+02            3.282104484585e-01            9.616427007019e-02            -1.034903013370e+02           
280       1.019155999166e+02            2.761585399579e+00            2.945194061220e+00            -1.018355978250e+02           
290       1.099750963907e+02            -6.067131832466e-01           1.375298141858e+00            -1.099648229220e+02           
300       1.026183771317e+02            3.070331338973e+00            -5.680533956449e+00           -1.024150180618e+02           
310       1.089586913100e+02            1.562962452958e+00            4.509562423243e+00            -1.088541106579e+02           
320       1.029961306640e+02            3.133615664423e+00            -9.540051648203e+00           -1.025054671673e+02           
330       1.025895677105e+02            1.064833631852e+00            -1.141870500532e+01           -1.019465482906e+02           
340       1.167424935326e+02            -5.826271167744e+00           -1.564002887717e+01           -1.155432986253e+02           
350       1.136882793076e+02            -4.812530715699e+00           1.154932343422e+00            -1.135805024259e+02           
360       1.105491896807e+02            -8.744978757719e+00           -8.599279700753e+00           -1.098667423483e+02           
370       1.083430646495e+02            2.109559172733e+00            -1.489372219421e+01           -1.072937391321e+02           
380       1.167050164988e+02            2.990228298492e+00            -3.492245986322e+00           -1.166144229017e+02           
390       1.092925597545e+02            2.707269580485e+00            -1.139599995368e+01           -1.086630824805e+02           
400       1.045452556269e+02            -4.355339541861e+00           1.340610877693e+00            -1.044458915135e+02           
410       1.045581539651e+02            -6.408900833209e+00           -1.778639983900e+00           -1.043463942382e+02           
420       1.075775948594e+02            5.282532166391e+00            2.763155857311e-02            -1.074478152693e+02           
430       1.010402416138e+02            -2.506959691512e+00           1.115629734896e-01            -1.010090745042e+02           
440       1.071696570124e+02            -7.864453894194e+00           -7.613666107813e+00           -1.066091827072e+02           
450       1.020528441901e+02            -2.064909300777e+00           -1.584108695264e+00           -1.020196537757e+02           
460       9.485525314436e+01            -1.030785755317e+01           -3.660437526073e-01           -9.429280531258e+01           
470       1.006141182969e+02            -4.018367451988e+00           -1.456121579671e+00           -1.005232969696e+02           
480       9.809710363943e+01            3.373821204801e-01            4.676653296960e+00            -9.798498267433e+01           
490       1.040494467839e+02            7.827352666907e+00            -3.263436377481e+00           -1.037032781993e+02           
500       1.066282988388e+02            9.252312326823e+00            1.398859665401e+00            -1.062169102427e+02           
510       1.007229238838e+02            5.128877480786e+00            2.851609707215e+00            -1.005518290911e+02           
520       1.086785815158e+02            -1.034188674323e+01           -1.056248566668e+01           -1.076685346581e+02           
530       9.719062625480e+01            -6.864619402911e+00           -3.562119688618e+00           -9.688243460802e+01           
540       9.901593844301e+01            -5.498016261140e+00           -5.188878678453e+00           -9.872691335701e+01           
550       1.021116463479e+02            4.622372001790e+00            -2.713761422599e+00           -1.019708659172e+02           
560       1.042721132383e+02            -3.032292035095e+00           -3.406678727317e+00           -1.041723252320e+02           
570       1.082913088775e+02            -5.933009732888e+00           -3.398653559137e+00           -1.080752336472e+02           
580       1.079350546097e+02            -5.590460376090e+00           -1.636657305249e+01           -1.065404057290e+02           
590       9.871965948019e+01            5.744376073354e+00            -4.737645225044e+00           -9.843844792119e+01           
600       9.957470830695e+01            1.709018480882e+00            -8.951454169627e+00           -9.915681145789e+01           
610       1.023061531898e+02            -3.783186013433e+00           -4.166810285169e+00           -1.021512318875e+02           
620       9.962613565185e+01            -1.612387938257e+00           -2.092663305430e-01           -9.961286722939e+01           
630       1.005001886699e+02            4.368410977646e+00            -5.717833644518e+00           -1.002422629764e+02           
640       9.472150858413e+01            -5.667811767881e-01           -8.380872877405e+00           -9.434831168264e+01           
650       1.016935027276e+02            -7.890087688094e+00           -5.104390735322e+00           -1.012583833986e+02           
660       9.948119331701e+01            -7.248387601622e+00           -3.691920690399e+00           -9.914806313070e+01           
670       1.061310541032e+02            -8.963762380206e+00           -2.916633000328e+00           -1.057116117604e+02           
680       1.085424629132e+02            -4.406677237501e+00           6.899558569467e+00            -1.082332829703e+02           
690       9.470341219291e+01            1.907373475430e+00            -7.101451252284e+00           -9.441751742933e+01           
700       9.802084431436e+01            -3.537547940612e+00           -4.894967588883e+00           -9.783461027147e+01           
710       1.079267559218e+02            -6.134721451705e+00           6.869183561376e+00            -1.075330839961e+02           
720       9.819339571286e+01            1.393825314443e-01            -6.683125601357e+00           -9.796560297537e+01           
730       9.765461067109e+01            3.130765337884e+00            -9.908640974611e+00           -9.710015513766e+01           
740       1.056119293637e+02            -1.545042912389e+00           1.928998270708e+00            -1.055830073070e+02           
750       9.912703893204e+01            -7.247962965858e+00           -1.204944773760e+01           -9.812465383123e+01           
760       9.895465986425e+01            -1.104201902303e+01           6.562479609231e-01            -9.833446935515e+01           
770       1.025886724315e+02            -9.472075640054e+00           3.917376330479e+00            -1.020753136513e+02           
780       1.054857263595e+02            -2.615391478997e+00           -6.163537038468e+00           -1.052730212551e+02           
790       1.019811993292e+02            1.818942998152e+00            -8.788194741963e+00           -1.015855506269e+02           
800       1.036010774325e+02            -1.162088456088e+01           1.362282672500e+00            -1.029382459201e+02           
810       1.104849320131e+02            -9.733858023740e-01           -7.834725582327e+00           -1.102024945139e+02           
820       9.990637822817e+01            8.088336705759e-01            -8.481850573493e+00           -9.954239503655e+01           
830       1.062045217518e+02            9.982826232146e-01            -1.827732074497e-01           -1.061996726280e+02           
840       1.070004040922e+02            3.899669794879e+00            -1.920358429587e+01           -1.051907857256e+02           
850       9.994123222342e+01            -1.149927390090e+01           -3.547002869901e+00           -9.921408855968e+01           
860       1.069438329114e+02            -1.256713277360e+00           -1.253596541161e+01           -1.061991225986e+02           
870       1.036144011640e+02            3.254199297922e+00            -5.963395467391e+00           -1.033914514358e+02           
880       1.081427693007e+02            -7.921116728650e-01           -1.218331502513e+01           -1.074513747987e+02           
890       1.000974268789e+02            -1.129357318719e+01           -1.186963189322e+01           -9.874746534042e+01           
900       1.021472488126e+02            -3.974650744315e-01           -7.285288437696e+00           -1.018863437065e+02           
910       1.141913439337e+02            -1.596901223682e+01           -2.164533132964e+00           -1.130485226524e+02           
920       1.009137967926e+02            -3.681641737861e+00           -3.806435252224e+00           -1.007747535243e+02           
930       1.060360296795e+02            9.278317015473e-02            -2.067716386210e+00           -1.060158267921e+02           
940       1.051703260421e+02            -3.852960349718e+00           8.247412635129e+00            -1.047756286603e+02           
950       1.022099003515e+02            -3.900796260170e+00           -7.014255139393e+00           -1.018942969123e+02           
960       1.068081579636e+02            -5.977293854916e+00           -9.277714123043e+00           -1.062364277751e+02           
970       1.110949180882e+02            -1.578710916961e+01           -2.736011331895e+00           -1.099334446430e+02           
980       1.043385046257e+02            -1.615545618644e+01           -3.712147664186e+00           -1.030133231318e+02           
990       1.056988662482e+02            -1.174670335800e+00           -1.650821142815e+00           -1.056794458034e+02           
1000      1.011597084295e+02            5.248341862878e-01            -5.401830567947e+00           -1.010140157856e+02           
1010      1.013933943535e+02            -8.415287460239e+00           -3.737545385026e+00           -1.009744230485e+02           
1020      1.062467993547e+02            -4.761767014613e+00           8.353188471948e+00            -1.058108321032e+02           
1030      1.092520092842e+02            6.614973104070e-01            4.990101776178e+00            -1.091359832420e+02           
1040      1.012237001606e+02            4.965235405835e-01            -5.307677135021e+00           -1.010832305678e+02           
1050      1.087574815857e+02            -2.807032933008e+00           -5.856933819366e-01           -1.087196731518e+02           
1060      1.046986162224e+02            2.019380029015e+00            -1.282576962264e+00           -1.046712823057e+02           
1070      1.115653628107e+02            -1.568288132625e+00           -1.430147155981e+01           -1.106338038876e+02           
1080      1.102258186208e+02            -1.303104720720e+01           -2.749492015104e+00           -1.094182945990e+02           
1090      1.077699941457e+02            2.798397353554e-01            -1.583617162345e+00           -1.077579949915e+02           
1100      1.086680363079e+02            -8.012484310973e-01           -4.726817791241e+00           -1.085622278214e+02           
1110      1.067422121114e+02            -2.425989365171e+00           -6.895763303465e+00           -1.064916093901e+02           
1120      1.041564112711e+02            3.597421863971e+00            -6.048341910015e-01           -1.040925104914e+02           
1130      1.039929454262e+02            -5.086046939295e+00           -4.112196424414e+00           -1.037870640567e+02           
1140      9.912582730890e+01            -3.538387170252e+00           1.660589807957e+00            -9.904873496111e+01           
1150      9.304142103721e+01            6.286961564845e+00            -3.569569229134e+00           -9.276011167750e+01           
1160      1.010542149403e+02            -3.032760944831e+00           -9.945898122439e+00           -1.005178383611e+02           
1170      1.068927168467e+02            6.363574439993e+00            -1.094262144526e+01           -1.061405524345e+02           
1180      1.071362828627e+02            -3.765846429872e+00           5.145614822713e+00            -1.069463611087e+02           
1190      1.099038803144e+02            -3.228789148276e+00           1.056489843508e+00            -1.098513616575e+02           
1200      1.066779163281e+02            -1.479142993257e+01           1.366344401297e+01            -1.047602106258e+02           
1210      1.026973200335e+02            -6.497549862457e+00           2.331970211001e+00            -1.024650345375e+02           
1220      1.118941254252e+02            -7.876206449616e-01           7.129741853565e+00            -1.116639679552e+02           
1230      1.030592301549e+02            1.276638204556e+01            2.782686470570e+00            -1.022275944429e+02           
1240      1.037008842389e+02            -1.058614339213e+01           8.446804703903e-01            -1.031556759220e+02           
1250      9.942992279128e+01            -2.797913833743e+00           -2.151381076051e+00           -9.936726213358e+01           
1260      9.933869862238e+01            -6.766705370956e-01           -9.443057100133e-01           -9.933190548710e+01           
1270      1.136944607413e+02            5.115111958918e+00            -1.043829098427e+01           -1.130986653955e+02           
1280      1.111030609249e+02            -5.917116339701e+00           -2.059371767038e+01           -1.090173228144e+02           
1290      1.043769647675e+02            6.426312565913e+00            -6.475529190462e-01           -1.041769358164e+02           
1300      1.054186727430e+02            -7.792408256514e+00           -4.146288970747e+00           -1.050484803518e+02           
1310      1.037277368180e+02            5.679093656094e+00            -3.376166837000e+00           -1.035171134553e+02           
1320      1.098530576350e+02            2.931117236762e+00            -5.446541503082e+00           -1.096787947105e+02           
1330      9.843165763030e+01            4.398030857779e+00            -4.330178563061e+00           -9.823796670348e+01           
1340      1.146944128055e+02            3.693776490291e+00            2.712142760447e+00            -1.146028299201e+02           
1350      1.012569776566e+02            4.257395857690e+00            -1.395704982269e+00           -1.011578079649e+02           
1360      1.111974319998e+02            -4.806141891152e+00           -1.216694251828e+01           -1.104252479881e+02           
1370      1.074630031295e+02            1.207894711142e+01            4.328277902932e-01            -1.067811253845e+02           
1380      1.054711771284e+02            -1.774972051291e+01           1.399020802693e+00            -1.039574882698e+02           
1390      1.087011672401e+02            -1.016303126350e+01           2.260737631316e+00            -1.082014122841e+02           
1400      1.063180986406e+02            -4.541473339856e-01           -1.416761129344e+01           -1.053689263445e+02           
1410      1.076810000397e+02            5.362855243281e+00            -6.793490533774e+00           -1.073325954198e+02           
1420      1.076133739673e+02            -4.105186354496e-01           -9.637202927637e+00           -1.071801943029e+02           
1430      1.085539790641e+02            1.478346220355e+00            7.161173898942e+00            -1.083074256526e+02           
1440      1.071787821386e+02            1.876812477593e+00            6.837238043589e+00            -1.069440091429e+02           
1450      1.030286432619e+02            -1.832939812612e+00           5.611612692620e+00            -1.028593771468e+02           
1460      1.021633727879e+02            -9.378794035446e+00           -1.050031102643e+01           -1.011886180862e+02           
1470      1.094218402938e+02            4.874854422016e+00            -1.030423906257e+01           -1.088264562733e+02           
1480      1.023733135543e+02            -4.796908581964e+00           6.991977250666e+00            -1.020215528713e+02           
1490      1.090045675675e+02            -1.066730196883e+01           -8.202301805107e+00           -1.081708216867e+02           
1500      1.028494685716e+02            -5.314248279639e+00           -3.737794189091e+00           -1.026440492443e+02           
1510      1.047982258506e+02            6.530460966005e+00            9.160687683400e-01            -1.045905446923e+02           
1520      1.013668373861e+02            1.403642990573e+00            -4.773007351672e+00           -1.012446734837e+02           
1530      1.029451790689e+02            1.011066276079e+01            -6.823253420030e+00           -1.022199961105e+02           
1540      1.094167036703e+02            -5.400193809014e+00           -9.306856287779e+00           -1.088863415445e+02           
1550      1.082913941417e+02            -2.389544868167e+00           -5.166422433983e+00           -1.081416857632e+02           
1560      1.047111999531e+02            -7.748817715056e+00           1.045720349763e+00            -1.044188569588e+02           
1570      1.057616545280e+02            -6.007650668091e+00           6.927799155886e+00            -1.053633774174e+02           
1580      1.057622659661e+02            -3.687609949876e+00           -8.628896993073e+00           -1.053451497309e+02           
1590      1.029792369104e+02            -7.016158021848e-01           -1.384973383451e+01           -1.020412457912e+02           
1600      1.068487775710e+02            -3.737822162853e+00           -6.008270375779e-01           -1.067816883214e+02           
1610      1.008122469619e+02            -6.345126432814e+00           1.088525391142e+00            -1.006064790187e+02           
1620      1.037019580518e+02            6.331436174126e+00            -3.495276218011e+00           -1.034494662331e+02           
1630      1.003408597031e+02            -8.655531259459e+00           1.447588316304e-01            -9.996673921587e+01           
1640      1.013077342877e+02            -1.751971611791e+01           -9.230095341510e+00           -9.935351988551e+01           
1650      1.101810837156e+02            -7.711605828445e+00           -4.208524282560e+00           -1.098302811963e+02           
1660      9.811836145082e+01            -4.887581042512e+00           3.825416020994e-01            -9.799580637593e+01           
1670      1.018329039959e+02            -7.827180259192e+00           1.183756886499e+00            -1.015247472544e+02           
1680      1.013536761988e+02            3.072967169429e+00            1.741801247580e+00            -1.012921057151e+02           
1690      1.022405620680e+02            9.571617524699e+00            -6.571911042650e+00           -1.015791644738e+02           
1700      9.395099395056e+01            -7.542141150529e-01           -5.645921849853e-01           -9.394627007515e+01           
1710      1.023203402249e+02            -2.579820246746e+00           -1.937545749213e+00           -1.022694600929e+02           
1720      1.104391113115e+02            -9.424447265217e+00           -1.024949856525e-01           -1.100362058406e+02           
1730      1.100191782178e+02            -5.550005741156e+00           -5.978343700281e+00           -1.097163452663e+02           
1740      1.012870593452e+02            -5.230648394777e+00           -5.498679951127e+00           -1.010023426806e+02           
1750      1.059078980006e+02            -1.171367727299e+01           -3.100609517121e+00           -1.052124462423e+02           
1760      1.007902650153e+02            -8.718620858115e+00           -1.119250948428e+01           -9.978672709148e+01           
1770      1.038723545463e+02            -4.379589440854e+00           1.092118475608e+00            -1.037742381931e+02           
1780      1.092177434766e+02            -1.079176254182e+01           -8.780245422644e+00           -1.083280233443e+02           
1790      1.006888598819e+02            -2.528177513898e+00           1.399516557478e+00            -1.006473853420e+02           
1800      1.015428032535e+02            1.293332441462e+01            -6.885916041421e+00           -1.004801182943e+02           
1810      1.043680590782e+02            4.628196721560e+00            -6.303081542767e+00           -1.040746977604e+02           
1820      1.073525720519e+02            2.452009129694e+00            7.720771015434e+00            -1.070464949090e+02           
1830      1.034842384649e+02            -6.350674710503e+00           7.338219665759e+00            -1.030281858207e+02           
1840      1.009834896702e+02            -3.943440203113e+00           -3.062360257720e+00           -1.008599842107e+02           
1850      1.046535754623e+02            -9.667796102260e-01           1.385470770012e+01            -1.037279290682e+02           
1860      1.091268416385e+02            8.302637858278e+00            9.951875972515e+00            -1.083544827648e+02           
1870      1.088416224318e+02            9.677635085037e-01            7.964746035809e-01            -1.088344055692e+02           
1880      9.639945678275e+01            1.472341765370e+00            1.000179464570e+01            -9.586788608080e+01           
1890      1.027502777060e+02            4.589869986941e+00            -6.984936720366e+00           -1.024097813745e+02           
1900      1.033692687439e+02            4.380509564777e+00            -1.227440953595e+01           -1.025444085611e+02           
1910      1.015337288420e+02            -3.756564303895e+00           2.541075860518e+00            -1.014323875824e+02           
1920      1.016143771104e+02            7.732227480996e+00            -8.902612830416e+00           -1.009278840485e+02           
1930      1.062553051444e+02            1.262964706981e+01            1.651113668030e+00            -1.054891260267e+02           
1940      1.119903952543e+02            -1.125050383442e+00           -1.128604204965e+00           -1.119790567178e+02           
1950      1.017592902915e+02            -4.571219981074e+00           1.704199021681e+00            -1.016422786748e+02           
1960      1.010203462638e+02            -1.260221140805e+01           8.446860313954e-01            -1.002276465472e+02           
1970      1.084600532881e+02            -6.451748073822e+00           4.718968858191e+00            -1.081651026855e+02           
1980      1.038512822466e+02            -5.811700979391e+00           -7.205045143445e-01           -1.036860348805e+02           
1990      1.051680528868e+02            -5.000867607757e+00           7.209833235912e+00            -1.048013786926e+02           
2000      1.091943881405e+02            -7.951740985620e+00           1.682398897541e+01            -1.075971078219e+02           
2010      1.042514891264e+02            -1.427344249030e+01           -4.203535270471e+00           -1.031841660129e+02           
2020      1.034851846788e+02            -3.385182227640e+00           7.794507244660e+00            -1.031356856093e+02           
2030      1.016963331008e+02            -1.611832167210e+00           -8.439794495848e+00           -1.013326997178e+02           
2040      1.066783774384e+02            -4.481264644926e+00           -3.865451779927e+00           -1.065140965441e+02           
2050      1.037997743541e+02            4.102801240697e+00            -7.602883392783e+00           -1.034396265560e+02           
2060      1.031120142238e+02            -2.197147840341e+00           -2.674766393898e+00           -1.030538967890e+02           
2070      1.097685153316e+02            3.471297574008e+00            -1.305360506497e+01           -1.089342941689e+02           
2080      1.033422270866e+02            2.065915449275e-01            1.400023080016e+01            -1.023892902441e+02           
2090      1.058721313975e+02            -1.150965265588e+01           3.136653993806e+00            -1.051978968616e+02           
2100      1.076316124411e+02            -7.210708471080e+00           1.008296734759e+00            -1.073850688770e+02           
2110      9.894419185702e+01            -8.155265155910e+00           -3.595505436642e+00           -9.854195600418e+01           
2120      1.019066269761e+02            3.040902433725e-01            -2.119142334954e+00           -1.018841370702e+02           
2130      9.984564133433e+01            1.210481186397e+00            2.388254964514e+00            -9.980973432980e+01           
2140      1.043304841060e+02            -1.790464156991e-01           6.176861203562e-01            -1.043285019543e+02           
2150      9.990107243832e+01            7.832697549359e-01            -1.458447415118e+00           -9.988735502533e+01           
2160      9.705284786038e+01            -3.266848648750e+00           -6.432421290534e+00           -9.678433206908e+01           
2170      1.045965521191e+02            -1.567421509936e+01           1.769478698616e+01            -1.018903931180e+02           
2180      1.020356921210e+02            -1.235016128316e+01           -6.787241290682e+00           -1.010578514444e+02           
2190      9.704321468355e+01            1.500985140267e+00            1.176138191255e+01            -9.631615884800e+01           
2200      1.034787578909e+02            -3.636684594333e+00           -2.745889007350e+00           -1.033783727545e+02           
2210      1.013853274578e+02            -4.937123134810e-01           -1.058104958461e+01           -1.008304629642e+02           
2220      1.071957358633e+02            -5.873109735726e+00           -1.832055084713e+01           -1.054551553314e+02           
2230      1.087083525317e+02            -1.010120480390e+00           1.313116283835e+00            -1.086957280319e+02           
2240      1.097347666937e+02            -3.267516195625e+00           -1.180681779923e+01           -1.090488028943e+02           
2250      1.060281323818e+02            -1.031689801573e+01           3.197972023751e-01            -1.055245194325e+02           
2260      9.745188257262e+01            -3.909199741367e+00           -8.603220913086e-01           -9.736964321711e+01           
2270      1.090090839768e+02            -1.970869830032e+01           -3.150090051871e+00           -1.071663404873e+02           
2280      1.007194172634e+02            6.030744735019e+00            -6.022213976684e+00           -1.003581788926e+02           
2290      1.056424729033e+02            -1.693763343955e+01           -6.913420469848e+00           -1.040463996109e+02           
2300      1.064187193162e+02            2.227935150000e+00            -1.261497345774e+00           -1.063879163736e+02           
2310      1.033117423078e+02            -4.292535930090e-01           6.261371596910e-01            -1.033089531080e+02           
2320      1.024881209739e+02            3.733506136271e+00            -5.912278388519e+00           -1.022493072688e+02           
2330      1.025274291718e+02            8.563356986512e+00            -8.899467613937e+00           -1.017808534346e+02           
2340      1.109824634389e+02            -1.985117777279e-01           -6.049129809690e+00           -1.108173082717e+02           
2350      9.948491307860e+01            -1.381603230963e+00           -2.261971263475e+00           -9.944959823333e+01           
2360      9.647381324944e+01            3.839406552546e+00            -7.575601335359e+00           -9.609925007314e+01           
2370      9.884646445716e+01            -3.909524254198e+00           -8.543045626783e+00           -9.839896100674e+01           
2380      9.648822735386e+01            -4.016604489273e+00           -1.071087023162e+00           -9.639863940355e+01           
2390      9.796834808113e+01            2.521371045959e-01            4.076572769369e+00            -9.788317121488e+01           
2400      1.037141702720e+02            -3.416892572543e+00           -3.897293521458e+00           -1.035845792749e+02           
2410      1.061074974667e+02            -6.338513179104e+00           -4.121672150301e+00           -1.058377819495e+02           
2420      1.017539863416e+02            -6.037312195698e+00           3.051905500305e+00            -1.015288652092e+02           
2430      1.012383710948e+02            5.191954135700e+00            2.600230465978e-01            -1.011048158209e+02           
2440      1.050309707053e+02            -1.342543034349e+01           -7.817848336969e+00           -1.038756173256e+02           
2450      1.056073899177e+02            8.253072491495e+00            1.281034667067e+01            -1.045021656132e+02           
2460      1.001730586991e+02            1.204151902803e+00            6.673737793870e+00            -9.994324855232e+01           
2470      9.412867784366e+01            -1.691912044965e+00           6.156585307864e-01            -9.411145727701e+01           
2480      1.054824605980e+02            -7.476943711300e+00           1.268465422242e+00            -1.052094853235e+02           
2490      1.029416805310e+02            -1.136228476318e+00           2.101246134628e+00            -1.029139608609e+02           
2500      9.790825148866e+01            -4.296154810218e+00           -6.352433479518e+00           -9.760745541352e+01           
2510      1.056140363638e+02            -8.896396575400e-01           -1.881231137512e+01           -1.039212690409e+02           
2520      9.803237505646e+01            -7.568410014115e+00           3.426597109485e+00            -9.767970188999e+01           
2530      9.977475375753e+01            3.071318281356e+00            -4.679091997165e+00           -9.961764195900e+01           
2540      1.050616459264e+02            7.831022026318e+00            1.779820645129e+00            -1.047542685396e+02           
2550      9.946879971399e+01            5.682806624478e+00            3.829863176164e-01            -9.930559474114e+01           
2560      9.163014452064e+01            -5.603288236689e+00           -5.073234003178e-01           -9.145725323220e+01           
2570      1.024869363564e+02            4.522745398653e+00            3.763523495569e+00            -1.023179006268e+02           
2580      9.894166340745e+01            5.148259343735e-01            6.012565474209e-01            -9.893849707093e+01           
2590      1.062585387285e+02            -8.428674271679e+00           -1.446558877282e+00           -1.059138422027e+02           
2600      1.066133464802e+02            9.101854609585e+00            -1.094777514856e+01           -1.056584502521e+02           
2610      9.495094800255e+01            -1.807832802026e+00           -1.281730105252e+01           -9.406450478726e+01           
2620      9.903038499455e+01            -6.131041926483e+00           -1.156377900885e+00           -9.883364946826e+01           
2630      1.062856705678e+02            -1.089791345513e+01           -1.545851838244e+01           -1.045892607288e+02           
2640      9.505103772664e+01            -1.059700866912e+01           -9.993395460319e+00           -9.392835156305e+01           
2650      1.011780004322e+02            -2.629495132849e+00           -1.466895944500e+00           -1.011331881387e+02           
2660      9.163016418589e+01            -8.291994909563e-01           -6.244636197856e+00           -9.141336847362e+01           
2670      1.054324501532e+02            -8.475149079204e+00           -1.256506219913e+01           -1.043373979229e+02           
2680      1.016149454129e+02            6.042761720475e-01            -3.499597070239e+00           -1.015528670296e+02           
2690      9.973001255904e+01            -6.922715681779e+00           -9.194918030446e+00           -9.906364063080e+01           
2700      1.089008910937e+02            -5.234141488342e+00           -1.193371512993e+01           -1.081184271394e+02           
2710      1.160775761428e+02            -5.960829413476e+00           -1.436563155067e+01           -1.150308690136e+02           
2720      1.028490791265e+02            -7.797222165723e+00           5.549919638298e+00            -1.024028065811e+02           
2730      9.936128087964e+01            -5.883668648756e+00           -3.690630840662e+00           -9.911824163731e+01           
2740      1.036605744555e+02            -7.402998895867e-01           -2.805479484034e+00           -1.036199591651e+02           
2750      9.420479089150e+01            -6.676725715870e+00           -6.630437080784e+00           -9.373367199008e+01           
2760      1.023321036040e+02            1.823049956358e+00            -3.796811200776e-01           -1.023151589899e+02           
2770      9.824971952721e+01            -3.928434087224e+00           -6.190118429077e-01           -9.816919892276e+01           
2780      9.639424538369e+01            -1.461367334661e+01           -4.915384845106e+00           -9.515319272749e+01           
2790      1.002429274322e+02            -8.570105973106e+00           -2.280568163276e+00           -9.984987126998e+01           
2800      9.522201752974e+01            -1.044189033797e+01           1.411784732560e+00            -9.463723586661e+01           
2810      1.031036105078e+02            -1.465227993121e+01           -4.106201046516e+00           -1.019745277289e+02           
2820      9.851559729533e+01            -7.138717527197e+00           -5.137504597114e+00           -9.812220782798e+01           
2830      9.929689217435e+01            1.248923134592e+00            -1.600003292166e+01           -9.799138703475e+01           
2840      9.935942426521e+01            -1.337670004366e+01           -1.263571390645e+00           -9.844674943134e+01           
2850      9.531015570293e+01            -2.926514936145e+00           -5.020557064329e+00           -9.513282975508e+01           
2860      1.004236593945e+02            7.171864447942e+00            -9.588554370885e+00           -9.970724824007e+01           
2870      9.696035712879e+01            -4.651480445108e+00           -1.508740174710e+01           -9.566632057695e+01           
2880      1.060065682298e+02            -1.606448647004e+00           -8.809180184750e+00           -1.056276960606e+02           
2890      9.762149492031e+01            1.976697946773e+00            -8.094344308179e-01           -9.759812370945e+01           
2900      9.478928320310e+01            2.122253284145e+00            -3.892313993274e+00           -9.468555403510e+01           
2910      1.024436032659e+02            -1.111599651006e+01           1.400913356951e+00            -1.018290916853e+02           
2920      9.611645724251e+01            -2.440843236175e+00           -1.252792571261e+00           -9.607729257177e+01           
2930      1.039251671684e+02            -7.148446143000e+00           -5.656801284040e+00           -1.035245897744e+02           
2940      1.036089565479e+02            -8.125998715699e+00           -4.271370821868e+00           -1.032014506347e+02           
2950      1.150618826452e+02            -1.056589616096e+01           -1.398325740536e+01           -1.137192472210e+02           
2960      1.019500613127e+02            -2.731073541324e+00           2.038545601796e+00            -1.018930840185e+02           
2970      9.747780361356e+01            6.043681830321e+00            5.337031122444e+00            -9.714377080418e+01           
2980      1.047714781991e+02            -1.067980474851e+00           1.448559103188e+00            -1.047560200573e+02           
2990      9.605779573231e+01            -7.498038406923e+00           -8.302015959877e-01           -9.576111061547e+01           
3000      1.047909431917e+02            -2.467396063993e+00           1.047477982049e+00            -1.047566538294e+02           
3010      1.035061468103e+02            -3.498416032709e+00           5.339364647617e+00            -1.033091220461e+02           
3020      9.870503455780e+01            4.710748615268e+00            -4.629521062979e+00           -9.848380693935e+01           
3030      8.907343225979e+01            9.734659067999e-01            -1.241117928248e+00           -8.905946510594e+01           
3040      1.006919734184e+02            7.627391001770e+00            6.268075984109e+00            -1.002068243228e+02           
3050      1.079493008221e+02            1.155206993255e+01            7.003346164813e+00            -1.071006739977e+02           
3060      9.778000344389e+01            1.247888571467e+00            -9.371575860118e+00           -9.732186503298e+01           
3070      1.030263052436e+02            -3.338035603014e+00           -1.916194714697e+00           -1.029543845024e+02           
3080      1.006575241264e+02            -2.002985351139e+00           6.046108475938e+00            -1.004558101119e+02           
3090      1.037590288125e+02            2.692291335449e+00            -5.379295001922e+00           -1.035845104867e+02           
3100      1.063028847642e+02            9.591388861093e+00            3.956661844113e+00            -1.057953373072e+02           
3110      1.053068998554e+02            -1.003711239247e+01           -3.602622964308e+00           -1.047655508255e+02           
3120      1.017368158292e+02            -1.318115681109e+01           -3.934466654785e+00           -1.008025633222e+02           
3130      9.734700561790e+01            3.334171494734e+00            5.159105652344e-01            -9.728852265043e+01           
3140      1.044772460915e+02            -2.759505176233e+00           -3.984654322166e+00           -1.043647575189e+02           
3150      1.041454916986e+02            -4.570413538107e+00           4.853489926529e+00            -1.039318930683e+02           
3160      9.735531848140e+01            1.655219127743e+00            4.072796823569e+00            -9.725600553327e+01           
3170      9.644677064370e+01            3.353487018298e+00            -2.607219225134e+00           -9.635318417327e+01           
3180      9.733301277453e+01            -1.270149084558e+00           3.267840798201e+00            -9.726984791593e+01           
3190      9.796978069185e+01            4.454783053601e-01            -4.428429286767e+00           -9.786862874252e+01           
3200      1.004397253834e+02            -7.887600488548e+00           1.150086533495e+00            -1.001229319116e+02           
3210      1.093049580024e+02            3.966067632367e+00            -2.384945623579e+00           -1.092069420221e+02           
3220      1.078318545498e+02            -1.262569716872e+01           1.731102225934e+00            -1.070761593995e+02           
3230      1.089870120108e+02            -3.651807912366e+00           -1.562043889112e+00           -1.089146138262e+02           
3240      9.984735237339e+01            -1.157024779385e+01           -2.283925820737e+00           -9.914840808006e+01           
3250      1.086869637317e+02            -1.116312009644e+01           -5.300097975529e+00           -1.079821735120e+02           
3260      1.005307787936e+02            -6.517202199166e+00           -4.555638515277e+00           -1.002158157082e+02           
3270      1.008488653279e+02            -1.329427878937e+00           -7.445600194946e+00           -1.005648512015e+02           
3280      1.033481264572e+02            -9.369724752323e+00           -6.916620149336e-01           -1.029201880291e+02           
3290      9.436100071974e+01            2.135659812927e+00            -7.850098391721e-01           -9.433356334596e+01           
3300      9.720921646702e+01            -4.964668403748e+00           2.841378554735e+00            -9.704076669978e+01           
3310      9.931907906773e+01            1.193450517461e-01            -6.492741267386e-01           -9.931688510384e+01           
3320      9.604471816693e+01            -1.100695483902e+00           -7.720042336710e+00           -9.572762037958e+01           
3330      1.088684603255e+02            5.644689719919e+00            -1.592815739418e+00           -1.087103586123e+02           
3340      1.060158116797e+02            8.110741280462e+00            1.944687582130e-01            -1.057049212851e+02           
3350      1.087331030305e+02            -5.969024970442e+00           4.128385606738e+00            -1.084906211054e+02           
3360      1.169044957650e+02            -7.792116589863e-01           2.346261634014e-02            -1.169018965149e+02           
3370      1.004670628171e+02            -3.116461382962e+00           -4.222897303885e+00           -1.003298834740e+02           
3380      9.313785926168e+01            -7.362787968122e-01           -2.683887036047e-01           -9.313456226818e+01           
3390      9.754978554753e+01            -2.801596481640e-01           -9.407698624565e-01           -9.754484672707e+01           
3400      1.018208664570e+02            -5.117961189258e-01           5.445074715899e+00            -1.016738809730e+02           
3410      1.077750574863e+02            3.839001342397e+00            -9.052661904911e-01           -1.077028577986e+02           
3420      1.062913137778e+02            -1.852900643392e+00           4.349590794434e+00            -1.061861158709e+02           
3430      1.042453254806e+02            5.849799773801e-01            7.782698116327e+00            -1.039527551006e+02           
3440      1.047352875267e+02            -4.992045226625e+00           5.074543882338e-01            -1.046150200870e+02           
3450      1.013451497582e+02            4.620900818987e+00            -4.189108046257e+00           -1.011530426083e+02           
3460      1.063201658756e+02            7.413072668802e+00            2.020570546987e+00            -1.060421676509e+02           
3470      1.034186683167e+02            -3.544178128757e+00           -7.002883335825e+00           -1.031204120569e+02           
3480      1.076116695316e+02            -1.044547340170e+00           9.928652068123e+00            -1.071475721066e+02           
3490      1.026429357857e+02            -8.109628733430e+00           -2.877909581783e+00           -1.022815908409e+02           
3500      1.030380531161e+02            1.173792828339e+00            -1.169250574040e+00           -1.030247322416e+02           
3510      1.018839966918e+02            3.198594194331e+00            9.208409533514e-01            -1.018296117493e+02           
3520      1.147761677676e+02            3.525934158673e+00            -7.689875963147e+00           -1.144639781040e+02           
3530      1.014382968309e+02            -9.429788057219e+00           -1.535308148226e+01           -9.982529764621e+01           
3540      1.149804987887e+02            9.154684602102e-01            2.155705495933e+00            -1.149566437967e+02           
3550      1.053601633492e+02            2.826964593483e+00            -5.890580821956e+00           -1.051573742052e+02           
3560      1.006191748395e+02            -3.301151149214e+00           7.534809083163e+00            -1.002823384179e+02           
3570      9.800564654449e+01            6.016150276316e+00            7.968660218352e+00            -9.749570834032e+01           
3580      1.084966713086e+02            -5.502372790252e+00           4.593250978725e+00            -1.082596583413e+02           
3590      9.317595767531e+01            9.605504751803e-02            -2.931782718639e+00           -9.312977242659e+01           
3600      1.003932159651e+02            2.957187589570e+00            1.119623955640e+01            -9.972310200340e+01           
3610      1.006473146838e+02            -8.051656947838e+00           2.756872378670e+00            -1.002868507240e+02           
3620      1.023029887047e+02            -1.543774059838e+00           -4.471274193959e+00           -1.021935710632e+02           
3630      1.017559288669e+02            -1.436042173238e+00           5.053736511949e+00            -1.016202075855e+02           
3640      9.882105816899e+01            1.638660326554e+00            -3.935547925075e+00           -9.872906255254e+01           
3650      1.026540017760e+02            7.613699539009e-01            -3.151899735295e+00           -1.026027773721e+02           
3660      9.281145879436e+01            -7.229886097088e+00           2.703170713302e+00            -9.248993728323e+01           
3670      1.040861661562e+02            1.521730070902e+01            -1.172707575154e+01           -1.022977978187e+02           
3680      1.094020203558e+02            -7.450456047312e+00           -3.332630808658e+00           -1.090971417340e+02           
3690      9.540561865952e+01            -6.066450658058e+00           9.264380011865e+00            -9.476075934275e+01           
3700      1.031116698636e+02            1.659240639781e+00            -6.065576210808e+00           -1.029197365319e+02           
3710      9.869505629338e+01            -5.670843039842e+00           -7.813083346297e-01           -9.852890557221e+01           
3720      9.596283509725e+01            4.236693301296e+00            -1.024682173589e+01           -9.532008599496e+01           
3730      9.882318087038e+01            -2.260190508584e+00           -3.070161456232e+00           -9.874961632755e+01           
3740      9.683564377296e+01            -7.276176568409e-01           -5.167949285825e+00           -9.669490564476e+01           
3750      1.008978516936e+02            -1.420052927615e+00           -4.261807152696e+00           -1.007978021876e+02           
3760      1.014051133921e+02            -6.289438698868e+00           4.567198575917e+00            -1.011067786060e+02           
3770      1.009499396697e+02            4.038428075217e+00            -1.571637035885e-01           -1.008690077158e+02           
3780      1.030282409316e+02            4.499764788278e+00            -7.615987782918e+00           -1.026477826180e+02           
3790      1.011467968902e+02            -3.679982140686e+00           -3.513574786663e+00           -1.010187460069e+02           
3800      1.040307939864e+02            -6.038163772824e+00           4.835975542840e+00            -1.037427588617e+02           
3810      9.700341179014e+01            6.574234782875e-01            -1.988441757275e+00           -9.698080115505e+01           
3820      1.026523011283e+02            -1.435378518088e+00           -2.741913336844e+00           -1.026056359402e+02           
3830      1.004399368589e+02            -5.297595734231e+00           -9.813690972928e-01           -1.002953304513e+02           
3840      1.050552601821e+02            2.461534581611e+00            -7.763665098637e-01           -1.050235487616e+02           
3850      1.006403520507e+02            5.981242404515e-01            -2.418529769372e+01           -9.768927312530e+01           
3860      1.046491919124e+02            8.234736991636e+00            -6.233690855900e+00           -1.041382906183e+02           
3870      1.062723576166e+02            -5.994740668224e+00           -1.474681004794e+01           -1.050733490050e+02           
3880      1.135629321512e+02            -5.076264913268e+00           -1.517622395946e+01           -1.124297706110e+02           
3890      1.016617100172e+02            -5.941481974638e+00           -3.414274007623e+00           -1.014304924988e+02           
3900      1.001695249315e+02            -6.237880103304e+00           -2.886103572975e+00           -9.993344276557e+01           
3910      1.054708986551e+02            -2.126378881555e+00           -4.936989523486e+00           -1.053338269998e+02           
3920      1.004566563455e+02            -9.828205851195e+00           -3.598246933715e+00           -9.990995342239e+01           
3930      9.633859851720e+01            8.240054480744e+00            2.711173521513e+00            -9.594725949473e+01           
3940      1.023300113670e+02            1.633565646233e+00            2.297085184713e+00            -1.022911828522e+02           
3950      1.036040130752e+02            3.201018178811e+00            -9.089661373770e+00           -1.031548499297e+02           
3960      1.010928136672e+02            7.412148939714e+00            9.280917006049e+00            -1.003926371941e+02           
3970      1.004890200042e+02            -8.289626656678e-01           2.127170637896e+00            -1.004630833062e+02           
3980      9.808917357160e+01            -2.125988839245e+00           1.294518593331e-01            -9.806604603853e+01           
3990      9.608123291826e+01            8.011092667862e+00            -1.504722269722e+00           -9.573485010304e+01           
4000      1.009922011645e+02            -1.073189258428e+01           -2.454300315781e+00           -1.003903759708e+02           
4010      1.015050536892e+02            3.029394863387e+00            3.999360140284e+00            -1.013809834716e+02           
4020      1.040382149963e+02            2.016319835733e+00            -9.635645722029e+00           -1.035714196362e+02           
4030      9.876807405666e+01            6.439025711366e+00            -4.965644137212e+00           -9.843278813004e+01           
4040      1.014733961353e+02            -6.963743266168e+00           4.518103137283e+00            -1.011332939590e+02           
4050      1.030086705268e+02            9.345047777390e-01            6.213803512039e+00            -1.028168349563e+02           
4060      9.417329479127e+01            1.005518410343e+01            1.016442692997e+00            -9.362942683121e+01           
4070      1.059369427887e+02            9.866428064418e-02            -9.881749250538e-01           -1.059322879159e+02           
4080      9.197082481996e+01            -1.069430126992e-01           -3.825125161306e+00           -9.189118346586e+01           
4090      9.203556608147e+01            1.239493569449e+01            7.642892141458e+00            -9.087627409164e+01           
4100      1.000237401824e+02            6.442776333233e-01            4.084020665284e+00            -9.993825234418e+01           
4110      9.654095548602e+01            -3.424659196400e+00           1.305534755468e+01            -9.559281194613e+01           
4120      9.909132370007e+01            -1.454348164275e+00           -2.823006053870e+00           -9.904042579103e+01           
4130      9.484102470325e+01            -5.117091229887e-01           6.497799479385e+00            -9.461678879809e+01           
4140      1.021784477885e+02            4.883482798208e+00            4.284090950793e+00            -1.019717282042e+02           
4150      9.754434001744e+01            4.060502578565e+00            2.070823122498e+00            -9.743778671462e+01           
4160      9.241721712343e+01            2.267121416045e+00            3.815635790345e+00            -9.231057959324e+01           
4170      9.801996867184e+01            -6.473499093736e+00           -7.565868983417e+00           -9.751290014372e+01           
4180      9.961603744499e+01            -3.321176567000e+00           -2.012908343311e+00           -9.954030792827e+01           
4190      1.031092727544e+02            -3.959925107216e+00           5.414337289517e-01            -1.030317813619e+02           
4200      1.013016503202e+02            3.087071979248e+00            9.082656783268e+00            -1.008464163466e+02           
4210      1.020492394928e+02            1.825070825027e+00            -1.735296443624e+00           -1.020181608529e+02           
4220      9.871099184768e+01            -6.141220839232e+00           2.190365108415e-01            -9.851952771489e+01           
4230      9.917654448228e+01            -1.121739174651e+01           -2.633741492780e+00           -9.850492629102e+01           
4240      1.105111135201e+02            -1.557108887522e+00           1.725828294005e+00            -1.104866649875e+02           
4250      1.002465848177e+02            -2.614963885528e+00           -1.231211146476e+01           -9.945326361049e+01           
4260      1.018928696542e+02            -5.396441035385e+00           2.071995118714e+00            -1.017287675475e+02           
4270      1.063592485914e+02            1.996845405931e+00            9.762319849927e-01            -1.063360208982e+02           
4280      1.086723683351e+02            -6.037530278320e+00           -2.836854125743e+00           -1.084674334829e+02           
4290      1.055128718149e+02            -9.620798544254e+00           -9.354598465719e+00           -1.046560931888e+02           
4300      1.053986470523e+02            -9.487835729489e+00           -6.765590141785e+00           -1.047524823747e+02           
4310      1.058222798793e+02            -3.559425153830e+00           -4.206490609761e+00           -1.056787152088e+02           
4320      1.031235391659e+02            -5.922717342542e+00           -9.836572760262e+00           -1.024823281631e+02           
4330      1.062826681623e+02            7.312205093382e+00            1.032032306314e+01            -1.055273809977e+02           
4340      1.026910379617e+02            -1.304786491511e+01           1.057216754029e+00            -1.018532512567e+02           
4350      1.016203353309e+02            -1.428640262531e+01           -7.716335008766e-01           -1.006081300618e+02           
4360      9.748184244721e+01            3.950370879939e+00            -1.909813278477e+00           -9.738304159378e+01           
4370      1.100312448846e+02            -1.095053647780e+01           8.338447669054e+00            -1.091669862741e+02           
4380      1.119336330222e+02            4.163261841920e+00            -2.936934599937e+01           -1.079316773146e+02           
4390      1.122880050510e+02            -7.601350888430e+00           8.450452847304e+00            -1.117112590103e+02           
4400      1.075556632416e+02            6.968431400884e-01            -6.459789844983e+00           -1.073592391001e+02           
4410      9.563433457148e+01            -7.424464813987e+00           -8.350523712762e-01           -9.534204717066e+01           
4420      1.020080205276e+02            -4.817519738786e+00           -7.180847652547e+00           -1.016408539049e+02           
4430      9.679032078698e+01            -4.340759744510e+00           -2.950018957778e+00           -9.664792491842e+01           
4440      1.012362388418e+02            4.209769395299e+00            -3.736424791477e+00           -1.010796370505e+02           
4450      9.829771767162e+01            8.308108528226e+00            2.532228975893e+00            -9.791324960671e+01           
4460      9.771974050816e+01            -3.419964835027e+00           2.253942919213e+00            -9.763386332020e+01           
4470      1.063991273165e+02            2.400056295700e+00            -4.765420206648e+00           -1.062652567575e+02           
4480      9.950843300780e+01            -1.733881065493e+00           -9.060036102138e-01           -9.948920068820e+01           
4490      9.732486946124e+01            6.369559777470e+00            -6.506295924088e+00           -9.689802390780e+01           
4500      9.479370790020e+01            1.155721639068e+00            -4.751424403730e+00           -9.466749881082e+01           
4510      1.062335348430e+02            3.630906023703e+00            9.629089784439e-01            -1.061671006149e+02           
4520      9.899893546957e+01            3.723172407755e+00            1.006359754203e+00            -9.892378102042e+01           
4530      1.051733511357e+02            -5.000577004654e+00           -5.810766453527e+00           -1.048935794601e+02           
4540      1.032129199340e+02            7.284209153357e+00            7.660833427187e-01            -1.029527088261e+02           
4550      1.067592719356e+02            5.716510406371e+00            5.080663149373e+00            -1.064849778840e+02           
4560      1.004845141628e+02            -6.815488764268e+00           2.966444484729e-01            -1.002526742860e+02           
4570      9.459190120534e+01            1.258386519324e+00            -2.810649003687e+00           -9.454176055684e+01           
4580      1.023050629589e+02            3.984735882762e+00            9.422309248428e-01            -1.022230893089e+02           
4590      1.062710877918e+02            4.757012563518e+00            -1.074549856449e+01           -1.056193599323e+02           
4600      1.041869606236e+02            -8.073086090711e+00           -6.825545659315e+00           -1.036492159710e+02           
4610      9.687738941163e+01            -6.821748051561e+00           5.807106081548e+00            -9.646227164903e+01           
4620      9.924964910955e+01            -4.054356524488e+00           -6.808721752671e+00           -9.893278703057e+01           
4630      1.019663620718e+02            -2.629092623590e+00           -5.858445011167e+00           -1.017639694990e+02           
4640      9.813110638037e+01            -3.567818185010e+00           5.480769039900e-01            -9.806469458751e+01           
4650      9.882090363563e+01            2.354537251922e+00            3.817197618360e-01            -9.879211223430e+01           
4660      1.014831841559e+02            3.581746972546e-01            9.362996319563e+00            -1.010497039938e+02           
4670      9.677307894095e+01            -7.196037832101e+00           2.868404809050e+00            -9.646252174332e+01           
4680      1.004859039650e+02            3.718025359722e+00            -5.798603151160e-01           -1.004154218490e+02           
4690      1.069485648671e+02            -5.971370221367e+00           1.921427066713e+00            -1.067644434390e+02           
4700      1.030403347493e+02            5.172543076268e+00            5.517413030491e-02            -1.029104092849e+02           
4710      9.322785256741e+01            -3.051241522001e+00           -1.535553056916e+00           -9.316525369640e+01           
4720      9.978725253462e+01            1.247970905075e+00            2.162229687877e-01            -9.977921419141e+01           
4730      1.022062890598e+02            9.992137809683e+00            -6.811260720227e-01           -1.017143980596e+02           
4740      1.040340219892e+02            -1.523860853115e+00           -3.181417504128e+00           -1.039741995017e+02           
4750      1.108583944766e+02            -3.522957527225e+00           -1.276951350990e+01           -1.100641264032e+02           
4760      1.016644082455e+02            6.412961565269e+00            -4.367427140131e+00           -1.013679012708e+02           
4770      1.095384507788e+02            -7.722008661986e+00           -1.249695142809e+01           -1.085489243901e+02           
4780      9.682662532007e+01            2.381148002504e+00            -5.411442682681e+00           -9.664596108041e+01           
4790      1.061998029689e+02            1.237867132235e+01            -3.920247780573e+00           -1.054030279654e+02           
4800      9.973314190946e+01            3.950864605652e+00            7.479857611695e+00            -9.937374901909e+01           
4810      1.037141482089e+02            -9.418308542678e-01           -3.743329951601e+00           -1.036422933662e+02           
4820      9.244748483668e+01            3.137791856126e+00            -5.735957367440e+00           -9.221599919740e+01           
4830      1.010719886638e+02            1.919075701027e+00            -2.198570120431e+00           -1.010298487098e+02           
4840      1.006254109258e+02            -3.369131044558e+00           -1.663472761993e+00           -1.005552342663e+02           
4850      1.088676099953e+02            3.351123749949e+00            -4.258826452742e+00           -1.087326486064e+02           
4860      1.082495967690e+02            -4.199744876827e+00           -8.183277764690e+00           -1.078581072922e+02           
4870      1.006311154883e+02            -1.823068990813e+00           2.167114332572e+00            -1.005912592592e+02           
4880      1.033879179188e+02            -1.341650088950e+00           -5.826099597083e+00           -1.032149122467e+02           
4890      9.763304858360e+01            -9.249251194195e-01           -6.730583455716e+00           -9.739638563929e+01           
4900      1.010613374369e+02            -1.052104244624e+00           -7.378904244008e+00           -1.007861040687e+02           
4910      1.121399351315e+02            -1.007406754618e+01           -1.184418375314e+01           -1.110567131046e+02           
4920      1.008124101534e+02            -1.504093819885e+00           -6.342524818913e+00           -1.006014518863e+02           
4930      1.033094989468e+02            8.079394386688e-01            1.283645887458e+00            -1.032983642646e+02           
4940      1.058793827340e+02            -4.919845127829e+00           -5.374081177342e+00           -1.056283961043e+02           
4950      1.036671498239e+02            -1.256651572812e+01           6.972981237651e+00            -1.026661490840e+02           
4960      9.668321849885e+01            9.818233616035e-01            -5.601459979950e+00           -9.651582465211e+01           
4970      1.047773806668e+02            -3.211202933964e+00           -3.341068364518e+00           -1.046748534143e+02           
4980      1.049105466860e+02            -4.810262881006e+00           -1.609538599720e+00           -1.047878502617e+02           
4990      1.016630788515e+02            1.588125797962e+00            -4.843442499344e+00           -1.015352181402e+02           
5000      1.044456281823e+02            3.194544556407e-01            -7.266854036706e+00           -1.041920343772e+02           
