@    title "Magnitude of Electric Field"
@    xaxis  label "Residues"
@    yaxis  label "MV/cm"
#time  EField_Magnitude
@type xydy
21        1.556920057825e-01            2.674615844345e-02            
22        2.123438430388e+00            1.860707145516e-02            
23        3.458301701436e+00            2.613911399635e-02            
24        8.950577421600e-02            4.524597439411e-03            
25        5.592077196283e-02            8.358083022653e-03            
26        7.375598494659e-02            4.900767821605e-03            
27        9.818204672666e-02            6.544681212109e-03            
28        1.475378411715e-01            8.713701339292e-03            
29        1.221711652626e-01            6.620146900392e-03            
30        8.020800895704e-02            8.368374188723e-03            
31        2.605920530666e-01            1.089971893996e-02            
32        1.636935634450e-01            9.095721509280e-03            
33        7.287228140352e-02            7.762663321777e-03            
34        2.683884670655e-02            1.624228451906e-02            
35        6.915755707918e-02            1.362777693639e-02            
36        8.970585648376e-02            1.023367126302e-02            
37        7.655005687860e-02            4.609146949518e-02            
38        1.756646467648e-01            1.848260525865e-02            
39        6.407899570853e-02            2.226480589932e-02            
40        7.429243964601e-02            9.927041246492e-03            
41        3.487589137356e-01            1.758099986198e-02            
42        3.869797901050e-01            5.131004635931e-02            
43        4.144380975551e-01            1.686179326391e-02            
44        4.327837929876e-01            1.217962606074e-02            
45        4.400514584983e-01            1.789120352390e-02            
46        5.011176316446e+00            1.168083093541e-01            
47        2.676636137566e-01            2.150185484821e-02            
48        4.662298949163e-01            3.080513299248e-02            
49        1.785642610661e+00            6.734203055733e-02            
50        4.768823290999e-01            1.368177295170e-02            
51        6.089094250986e-01            1.576995436258e-02            
52        5.810704124247e+00            1.044400139025e-01            
53        7.390232805249e-01            2.614780130063e-02            
54        5.654088063224e-01            2.404638970529e-02            
55        1.468155756683e-01            7.190943318319e-02            
56        4.365333859200e-01            5.794289398154e-02            
57        4.511571774908e-01            5.413064798958e-02            
58        2.320642489262e-01            3.040414921542e-02            
59        9.600658374178e-02            5.076063008175e-02            
60        1.131437386053e+00            9.063480502082e-02            
61        6.557329214424e-02            3.064275778329e-02            
62        3.976424534883e-01            5.139988242771e-02            
63        5.046760343789e-01            8.756076570718e-02            
64        1.797343002430e+00            7.901601919002e-02            
65        3.548646749272e+00            1.565641179414e-01            
66        1.040221845780e+01            4.107222515358e-01            
67        8.638160278747e+00            1.398187378877e+00            
68        3.217276561201e+01            6.467550648886e-01            
69        3.848600711884e+00            2.644256208180e-01            
70        1.044658983718e+00            5.504111409542e-01            
71        1.135501572309e+00            8.483994504931e-02            
72        2.323625205264e+00            4.176259177137e-01            
73        7.024836137687e-01            3.847645412663e-02            
74        3.018493191835e+00            9.027122496884e-02            
75        4.149141066348e-01            1.435574725360e-02            
76        3.546896041058e-01            2.992921442146e-02            
77        6.587540864497e+00            2.013237932296e-01            
78        3.743964677015e-01            1.838021432241e-02            
79        8.933388033818e-02            1.922704499273e-02            
80        2.407173736137e-01            4.812991521821e-02            
81        2.232321736537e-01            2.122798357319e-02            
82        1.218136005817e-01            1.927721110220e-02            
83        3.239759532968e-02            1.385869534525e-02            
84        3.561947858078e-01            2.528263519287e-02            
85        6.142460406717e-02            1.973023543416e-02            
86        8.811888322226e-02            1.434952785279e-02            
87        2.371940826486e-01            1.997315631140e-02            
88        1.897308024229e-01            1.984740259885e-02            
89        3.947214811924e-02            1.448207572354e-02            
90        6.736182007975e-02            1.244311921979e-02            
91        2.671617355566e-01            1.465405558766e-02            
92        2.103924563536e-01            1.273367507195e-02            
93        5.536185628864e-02            8.530062229036e-03            
94        1.856585303740e-01            8.179889390074e-03            
95        2.695492818039e-01            1.080435182302e-02            
96        3.090541116248e-01            1.717148812278e-02            
97        3.916299312917e+00            4.258926718423e-02            
98        2.040636093575e-01            6.719493313665e-03            
99        1.833367079143e-01            5.997400726480e-03            
100       1.017375806415e-01            4.205399839330e-03            
101       1.851433573801e-02            7.839451648828e-03            
102       1.340558267604e-01            3.599454224398e-03            
103       8.525188730958e-02            2.569637242349e-02            
104       7.698001691816e-02            4.735830244979e-03            
105       5.511052538274e-02            3.265093642761e-03            
106       1.360921281288e-01            1.632672536532e-02            
107       1.099322839448e-01            3.850281057450e-03            
108       5.808430109952e-02            3.209071643500e-03            
109       5.979110249900e-02            7.827982758291e-03            
110       1.597693945973e-01            2.133900371606e-02            
111       5.524586966979e-02            3.775461001506e-03            
112       9.277119767670e-03            2.978674789150e-03            
113       1.648002332669e+00            6.490039465243e-03            
