@    title "Electric Field"
@    xaxis  label "Time (ps)"
@    yaxis  label "MV/cm"
#time  Magnitude   Efield_X   Efield_Y   Efield_Z
@type xy
10        8.385649116504e+01            -6.112370408785e+00           -4.393370885868e+00           8.351795214658e+01            
20        8.198614987305e+01            -7.943894835068e+00           1.418062453432e+00            8.158806533271e+01            
30        7.940580083889e+01            -1.870418158921e+00           -9.700063312457e-02           7.938370949794e+01            
40        8.192187947735e+01            -2.553564196489e-01           2.106492277878e+00            8.189439431661e+01            
50        8.366930874583e+01            -1.233481473891e+00           -5.638642212819e+00           8.346997941449e+01            
60        8.234873138180e+01            -2.482208535966e+00           -7.129783795634e+00           8.200194134289e+01            
70        8.164347656163e+01            -2.134650800742e+00           -1.052724765426e+00           8.160877588591e+01            
80        7.906231000983e+01            -9.184588041141e-01           1.350911878718e+00            7.904543209200e+01            
90        8.235062088392e+01            -8.513544101295e-01           2.984711659424e-01            8.234567912525e+01            
100       8.192938287728e+01            -3.727279371188e+00           4.207700609545e+00            8.173632254219e+01            
110       8.193988082917e+01            7.157210775956e+00            7.630730623006e+00            8.126924605511e+01            
120       8.417300637544e+01            -7.234494520845e+00           -9.906498911836e+00           8.327435602043e+01            
130       8.415110825134e+01            1.717789606606e+00            2.390655691434e+00            8.409960156957e+01            
140       8.415631385574e+01            -1.377696266081e+00           -3.524792011397e+00           8.407117791526e+01            
150       8.503114910946e+01            -1.195541080034e+01           -1.454479610355e+00           8.417392090507e+01            
160       8.422333758949e+01            6.223163253045e+00            2.942758064746e+00            8.394154518957e+01            
170       8.520434066089e+01            3.629061007915e+00            -1.767089839060e+00           8.510867744924e+01            
180       7.520200562177e+01            6.398794235793e+00            -5.531340198942e+00           7.472483762089e+01            
190       7.922793953470e+01            -4.599896268681e+00           -8.771987125444e+00           7.860635851573e+01            
200       8.091526616171e+01            -1.637140341356e-01           -2.766221887987e+00           8.086780269181e+01            
210       8.286441591829e+01            7.222210582910e+00            -4.112685023462e+00           8.244657010255e+01            
220       8.125926183794e+01            5.034117568612e+00            -6.981388330649e+00           8.080213803934e+01            
230       8.216856921429e+01            3.691239911880e+00            8.345409873027e+00            8.166028807620e+01            
240       8.188868222405e+01            3.224884280134e+00            2.701294500199e+00            8.178055640429e+01            
250       8.710441072571e+01            -1.852455985463e+00           6.685453218132e-01            8.708214410456e+01            
260       8.367600383640e+01            -3.463203136624e+00           -3.713111773572e+00           8.352180938546e+01            
270       8.517170189316e+01            -4.025763193192e-02           2.212674006890e+00            8.514294601691e+01            
280       7.651773656153e+01            -5.753697999245e+00           -1.049670863000e+01           7.557564472613e+01            
290       8.650007377034e+01            -4.833014949482e+00           1.657098338882e+00            8.634905184116e+01            
300       8.593674298720e+01            1.617416943323e+00            -1.967401573852e+00           8.589899352569e+01            
310       8.352521835890e+01            -7.095371489124e-01           -2.800644253236e+00           8.347523615243e+01            
320       8.226754262123e+01            1.412260829618e+00            -4.066355049073e-01           8.225441468913e+01            
330       8.520002759669e+01            -1.527426204317e+00           8.536432960262e-01            8.518205776330e+01            
340       8.137241441866e+01            -6.118491134684e+00           -2.911492910929e+00           8.108980887625e+01            
350       8.183636948228e+01            -1.854802717600e+00           -6.407759587853e+00           8.156403431650e+01            
360       8.648010156784e+01            7.448028355146e-01            3.598132414171e+00            8.640200622121e+01            
370       8.222061613556e+01            -8.266671674939e+00           4.352090661524e-01            8.180282666387e+01            
380       8.204832041202e+01            -2.911128427196e+00           -7.654837697789e+00           8.163856731676e+01            
390       8.333996944553e+01            -2.505721228515e+00           -1.291768101356e+00           8.329227577320e+01            
400       8.181318844651e+01            -3.266516663230e+00           2.406800252202e+00            8.171251425100e+01            
410       8.682177348457e+01            -7.994889933894e+00           -1.215222754135e+00           8.644434810679e+01            
420       8.949335264431e+01            -3.791695681121e+00           3.740988369232e+00            8.933469772379e+01            
430       8.267889292024e+01            -7.397690740292e+00           5.677803545757e+00            8.215129976527e+01            
440       8.645241677004e+01            -1.659415655912e+00           7.421540888517e+00            8.611728883274e+01            
450       7.993776672381e+01            -4.114908800497e-01           5.840661077547e+00            7.972304498841e+01            
460       7.923378185822e+01            -4.745485182545e+00           -4.301810346141e-01           7.909037553467e+01            
470       7.985280295785e+01            1.237676778485e+00            -9.210350288483e-01           7.983789821189e+01            
480       8.389101202887e+01            -8.768368684066e+00           -4.256209415289e+00           8.332287975857e+01            
490       7.972754625249e+01            -4.724840376714e+00           3.131169948641e-01            7.958680463874e+01            
500       8.587415183471e+01            -7.588290289816e+00           2.140843261130e+00            8.551142960996e+01            
510       7.985597563170e+01            -3.662616077572e+00           -6.058870663842e+00           7.954151226773e+01            
520       7.963866466116e+01            5.053126343085e+00            -3.684628033595e+00           7.939273480254e+01            
530       8.561459454164e+01            -1.394352181027e+00           6.094586116798e+00            8.538600939609e+01            
540       8.079798081657e+01            4.066866640357e+00            4.371147037939e+00            8.057708963060e+01            
550       8.245730964875e+01            -6.238397231435e+00           1.200857601452e+01            8.133931654862e+01            
560       7.568900582419e+01            8.529604977151e+00            3.536608061490e+00            7.512365702631e+01            
570       8.080228540619e+01            -3.591678395856e+00           3.207467116923e+00            8.065867174618e+01            
580       7.993259506944e+01            5.839210124064e+00            -1.288435014872e+00           7.970861506057e+01            
590       8.253229547297e+01            6.680862807363e+00            -2.684417316406e+00           8.221763662291e+01            
600       7.928363917202e+01            3.472566861835e-01            8.239085186599e+00            7.885361328716e+01            
610       8.180912348675e+01            8.685275605819e+00            1.432021628063e+00            8.133417478144e+01            
620       8.206113132791e+01            1.236756354467e+00            -5.205568333717e+00           8.188651761345e+01            
630       7.992871163860e+01            -4.025629414271e+00           -1.542543871933e+00           7.981236627509e+01            
640       8.206897839089e+01            4.148267330468e+00            -1.479053337818e+00           8.195072600961e+01            
650       8.431279671723e+01            4.103434911957e+00            5.179662144261e+00            8.405343902706e+01            
660       7.917003496645e+01            1.063278263740e+00            6.592103455654e+00            7.888794615118e+01            
670       8.161028501452e+01            6.261068057998e+00            1.601053908645e+00            8.135400588358e+01            
680       8.392936891191e+01            6.220308477625e+00            5.372755761544e+00            8.352592545983e+01            
690       8.316151272008e+01            7.180664207402e+00            -1.304493685372e+01           8.181750962915e+01            
700       7.990667190064e+01            -9.400448304001e+00           -2.995177483393e+00           7.929525015891e+01            
710       8.129419695952e+01            -1.993631058738e-02           -8.874749989382e-01           8.128935016324e+01            
720       8.076340767249e+01            4.829944435335e+00            -3.870978368574e+00           8.052586654047e+01            
730       8.851253436353e+01            -9.437603722770e-01           1.203168533804e-01            8.850742104292e+01            
740       8.292478285912e+01            -1.339736712562e+00           -2.097909141918e-01           8.291369431853e+01            
750       8.462572643634e+01            -1.563628822991e+00           4.450818362198e+00            8.449413503722e+01            
760       8.422466668645e+01            1.041134306731e+01            -9.516683621582e+00           8.303511996033e+01            
770       8.319069076626e+01            2.865809983558e+00            5.388319534072e+00            8.296652442946e+01            
780       8.824671287628e+01            -3.611797719480e+00           6.846055716592e-02            8.817274274885e+01            
790       7.955552467614e+01            2.906592384231e+00            -2.007318127662e+00           7.947706525245e+01            
800       8.203167602145e+01            4.441341107515e-01            4.414270381879e-02            8.203046182487e+01            
810       8.432474934774e+01            6.646106708946e+00            -7.334787537998e+00           8.374182652621e+01            
820       7.767915556883e+01            4.652774294401e-01            -4.142070910496e+00           7.756724808431e+01            
830       8.181447646415e+01            -8.634551940943e-01           1.668636956769e+00            8.179290100575e+01            
840       8.430023265707e+01            -5.800332142450e+00           1.572557741738e+00            8.408574454224e+01            
850       7.971888193977e+01            2.343900162408e+00            -7.358536502643e+00           7.934392358773e+01            
860       8.271276030073e+01            -4.423661146887e+00           3.789969561630e+00            8.250738190820e+01            
870       8.449795255137e+01            -5.773298871373e+00           -2.624874685964e-01           8.430008366452e+01            
880       8.302446158453e+01            -4.069659453101e+00           -5.020768363260e+00           8.277252550441e+01            
890       8.156888576509e+01            -2.856023312609e+00           -1.356328553699e+00           8.150758632576e+01            
900       8.490849657623e+01            2.985057733614e+00            -5.142635022605e-01           8.485445040900e+01            
910       8.276015260722e+01            -3.155193215891e+00           -1.320458075812e+00           8.268944313400e+01            
920       8.354550342732e+01            -4.823991023194e+00           4.159230987498e+00            8.330234721258e+01            
930       8.576937114356e+01            -1.792814737027e+00           1.384280327207e+00            8.573945771730e+01            
940       8.460469424745e+01            3.151991984392e+00            -1.062931131899e+00           8.453927733690e+01            
950       8.100736060369e+01            2.589448827174e+00            -8.336522673510e+00           8.053564190134e+01            
960       8.108490174869e+01            1.968713468277e+00            2.308190688961e-01            8.106066975687e+01            
970       7.454022030406e+01            3.149951548300e+00            2.916329517225e+00            7.441651208144e+01            
980       8.252837046722e+01            1.345966505681e+00            9.330004233867e-01            8.251211920894e+01            
990       7.797286400587e+01            -5.270555068050e+00           -1.032196091869e+00           7.778768116984e+01            
1000      8.528919732631e+01            6.615263497038e+00            -7.046541072316e+00           8.473978834259e+01            
