@    title "Magnitude of Electric Field"
@    xaxis  label "Residues"
@    yaxis  label "MV/cm"
#time  EField_Magnitude
@type xydy
21        2.234554889800e-01            3.065874575512e-02            
22        2.291327236562e+00            2.041512212491e-02            
23        3.953875033479e+00            3.193682658619e-02            
24        1.009828286635e-01            5.762087952472e-03            
25        5.305103426391e-02            1.010860794497e-02            
26        7.462479304841e-02            6.040518768468e-03            
27        1.056235067212e-01            8.519485380114e-03            
28        1.636641601329e-01            1.108129661843e-02            
29        1.252273979589e-01            8.022127824209e-03            
30        6.998004368161e-02            1.061507488707e-02            
31        3.034180866628e-01            1.339884685620e-02            
32        1.622103283832e-01            1.088037824349e-02            
33        4.465892958983e-02            8.724029740106e-03            
34        6.586041658144e-02            3.010062692202e-02            
35        2.567738403102e-02            9.949973392750e-03            
36        4.129189842534e-02            1.104382082045e-02            
37        1.533917962163e-01            6.970482639304e-02            
38        3.316662159332e-01            1.956128414284e-02            
39        8.533527524967e-02            2.222848037463e-02            
40        1.714451764437e-01            9.381776339810e-03            
41        4.587900722792e-01            1.713281973999e-02            
42        4.255963407519e-01            5.599630356562e-02            
43        4.527315502824e-01            1.617594192530e-02            
44        4.922742009564e-01            1.270285517808e-02            
45        5.213867024783e-01            1.481755554106e-02            
46        9.335729893789e-01            1.252428268365e-01            
47        3.953684786049e-01            2.810929577691e-02            
48        2.268849863423e-01            3.333727352562e-02            
49        6.813808342387e-01            7.162875637036e-02            
50        4.782291644144e-01            1.009635313066e-02            
51        7.281076629078e-01            1.388906404720e-02            
52        2.382736077320e+00            9.311608552254e-02            
53        8.760831003545e-01            2.704540022819e-02            
54        7.786409125223e-01            2.600805772604e-02            
55        1.256258391492e+00            1.847020636000e-01            
56        8.706378105426e-01            6.774296032595e-02            
57        7.719483579868e-01            6.638366734278e-02            
58        5.372945091421e-01            4.032299769696e-02            
59        6.328733996754e-01            1.298700929155e-01            
60        1.936601014996e+00            1.404847362406e-01            
61        1.916202429838e-01            5.182300556001e-02            
62        7.100393973005e-01            7.990950449917e-02            
63        1.133054057342e+00            1.471630407783e-01            
64        3.940885248224e+00            1.479239240545e-01            
65        9.527603890373e+00            3.992558192545e-01            
66        3.808133994949e+01            1.330046548972e+00            
67        8.227051985009e+00            1.873539674424e+00            
68        2.925259148962e+01            9.403282935239e-01            
69        4.442479141713e+00            3.068686346272e-01            
70        4.355551591096e+00            6.432954218482e-01            
71        2.704022605919e-01            1.242630534667e-01            
72        2.294244009435e+00            4.049472159346e-01            
73        7.129112639657e-01            3.534381146394e-02            
74        9.388319724571e-01            9.550810654368e-02            
75        5.158215303473e-01            1.257758288599e-02            
76        6.647600233191e-01            2.589615141120e-02            
77        1.481734032732e+00            1.710988601419e-01            
78        5.179475387147e-01            1.932498282855e-02            
79        2.548270451729e-01            2.154582660347e-02            
80        4.759014078142e-01            5.391686780105e-02            
81        4.152222611824e-01            2.559597871042e-02            
82        2.357016953600e-01            2.424403236485e-02            
83        1.030998176650e-01            2.939206047750e-02            
84        3.994693586614e-01            3.558337672714e-02            
85        1.488178961566e-01            2.727735650175e-02            
86        6.919810894602e-02            1.851869976976e-02            
87        2.781789659475e-01            2.669573150244e-02            
88        2.521751939760e-01            2.749565308598e-02            
89        7.204568859471e-02            2.066494796407e-02            
90        6.982495843904e-02            1.629907310658e-02            
91        3.487886531287e-01            2.007104618288e-02            
92        2.997059933945e-01            1.782935915236e-02            
93        6.230529825751e-02            1.130044651184e-02            
94        2.312206301433e-01            1.069790292949e-02            
95        3.612304257636e-01            1.437376295345e-02            
96        4.019362524505e-01            2.281552042521e-02            
97        4.549450999626e+00            5.355684154869e-02            
98        2.559992747927e-01            8.229941339289e-03            
99        2.407960698665e-01            7.519632720299e-03            
100       1.306507213179e-01            5.371797508239e-03            
101       2.372081750887e-02            9.890424533084e-03            
102       1.626344190985e-01            4.171653198190e-03            
103       9.305319031580e-02            3.244008554691e-02            
104       1.010045887762e-01            5.717053778023e-03            
105       6.856513586050e-02            3.883675782007e-03            
106       1.654269271436e-01            1.970469330563e-02            
107       1.342151929558e-01            4.509338004348e-03            
108       7.224612422366e-02            3.786181410971e-03            
109       7.380009238624e-02            9.571547826836e-03            
110       1.865146290147e-01            2.367512450340e-02            
111       6.601834955385e-02            4.506155543440e-03            
112       1.513149461823e-02            3.543994743342e-03            
113       1.750964459437e+00            7.057550476037e-03            
