@    title "Magnitude of Electric Field"
@    xaxis  label "Residues"
@    yaxis  label "MV/cm"
#time     EField_per_residue            Std.Deviation         EField_residue_alignement   Std.Deviation
@type xydy
21        4.206577433591e-01            1.960311379686e-01            0.012518            0.017869                      
22        2.874748987040e+00            4.770771280539e-02            0.083320            0.090138                      
23        5.937649141230e+00            1.909264579840e-01            0.172066            0.188084                      
24        1.158570740919e-01            1.645613356865e-02            0.003352            0.003623                      
25        7.062839168383e-02            2.814086015782e-02            0.001753            0.001740                      
26        1.782697770507e-02            7.380577592582e-03            0.000459            0.000467                      
27        3.773912998726e-02            1.728189813261e-02            0.001052            0.001447                      
28        1.257976129390e-01            1.977256790043e-02            0.003586            0.003810                      
29        3.169722750201e-02            1.111935446320e-02            0.000902            0.000932                      
30        1.253623936123e-01            2.172753671750e-02            0.003621            0.004112                      
31        3.150473008542e-01            2.772036828312e-02            0.008993            0.010626                      
32        4.443304460213e-02            1.579737642000e-02            0.001271            0.001372                      
33        2.173404568461e-01            1.403594987857e-02            0.006290            0.006986                      
34        3.931597463574e-01            4.355111351266e-02            0.011335            0.012471                      
35        4.322728594202e-01            2.455104932400e-02            0.012474            0.014286                      
36        2.877775869573e-01            1.054376704126e-02            0.008283            0.008608                      
37        5.072211068312e-01            4.049981915932e-02            0.014864            0.015376                      
38        6.576813324796e-01            1.748782141954e-02            0.018995            0.020732                      
39        5.752948939625e-01            2.558321113487e-02            0.016748            0.018122                      
40        3.798851738197e-01            1.120382823693e-02            0.010965            0.011880                      
41        3.451705753778e-01            1.565723448351e-02            0.009958            0.011266                      
42        2.274194889967e-01            6.514312285100e-02            0.006040            0.006493                      
43        1.758123558178e-01            3.202411327895e-02            0.005140            0.006719                      
44        2.300868653007e-01            2.998825588015e-02            0.006700            0.007669                      
45        2.284674057474e-01            2.138530041584e-02            0.006583            0.007449                      
46        8.970458200413e+00            2.018004318100e-01            0.258807            0.280938                      
47        2.828444976143e-01            4.073837234780e-02            0.008259            0.009486                      
48        5.281995663545e-01            3.029763338823e-02            0.015178            0.015881                      
49        5.653077677365e+00            1.054583725041e-01            0.162949            0.176545                      
50        4.250731054417e-02            1.813452158277e-02            0.001116            0.001367                      
51        1.635228515910e-01            2.838204385453e-02            0.004710            0.004542                      
52        8.035047562198e+00            1.482191593129e-01            0.231734            0.250689                      
53        1.743135920645e-01            3.755914576858e-02            0.004734            0.004474                      
54        6.370991466131e-01            2.821210734473e-02            0.018204            0.019665                      
55        2.279511100562e+00            1.795682855178e-01            0.065712            0.072704                      
56        2.138954146984e+00            1.793498979302e-01            0.061180            0.062132                      
57        1.522592521715e+00            6.381982429656e-02            0.044157            0.046971                      
58        3.276428137341e+00            8.602869351629e-02            0.094861            0.104764                      
59        9.899110397374e+00            2.935249471941e-01            0.284408            0.317826                      
60        5.285997163559e+00            3.458664772130e-01            0.148850            0.154002                      
61        1.832642342325e+00            2.496384200177e-01            0.052659            0.054869                      
62        5.831520501556e+00            4.503508787502e-01            0.169112            0.185999                      
63        5.200810618925e+01            3.607229190496e+00            1.504302            1.634381                      
64        6.868351260291e+01            1.320271062107e+01            1.887389            2.422683                      
65        8.739350212222e+01            8.201478752081e+00            2.588053            2.755311                      
66        2.343508557710e+01            2.770627366677e+00            0.685956            0.778833                      
67        4.739335024605e+00            5.923963740439e-01            0.137410            0.138977                      
68        3.366132412477e+01            8.665414290508e-01            0.970515            1.056731                      
69        3.583070218571e+00            3.705956230875e-01            0.103562            0.114455                      
70        7.061515699973e-01            4.464226400571e-01            0.018954            0.023650                      
71        1.620498652514e+00            1.237050364371e-01            0.046817            0.051733                      
72        7.883238739099e-01            1.977140730648e-01            0.022631            0.026029                      
73        1.010010158871e-01            4.439372677277e-02            0.002683            0.002964                      
74        5.131774270796e+00            1.235095475260e-01            0.147866            0.157742                      
75        2.975288607781e-01            1.702403973179e-02            0.008447            0.009380                      
76        6.862810408440e-01            3.690776139327e-02            0.019900            0.022359                      
77        1.093623878292e+01            2.583617436844e-01            0.315034            0.343919                      
78        5.042426416831e-01            1.376030361636e-02            0.014731            0.016520                      
79        8.452865229444e-01            2.294824245672e-02            0.024455            0.027060                      
80        1.214834702336e+00            7.872470708621e-02            0.035202            0.040020                      
81        1.152630679285e+00            3.592690425179e-02            0.033572            0.036770                      
82        8.169568045854e-01            3.542270526053e-02            0.023661            0.026091                      
83        1.071300290176e+00            7.052994288304e-02            0.031018            0.035065                      
84        6.369276164371e-01            1.024682165197e-01            0.018720            0.024707                      
85        8.728756653213e-01            7.960829829812e-02            0.025085            0.029340                      
86        4.114194668144e-01            6.920622074028e-02            0.011779            0.013764                      
87        1.323964178075e-01            5.372494206653e-02            0.003583            0.004236                      
88        4.743772665636e-01            9.750023105471e-02            0.013742            0.015996                      
89        3.584713529176e-01            7.196656067021e-02            0.010355            0.011873                      
90        7.251641079847e-02            3.197188292433e-02            0.002059            0.002466                      
91        7.111682638140e-01            6.742088445723e-02            0.020501            0.023649                      
92        1.206113116290e+00            1.019308550022e-01            0.035197            0.040563                      
93        4.715696676968e-02            2.225515044805e-02            0.001333            0.001849                      
94        4.197404566766e-01            3.313720298155e-02            0.012151            0.013288                      
95        9.833472858300e-01            4.415706874759e-02            0.028331            0.030748                      
96        7.740066642016e-01            1.999606256405e-01            0.022808            0.028488                      
97        7.389031502053e+00            1.552608787758e-01            0.214002            0.232283                      
98        5.195392955481e-01            2.030715465793e-02            0.015048            0.016953                      
99        6.199794385628e-01            1.960508908823e-02            0.018014            0.020123                      
100       3.109695004142e-01            1.692521600236e-02            0.009042            0.010169                      
101       7.857331392190e-02            5.055173668023e-02            0.002136            0.003100                      
102       2.933408377904e-01            8.960144412538e-03            0.008529            0.009186                      
103       2.721520817211e-01            1.059294054029e-01            0.007069            0.008591                      
104       2.586397606100e-01            1.268647349526e-02            0.007465            0.008120                      
105       1.493313406854e-01            8.429767098688e-03            0.004308            0.004642                      
106       3.090252788048e-01            2.059541827813e-02            0.009007            0.010079                      
107       2.438009577427e-01            7.873306883202e-03            0.007061            0.007645                      
108       1.549421419234e-01            7.014445097442e-03            0.004501            0.004833                      
109       1.569106802363e-01            1.882664593366e-02            0.004461            0.004764                      
110       1.327020648592e-01            4.535562015928e-02            0.003688            0.004998                      
111       8.376748598283e-02            1.351247734930e-02            0.002369            0.002715                      
112       2.448769148144e+00            4.687441655051e-02            0.070740            0.076317                      
1         4.510145122111e-01            1.563314745947e-01            0.011539            0.011349                      
2         5.089009101649e-01            1.159579709887e-01            0.013559            0.015277                      
3         3.139620407366e-01            1.079728139107e-01            0.008300            0.009689                      
4         4.386635808164e-01            1.236948961323e-01            0.011556            0.011848                      
5         3.089451513546e-01            9.436800855784e-02            0.008188            0.009484                      
6         4.713693773388e-01            1.040436488069e-01            0.013416            0.014704                      
7         4.895087239125e-01            5.342454667758e-02            0.013491            0.013337                      
8         3.210483469728e-01            1.056246876518e-01            0.008415            0.007938                      
9         3.751302783454e-01            1.044133810796e-01            0.009952            0.010021                      
10        4.699675216895e-01            1.180691435853e-01            0.012476            0.014032                      
11        5.614799113748e-01            9.287716874233e-02            0.014722            0.015758                      
12        4.374326073373e-01            1.076106532614e-01            0.011419            0.012208                      
13        4.973553551190e-01            9.735952398638e-02            0.013092            0.013125                      
14        3.145923681282e-01            9.618822256275e-02            0.008299            0.009887                      
15        3.546186357803e-01            8.969394775948e-02            0.008769            0.009661                      
16        3.820338023442e-01            1.328491840579e-01            0.009704            0.009789                      
17        5.041423452540e-01            1.011783414335e-01            0.012651            0.012036                      
18        2.053745559037e-01            4.323556429281e-02            0.005259            0.005999                      
19        1.717035802988e-01            2.342053504918e-02            0.004485            0.004159                      
20        3.303824340616e-01            1.162584437837e-01            0.008588            0.009333                      
21        2.641366057643e-01            7.791488629231e-02            0.006936            0.007221                      
22        2.616619891315e-01            5.409230738183e-02            0.006662            0.006108                      
23        2.521478126630e-01            5.978299346501e-02            0.006483            0.006659                      
24        2.856199726203e-01            6.529585262644e-02            0.007635            0.009444                      
25        2.461915738353e-01            7.784061507152e-02            0.006904            0.006870                      
26        2.908998189834e-01            8.843089828259e-02            0.007206            0.008019                      
27        3.958853732047e-01            7.614339327380e-02            0.010341            0.011221                      
28        2.211229272845e-01            5.515646694890e-02            0.006005            0.006397                      
29        1.636724029184e-01            4.024077235397e-02            0.004314            0.004790                      
30        2.373394264008e-01            7.039588677475e-02            0.006107            0.005846                      
31        1.764118059796e-01            5.422526391228e-02            0.004440            0.005369                      
32        1.740228151015e-01            4.403131367148e-02            0.004627            0.005276                      
33        1.709504784472e-01            4.871486781013e-02            0.004624            0.007168                      
34        2.085094618702e-01            4.066853457088e-02            0.005472            0.005578                      
35        2.111306551120e-01            6.375589954156e-02            0.005854            0.005877                      
36        2.152517793663e-01            8.401905249275e-02            0.005474            0.005663                      
37        1.682206041387e-01            3.690806519273e-02            0.004568            0.004702                      
38        2.204414333040e-01            5.400444681635e-02            0.005617            0.005368                      
39        1.585108371211e-01            3.414755642836e-02            0.004125            0.003848                      
40        1.391050795538e-01            3.562469610893e-02            0.003653            0.003570                      
41        2.089579537515e-01            6.108001879673e-02            0.005770            0.007948                      
42        1.659524666703e-01            3.823980304354e-02            0.004308            0.004212                      
43        1.132626119372e-01            3.214365487056e-02            0.002967            0.003478                      
44        1.647139228229e-01            4.293382217707e-02            0.004343            0.004166                      
45        9.980225826612e-02            3.626927509241e-02            0.002778            0.003958                      
46        1.477214017619e-01            3.940705518017e-02            0.004051            0.005342                      
47        1.044380342275e-01            3.135515471272e-02            0.002703            0.002888                      
48        1.641350881339e-01            4.114249041755e-02            0.004265            0.003918                      
49        1.083559441090e-01            2.925377184526e-02            0.002855            0.002910                      
50        1.033622617624e-01            2.187857419525e-02            0.002724            0.002886                      
51        9.237188257814e-02            2.268054148530e-02            0.002369            0.002323                      
52        7.704967620632e-02            1.906990577370e-02            0.002077            0.002316                      
53        1.405354639043e-01            3.306420520382e-02            0.003593            0.003272                      
54        1.321500082172e-01            4.323079549660e-02            0.003642            0.003924                      
55        1.295559513620e-01            4.138409150869e-02            0.003353            0.002943                      
56        1.438743826283e-01            3.474195798564e-02            0.003657            0.004580                      
57        1.425579948258e-01            3.667358847197e-02            0.003755            0.003622                      
58        1.625523934126e-01            4.993420131758e-02            0.004200            0.003929                      
59        1.351966205977e-01            3.429622009421e-02            0.003571            0.003554                      
60        1.913537515137e-01            4.749762163641e-02            0.004980            0.005456                      
61        1.754454289059e-01            3.554761803719e-02            0.004642            0.004513                      
62        1.346376128093e-01            4.057207495630e-02            0.003506            0.003465                      
63        1.086081158908e-01            3.220446570130e-02            0.002837            0.002986                      
64        8.239568501628e-02            2.487334390564e-02            0.002154            0.002259                      
65        9.980041739135e-02            2.371708541445e-02            0.002562            0.002384                      
66        1.053579541030e-01            2.137713774725e-02            0.002689            0.002882                      
67        1.080341839801e-01            2.781552446234e-02            0.002918            0.002834                      
68        1.272111968769e-01            3.172228073765e-02            0.003271            0.003956                      
69        9.722255590211e-02            2.315840955535e-02            0.002547            0.002544                      
70        1.057533031098e-01            3.350863878477e-02            0.002728            0.002996                      
71        6.775051660089e-02            1.728694571230e-02            0.001746            0.001744                      
72        1.036342841642e-01            2.686196259905e-02            0.002752            0.003086                      
73        1.038924709781e-01            2.172370452399e-02            0.002609            0.002567                      
74        1.271920323811e-01            4.258352036327e-02            0.003230            0.003464                      
75        8.869415006690e-02            2.220051827719e-02            0.002322            0.002137                      
76        9.864394538605e-02            2.539127393524e-02            0.002580            0.002951                      
77        6.723825073247e-02            1.530931125967e-02            0.001801            0.001724                      
78        9.810410978466e-02            2.272058710658e-02            0.002658            0.002962                      
79        1.146932905134e-01            4.464601841581e-02            0.002887            0.002880                      
80        7.678724017907e-02            1.535231754313e-02            0.001991            0.001890                      
81        6.838921327232e-02            2.176151058329e-02            0.001978            0.002662                      
82        6.840808062567e-02            9.854486674301e-03            0.001759            0.001518                      
83        8.131816879779e-02            2.721670772766e-02            0.002038            0.001989                      
84        1.050198707813e-01            3.478527664145e-02            0.002669            0.002560                      
85        7.121170208026e-02            1.967508365613e-02            0.001888            0.002137                      
86        6.977564643212e-02            2.261060005159e-02            0.001878            0.001844                      
87        7.339989153046e-02            1.995927240721e-02            0.001876            0.002273                      
88        7.009107134380e-02            1.711327403406e-02            0.001837            0.002118                      
89        6.041847441188e-02            1.823826104082e-02            0.001592            0.001485                      
90        7.280794280758e-02            1.988264259694e-02            0.001842            0.001760                      
91        5.831689208969e-02            1.493150734086e-02            0.001498            0.001673                      
92        8.024436781403e-02            2.430189351691e-02            0.002132            0.002035                      
93        7.222152912389e-02            2.476821548206e-02            0.002009            0.002372                      
94        4.827044367140e-02            9.625956620491e-03            0.001262            0.001157                      
95        5.730539717758e-02            1.243043422668e-02            0.001494            0.001570                      
96        5.092680489953e-02            1.310154398702e-02            0.001373            0.001469                      
97        3.906689138539e-02            7.797967369880e-03            0.001021            0.000955                      
98        4.967270144980e-02            8.919023798994e-03            0.001274            0.001285                      
99        3.956165864114e-02            1.038416723904e-02            0.001034            0.001058                      
100       4.773405115511e-02            7.488503904900e-03            0.001213            0.001316                      
101       1.611111537814e-01            4.302751860408e-02            0.004550            0.005087                      
102       1.105568749121e-01            3.783137679896e-02            0.002855            0.003070                      
103       1.589317812471e-01            2.761000827783e-02            0.003891            0.003754                      
104       1.669977856554e-01            3.281891078744e-02            0.004637            0.004930                      
105       1.614039360656e-01            4.019877305751e-02            0.004304            0.004328                      
106       2.121271162803e-01            5.292139887679e-02            0.005886            0.005603                      
107       1.087150895054e-01            3.139664021181e-02            0.002905            0.003298                      
108       1.593186435160e-01            4.150422710484e-02            0.004086            0.005089                      
109       2.182392938079e-01            6.176098455986e-02            0.006101            0.006502                      
110       1.526847226848e-01            3.208759162965e-02            0.004277            0.005414                      
111       1.939164601672e-01            6.058717589256e-02            0.005233            0.005467                      
112       1.400984977805e-01            2.947360277188e-02            0.003785            0.004205                      
113       1.676086907549e-01            4.198338019654e-02            0.004764            0.005620                      
114       1.241735812148e-01            1.695457638824e-02            0.003292            0.003130                      
115       1.153628716503e-01            2.573036322507e-02            0.003067            0.003324                      
116       1.764394496931e-01            6.733732305016e-02            0.004800            0.006030                      
117       1.407844737594e-01            3.863653116519e-02            0.003791            0.003289                      
118       1.961669068679e-01            2.185941188203e-02            0.005606            0.005584                      
119       1.511110610506e-01            2.771858445308e-02            0.003937            0.004073                      
120       1.121556391120e-01            2.063248697144e-02            0.003015            0.002880                      
121       1.235767462138e-01            2.374740565837e-02            0.003193            0.003278                      
122       9.990689164732e-02            1.247088727035e-02            0.002702            0.002705                      
123       1.924842497549e-01            5.301056826969e-02            0.005025            0.005035                      
124       1.271616478012e-01            3.407182215292e-02            0.003389            0.003219                      
125       1.050184781428e-01            2.866417083877e-02            0.002914            0.003091                      
126       1.177737672677e-01            2.407420508811e-02            0.003115            0.003010                      
127       1.028901153686e-01            2.453768958870e-02            0.002696            0.002839                      
128       8.753498511251e-02            1.309569007466e-02            0.002290            0.002146                      
129       1.100451553357e-01            2.651121124450e-02            0.003136            0.003145                      
130       9.059673305686e-02            2.150372615049e-02            0.002485            0.002757                      
131       1.105926866155e-01            2.328057734110e-02            0.002977            0.003111                      
132       1.220728847521e-01            3.421947606685e-02            0.003269            0.003332                      
133       1.076596205575e-01            2.000384138030e-02            0.002932            0.003199                      
134       1.318175837812e-01            3.663278926783e-02            0.003592            0.004047                      
135       1.004581729094e-01            2.105477859909e-02            0.002703            0.002629                      
136       1.159886516673e-01            3.000665641567e-02            0.003028            0.002633                      
137       1.308478541973e-01            2.531868199771e-02            0.003518            0.003992                      
138       8.871353297854e-02            1.848508950851e-02            0.002388            0.002439                      
139       1.145615911073e-01            3.389565487691e-02            0.003035            0.003051                      
140       1.091678331158e-01            2.297228599414e-02            0.002877            0.003259                      
141       1.392586475327e-01            2.046862516088e-02            0.003669            0.004139                      
142       8.727124115628e-02            2.069739424859e-02            0.002243            0.002202                      
143       8.599048504474e-02            1.677056993579e-02            0.002259            0.002441                      
144       1.031399078888e-01            2.925799092446e-02            0.002673            0.002781                      
145       8.159379479628e-02            1.563954379107e-02            0.002141            0.001804                      
146       9.882387563325e-02            2.218632748307e-02            0.002689            0.002999                      
147       8.533942959252e-02            2.038904587943e-02            0.002195            0.002102                      
148       9.308072125772e-02            2.501953295715e-02            0.002426            0.002474                      
149       1.047510403671e-01            1.534100820277e-02            0.002749            0.003204                      
150       9.497790782019e-02            3.013908519022e-02            0.002568            0.002417                      
151       6.048353337232e-02            8.281492882607e-03            0.001602            0.001876                      
152       7.717254334493e-02            1.135927786622e-02            0.001996            0.001836                      
153       7.048664016914e-02            1.340818676744e-02            0.001915            0.002184                      
154       7.772498489384e-02            1.735672056841e-02            0.002040            0.002081                      
155       7.175509862957e-02            1.405967360105e-02            0.001882            0.001898                      
156       9.743514771181e-02            1.856005326271e-02            0.002673            0.002629                      
157       7.770405138390e-02            2.110439013631e-02            0.002010            0.002077                      
158       9.361077070271e-02            2.952531837615e-02            0.002481            0.002811                      
159       6.277616768297e-02            1.698567647481e-02            0.001647            0.001799                      
160       9.354841901050e-02            1.821138370349e-02            0.002476            0.002692                      
161       6.660429951607e-02            1.690315344976e-02            0.001733            0.001622                      
162       6.864672427876e-02            1.360787512739e-02            0.001784            0.001662                      
163       6.409092255823e-02            1.437934764236e-02            0.001776            0.002315                      
164       8.733231187405e-02            1.592778030942e-02            0.002277            0.002047                      
165       8.439095679456e-02            1.903072469094e-02            0.002289            0.002130                      
166       7.591821004681e-02            1.555193568900e-02            0.002033            0.001871                      
167       8.127011965940e-02            1.588744557975e-02            0.002096            0.002265                      
168       5.212859043418e-02            1.205017272964e-02            0.001357            0.001274                      
169       6.111663426692e-02            1.725039684849e-02            0.001614            0.001788                      
170       6.313543654913e-02            1.322621567186e-02            0.001562            0.001372                      
171       5.615539321626e-02            1.144707337756e-02            0.001481            0.001565                      
172       6.751258871061e-02            1.619073077831e-02            0.001801            0.001836                      
173       9.119234329648e-02            1.874569767864e-02            0.002400            0.002246                      
174       5.195282741237e-02            1.331352807112e-02            0.001410            0.001476                      
175       5.833146961487e-02            1.694439734877e-02            0.001511            0.001757                      
176       7.954368510932e-02            1.665865140423e-02            0.002073            0.001854                      
177       5.460922119271e-02            1.040197154892e-02            0.001475            0.001808                      
178       7.513117292717e-02            1.513979655339e-02            0.002076            0.002222                      
179       6.422149465673e-02            1.859639542500e-02            0.001612            0.001550                      
180       6.087592529442e-02            1.402676017508e-02            0.001569            0.001571                      
181       5.114855737675e-02            1.269795625825e-02            0.001388            0.001352                      
182       7.449713925303e-02            1.688968973647e-02            0.001991            0.001808                      
183       4.153910955509e-02            9.707384059459e-03            0.001122            0.001184                      
184       6.468088472319e-02            2.174979604885e-02            0.001721            0.002057                      
185       4.819242539884e-02            1.221634207723e-02            0.001301            0.001297                      
186       4.065682139826e-02            1.003498893894e-02            0.001099            0.001061                      
187       5.064961087091e-02            1.888095192225e-02            0.001329            0.001614                      
188       4.052469785922e-02            9.614723836005e-03            0.001111            0.001270                      
189       3.835814707151e-02            1.183575877250e-02            0.000944            0.001085                      
190       4.419576541485e-02            1.023881839924e-02            0.001092            0.001063                      
191       6.472899058781e-02            1.737578235737e-02            0.001731            0.001974                      
192       4.747922486991e-02            9.650527213171e-03            0.001234            0.001215                      
193       4.699181185569e-02            9.749564438840e-03            0.001257            0.001520                      
194       5.502555930730e-02            1.685304706022e-02            0.001440            0.001460                      
195       4.863429845618e-02            1.144112717127e-02            0.001293            0.001286                      
196       5.291813189730e-02            1.234740517959e-02            0.001320            0.001255                      
197       4.407142507284e-02            9.793512672144e-03            0.001151            0.001088                      
198       4.533634961290e-02            9.882409576572e-03            0.001235            0.001314                      
199       3.481711618766e-02            7.461359614626e-03            0.000883            0.000961                      
200       3.581698041545e-02            1.010915974442e-02            0.001025            0.001169                      
201       3.293272266933e-02            8.441632873387e-03            0.000867            0.000810                      
202       3.731078865697e-02            9.333740493185e-03            0.001037            0.001194                      
