@    title "Magnitude of Electric Field"
@    xaxis  label "Residues"
@    yaxis  label "MV/cm"
#time     EField_per_residue            Std.Deviation         EField_residue_alignement   Std.Deviation
@type xydy
2         2.077783470927e+00            7.117169775640e-02            0.011898            0.006595                      
3         1.761980865846e-01            2.048687424949e-02            0.000863            0.000490                      
4         1.724120835938e-01            1.697069598629e-02            0.000344            0.000300                      
5         2.903755072684e-01            3.787212497478e-02            0.001719            0.001025                      
6         2.788978895849e-01            2.344616654970e-02            0.001607            0.000950                      
7         3.373035532311e-01            1.334949187840e-01            0.001728            0.001334                      
8         3.219761715749e+00            1.413583108348e-01            0.018882            0.010732                      
9         6.010587999572e-01            5.190485302323e-02            0.003123            0.001881                      
10        7.710165601977e-01            2.839776291848e-01            0.003504            0.003167                      
11        5.078006092689e-01            5.957732220774e-02            0.001724            0.001137                      
12        9.887684422728e-01            9.255846311599e-02            0.003093            0.001911                      
13        1.706401350347e+00            3.661157974807e-01            0.005955            0.004797                      
14        9.216587521284e-01            1.268775827953e-01            0.002042            0.001536                      
15        5.720219035882e+00            2.698326100289e-01            0.020968            0.012617                      
16        5.793928523748e+01            1.128188477249e+01            0.289353            0.166184                      
17        1.686640698496e+00            2.305859831817e-01            0.005668            0.003855                      
18        6.184766902509e+00            3.138414912482e-01            0.013363            0.009346                      
19        1.412120558947e+00            1.962182949349e-01            0.007465            0.004887                      
20        3.690340499620e+00            6.226353367224e-01            0.010554            0.008890                      
21        8.754505414416e+00            6.333958558797e-01            0.009781            0.007565                      
22        6.290779932922e-01            8.596103957246e-02            0.002238            0.001535                      
23        1.215367916320e+00            2.106103848575e-01            0.000836            0.000863                      
24        6.652454596727e+00            5.731997726520e-01            0.003522            0.004136                      
25        7.966372199446e-01            1.329890442023e-01            0.003220            0.002069                      
26        4.563057964194e+00            4.430282199861e-01            0.003539            0.003890                      
27        5.711792438449e-01            7.222158228085e-02            0.002386            0.001544                      
28        1.410436716526e+00            2.420182909220e-01            0.005533            0.004080                      
29        5.811586818554e-01            1.076051235795e-01            0.003180            0.001956                      
30        5.219969911503e-01            1.687063658468e-01            0.000770            0.000741                      
31        8.941129926652e-01            4.131007769918e-01            0.001681            0.001795                      
32        3.989191417580e+00            1.197766809702e+00            0.007691            0.007955                      
33        4.916762613826e-01            6.135621270190e-02            0.000454            0.000485                      
34        3.643452802675e+00            1.930138408136e-01            0.006739            0.004674                      
35        3.828049207948e+00            1.966189362601e-01            0.011464            0.006896                      
36        5.751278354400e-01            6.974603127423e-02            0.003206            0.001804                      
37        6.958673424165e-01            2.096594096086e-01            0.003973            0.002588                      
38        1.764701027910e+00            2.442203116141e-01            0.003101            0.002319                      
39        9.134103154986e+00            9.342998993251e-01            0.013124            0.009358                      
40        4.370141314652e+01            9.860527073993e+00            0.167089            0.103068                      
41        1.012749996963e+00            2.245100955237e-01            0.000997            0.000967                      
42        6.585015327251e-01            1.497942802669e-01            0.002632            0.001696                      
43        2.612678403019e-01            4.357318031844e-02            0.000475            0.000413                      
44        5.656527119298e-01            1.947261574510e-01            0.002718            0.001957                      
45        6.729178255896e-01            1.268558008965e-01            0.001887            0.001219                      
46        5.609808587421e-01            6.325341190234e-02            0.001165            0.000817                      
47        4.606502272665e-01            6.158387935894e-02            0.002640            0.001540                      
48        4.798290861002e-01            9.073006918950e-02            0.001625            0.001047                      
49        4.851824603902e-01            5.716546092792e-02            0.002120            0.001323                      
50        4.703053663034e+00            4.282266536482e-01            0.011722            0.007273                      
51        3.584479065961e+00            3.412964884198e-01            0.003963            0.003920                      
52        5.626530898632e-01            1.263178459984e-01            0.002897            0.002126                      
53        1.027622437556e+00            1.581700510437e-01            0.005385            0.003394                      
54        7.014714823143e-01            1.259914119728e-01            0.003250            0.002106                      
55        4.706768709680e-01            8.642907759889e-02            0.002460            0.001525                      
56        1.423778662545e+00            2.631891290532e-01            0.004770            0.004123                      
57        9.847478732457e+00            2.575377825604e+00            0.025016            0.020527                      
58        5.279232894319e+00            5.537750533231e-01            0.014146            0.009639                      
59        6.908335555323e-01            2.560783409051e-01            0.001252            0.001316                      
60        1.613596305773e+00            4.291735291434e-01            0.005588            0.005102                      
61        1.271108744335e+00            5.106501301533e-01            0.005678            0.005184                      
62        6.902131074086e-01            1.834526935414e-01            0.001556            0.001479                      
63        2.978148971088e-01            1.041258898082e-01            0.000850            0.000814                      
64        4.985722989453e-01            1.309971063536e-01            0.002360            0.001670                      
65        4.739975858719e+00            9.053200386895e-01            0.014594            0.008945                      
66        9.334206166994e-01            1.899275040145e-01            0.004549            0.003003                      
67        5.710660525089e+00            5.631698182576e-01            0.005538            0.004744                      
68        1.559949204911e+00            2.326410198927e-01            0.001358            0.001662                      
69        6.453652098577e-01            1.767560093337e-01            0.001162            0.001152                      
70        7.006648165860e-01            8.132153255780e-02            0.003957            0.002416                      
71        3.848879908930e-01            1.445249750710e-01            0.001189            0.000923                      
72        4.589074595312e-01            8.856620047176e-02            0.001747            0.001396                      
73        4.461993369795e-01            1.170261543996e-01            0.001262            0.000916                      
74        5.352180948340e-01            6.144921634760e-02            0.002897            0.001739                      
75        5.221552254432e+00            6.195293482087e-01            0.020402            0.012412                      
76        1.880356748802e-01            1.985361975605e-02            0.000820            0.000500                      
77        1.708840214303e-01            5.244897362888e-02            0.000578            0.000618                      
78        1.284068588987e-01            3.567173993831e-02            0.000439            0.000401                      
79        1.516892181298e-01            6.161193957819e-02            0.000515            0.000499                      
80        3.052724060724e-01            3.782398166304e-02            0.001102            0.000789                      
81        3.812205317659e-01            1.048017288904e-01            0.001793            0.001126                      
82        5.832474692182e-01            8.299392255144e-02            0.001782            0.001460                      
83        9.772682317363e-01            1.181768440044e-01            0.004103            0.002484                      
84        1.546646388761e+00            4.339663358827e-01            0.003988            0.003143                      
85        9.822475510304e-01            1.099736010685e-01            0.003431            0.002326                      
86        6.537471833960e+00            1.638372628058e+00            0.010653            0.012272                      
87        6.424009016208e+00            4.939603636210e-01            0.011583            0.007748                      
88        1.477649151032e+00            3.044258850695e-01            0.006160            0.003751                      
89        6.559097406305e+00            4.837030448684e-01            0.013690            0.009143                      
90        6.382964479037e-01            1.443739528154e-01            0.003286            0.002335                      
91        3.609343938309e-01            8.808311648993e-02            0.002162            0.001387                      
92        4.329463662995e-01            1.209106271765e-01            0.002376            0.001710                      
93        1.606726385250e-01            1.101955312482e-01            0.000768            0.000846                      
94        1.551318474818e-01            3.257781736729e-02            0.000930            0.000567                      
95        1.842330750152e-01            8.301530154413e-02            0.000866            0.000897                      
96        2.057022852170e-01            2.142633226369e-02            0.000636            0.000390                      
97        2.461058597672e-01            3.312042954584e-02            0.000329            0.000328                      
98        5.735960315467e-01            8.088644668440e-02            0.000750            0.000685                      
99        1.080840662073e+00            1.841835041256e-01            0.001321            0.001145                      
100       7.595560877026e+00            3.827849266735e-01            0.010872            0.008363                      
101       3.381519518506e+00            4.993781275646e-01            0.005207            0.003962                      
102       2.061374086733e+00            3.852461547739e-01            0.006315            0.004665                      
103       5.859169997089e+01            9.712712202879e+00            0.328642            0.183380                      
104       1.448421712374e+00            3.773284251971e-01            0.006092            0.003907                      
105       1.859894339925e+00            4.374119785855e-01            0.008166            0.005591                      
106       3.821727909003e+00            1.970470576819e-01            0.019638            0.010887                      
107       3.634980118353e-01            4.600566528386e-02            0.001005            0.000760                      
108       3.631180945722e+00            1.753520613862e-01            0.017742            0.009898                      
109       2.331481191729e+00            9.408081384638e-02            0.012424            0.006922                      
110       1.804511322686e-01            7.007957075733e-02            0.000574            0.000449                      
111       3.689930429222e-01            5.342643096056e-02            0.001284            0.000970                      
112       4.970606167368e+00            4.310953287571e-01            0.017667            0.009929                      
113       7.757163658026e-01            1.191803606570e-01            0.004712            0.002775                      
114       4.177761618960e-01            6.911974988032e-02            0.001740            0.001155                      
115       8.103804887621e-01            1.977701619098e-01            0.003043            0.002432                      
116       5.546556657520e+00            2.236716947377e+00            0.020064            0.015739                      
117       2.400004724332e+00            5.211542898848e-01            0.012416            0.007970                      
118       4.122520450178e+00            6.667420380421e-01            0.002910            0.003109                      
119       1.102118328977e+00            3.301051143246e-01            0.001939            0.001866                      
120       1.935190157427e+00            5.356886465247e-01            0.003846            0.003493                      
121       4.469257294905e-01            1.000233209691e-01            0.001278            0.001215                      
122       5.046535130840e+00            8.763367575243e-01            0.023737            0.016082                      
123       2.010772374986e-01            3.466303710942e-02            0.000244            0.000243                      
124       5.257314218103e-01            2.498055077077e-01            0.001077            0.001061                      
125       3.429959009717e-01            5.722245086588e-02            0.001795            0.001098                      
126       1.834860991172e-01            8.174195923786e-02            0.000663            0.000572                      
127       1.832985848959e-01            2.940839485736e-02            0.000330            0.000275                      
128       1.888269664601e+00            4.669896840047e-01            0.005747            0.004618                      
