@    title "Magnitude of Electric Field"
@    xaxis  label "Residues"
@    yaxis  label "MV/cm"
#time  EField_Magnitude
@type xydy
21        1.134443926890e+00            1.100170274584e-01            
22        3.220005718336e-01            8.663065908318e-02            
23        1.867941733651e+00            3.116326758405e-01            
24        3.159117036352e-01            1.955807775132e-02            
25        3.249322451270e-01            2.457789813585e-02            
26        2.181583377224e-01            1.632366827778e-02            
27        5.814985279325e-02            2.315352285312e-02            
28        2.491507807528e-01            2.283409745416e-02            
29        1.709371406346e-01            1.303087774766e-02            
30        7.488994848968e-02            2.008797213274e-02            
31        3.326641521299e-01            2.587506888746e-02            
32        1.054857708721e-01            1.092680876850e-02            
33        3.358820946933e-02            9.534488271691e-03            
34        2.009553459468e-01            4.237174488273e-02            
35        9.749846257878e-02            1.276845392177e-02            
36        1.398128123170e-02            6.016278517026e-03            
37        1.496022849936e-01            5.287675159533e-02            
38        2.058976261693e-01            7.286213657972e-03            
39        5.844434540722e-02            8.830309098632e-03            
40        5.200964572957e-02            4.771794414234e-03            
41        1.444354801306e-01            6.147387203761e-03            
42        3.519156119946e-02            1.013934545085e-02            
43        1.380255143378e-01            6.088093442851e-03            
44        1.309150028261e-01            5.205916845879e-03            
45        9.678195321702e-02            4.654700023388e-03            
46        3.681051957300e+00            1.611355199485e-02            
47        1.662321801956e-02            4.510928603508e-03            
48        1.086469382706e-01            5.625584473124e-03            
49        3.015558873143e+00            1.309508411789e-02            
50        1.742630063646e-01            3.654978135484e-03            
51        1.841013548472e-01            3.438969842184e-03            
52        3.860447802764e+00            1.560373006840e-02            
53        2.333310475479e-01            4.650348339637e-03            
54        2.862949860465e-01            5.527790311728e-03            
55        4.058727369586e-01            1.182002040435e-02            
56        3.507559185280e-01            8.666922303532e-03            
57        3.480513199969e-01            1.326866064909e-02            
58        5.223143216486e-01            9.983907264488e-03            
59        5.073547878284e-01            1.901853221474e-02            
60        4.845498373261e-01            2.432800325271e-02            
61        8.267975579973e-01            2.204995923087e-02            
62        4.424737815733e-01            5.285042778716e-02            
63        6.325791640955e-01            7.105636969774e-02            
64        3.920574877869e-02            1.914800446373e-02            
65        1.835032008201e-02            7.665908142593e-03            
66        2.442042624364e-02            1.405310191180e-02            
67        1.363774580947e-01            7.865920061781e-03            
68        5.152658991753e+00            2.938436234783e-02            
69        1.476561633776e-01            5.227242635296e-03            
70        2.500029237017e-01            1.708908268510e-02            
71        1.397537820015e-02            5.858625599108e-03            
72        7.851389556115e-02            1.942228001095e-02            
73        1.379694094819e-01            6.775348390301e-03            
74        3.292385124698e+00            1.934331774558e-02            
75        1.570908459285e-01            4.868703498940e-03            
76        1.660055432247e-01            4.370817150048e-03            
77        3.686658523668e+00            2.184298162781e-02            
78        2.358133123887e-01            7.187508371391e-03            
79        2.426984364994e-01            7.972729383264e-03            
80        3.301310952903e-01            1.122724775657e-02            
81        4.225592514267e-01            9.298201627593e-03            
82        3.890468996369e-01            1.720219639421e-02            
83        5.014230275753e-01            2.244154107892e-02            
84        5.450309136535e-01            2.177991697994e-02            
85        6.338625673690e-01            3.261761691167e-02            
86        4.607747256473e-01            4.899587089307e-02            
87        3.483517139746e-01            3.474547548449e-02            
88        5.985768915491e-01            8.222458554912e-02            
89        1.120988891409e+00            8.988390927485e-02            
90        6.713477079076e-01            6.029346456195e-02            
91        8.876534849851e-02            3.869751146958e-02            
92        4.512255276114e-01            1.483073442638e-01            
93        5.139699195262e-01            1.078717007071e-01            
94        9.371769451724e-02            4.133655935932e-02            
95        9.584312406322e-01            7.657107100563e-02            
96        2.936196746115e+00            1.135713506879e+00            
97        7.436742068771e+00            9.586863713928e-01            
98        9.096900852472e-01            3.706910875777e-02            
99        1.670382709496e+00            5.354772951424e-02            
100       1.359254983224e+00            7.547390009013e-02            
101       7.721280173464e-01            1.324138282789e-01            
102       6.614018837214e-01            1.848681418592e-02            
103       3.018884124309e-01            1.051248432839e-01            
104       3.943353078997e-01            3.393247173462e-02            
105       9.310973692880e-02            1.881929958883e-02            
106       4.264137440029e-01            4.316694928506e-02            
107       3.102060790059e-01            1.491091426523e-02            
108       4.284143873833e-02            1.447909151742e-02            
109       6.834166267082e-02            4.756641901870e-02            
110       2.945963546084e-01            3.648891343073e-02            
111       6.157602520651e-02            1.479056284356e-02            
112       1.560873995718e-01            7.516739205984e-03            
113       5.458010346559e-01            3.677895512858e-02            
