@    title "Magnitude of Electric Field"
@    xaxis  label "Residues"
@    yaxis  label "MV/cm"
#time  EField_Magnitude
@type xydy
21        1.376961763623e-01            2.553279316670e-02            
22        2.069153055434e+00            1.803131718017e-02            
23        3.311759888815e+00            2.449861192434e-02            
24        8.568482299104e-02            4.183952294102e-03            
25        5.604568154784e-02            7.854734079577e-03            
26        7.262420368754e-02            4.574096218714e-03            
27        9.498409968069e-02            6.006500890459e-03            
28        1.416325969000e-01            8.038192814270e-03            
29        1.197667028194e-01            6.200502041147e-03            
30        8.124992333604e-02            7.727216742483e-03            
31        2.465122631513e-01            1.016601207003e-02            
32        1.613894041135e-01            8.519187654687e-03            
33        7.857427220316e-02            7.361728207030e-03            
34        2.604815472092e-02            1.444048214951e-02            
35        8.170868760125e-02            1.267473761581e-02            
36        1.006194125785e-01            9.842138320238e-03            
37        6.680929675242e-02            3.576407207681e-02            
38        1.340345774980e-01            1.771694725084e-02            
39        9.110764162545e-02            2.252082578308e-02            
40        4.702710202479e-02            9.962378722963e-03            
41        3.081190433242e-01            1.742832413289e-02            
42        3.550218444236e-01            4.897319999293e-02            
43        3.910646684802e-01            1.775409076086e-02            
44        4.018220292881e-01            1.293681871449e-02            
45        3.983751091347e-01            1.858037587073e-02            
46        6.113167139271e+00            1.151302479367e-01            
47        2.148707782369e-01            2.111145894693e-02            
48        5.189442427607e-01            2.975850437227e-02            
49        2.525543949545e+00            6.682887672668e-02            
50        4.631097193009e-01            1.451757303943e-02            
51        5.550547756502e-01            1.659574199711e-02            
52        6.681308827796e+00            1.074926849268e-01            
53        6.794326722491e-01            2.525367171557e-02            
54        4.997819074645e-01            2.294869578183e-02            
55        1.760508652091e-01            7.108805159087e-02            
56        3.412383759016e-01            5.357178936767e-02            
57        3.709713395268e-01            4.997616238184e-02            
58        1.701662950985e-01            2.757655748291e-02            
59        8.608217447032e-02            4.231416866035e-02            
60        9.473131421009e-01            7.831114171239e-02            
61        4.469971858510e-02            2.322519901288e-02            
62        3.320646713943e-01            4.480701520296e-02            
63        3.944236449291e-01            7.498408165913e-02            
64        1.431134300959e+00            6.582007240518e-02            
65        2.682950080735e+00            1.217321637554e-01            
66        7.191165691519e+00            3.018659952179e-01            
67        8.233757599287e+00            1.043932707215e+00            
68        3.109224063033e+01            5.561128877250e-01            
69        3.357010112551e+00            2.292928015399e-01            
70        1.011052812473e+00            4.986759581077e-01            
71        1.275772649152e+00            8.519004851670e-02            
72        2.089039541873e+00            4.636543382000e-01            
73        6.685448719590e-01            3.846299871874e-02            
74        3.608966788927e+00            8.863972194407e-02            
75        3.744351856524e-01            1.471174669910e-02            
76        2.626903355392e-01            2.996575352088e-02            
77        7.860413583095e+00            2.074871724880e-01            
78        3.282213222159e-01            1.777344860425e-02            
79        5.101394153636e-02            1.759930996213e-02            
80        1.815359045474e-01            4.535560199641e-02            
81        1.763634737839e-01            1.975084575430e-02            
82        9.416837273768e-02            1.771869900731e-02            
83        3.062305162797e-02            1.358469865033e-02            
84        3.367888740919e-01            2.262046660296e-02            
85        4.274316557740e-02            1.718528558139e-02            
86        9.034540417640e-02            1.304027297592e-02            
87        2.231696236973e-01            1.818002455290e-02            
88        1.729343746970e-01            1.790533678154e-02            
89        3.223487571612e-02            1.287727024599e-02            
90        6.550435200819e-02            1.139778041110e-02            
91        2.448906373257e-01            1.326466711396e-02            
92        1.884882493473e-01            1.147462464399e-02            
93        5.286319020795e-02            7.802333625008e-03            
94        1.726250422587e-01            7.517790844271e-03            
95        2.454617906179e-01            9.871901875392e-03            
96        2.843494362872e-01            1.570349267469e-02            
97        3.732762415185e+00            3.958079794130e-02            
98        1.894739861021e-01            6.292678353365e-03            
99        1.679781886127e-01            5.576807387569e-03            
100       9.391363618666e-02            3.893694123843e-03            
101       1.714470126890e-02            7.285222495324e-03            
102       1.257501424657e-01            3.430124987309e-03            
103       8.263301537155e-02            2.377489939935e-02            
104       7.049068904318e-02            4.454432533683e-03            
105       5.130471815744e-02            3.086246622367e-03            
106       1.275373144330e-01            1.534023678799e-02            
107       1.028909518608e-01            3.655555695757e-03            
108       5.407532570849e-02            3.040781582167e-03            
109       5.575383177900e-02            7.330399057248e-03            
110       1.515564096608e-01            2.054350028561e-02            
111       5.206575630096e-02            3.562366525428e-03            
112       7.743180649100e-03            2.776103731537e-03            
113       1.613875367222e+00            6.320573629183e-03            
