@    title "Magnitude of Electric Field"
@    xaxis  label "Residues"
@    yaxis  label "MV/cm"
#time     EField_per_residue            Std.Deviation         EField_residue_alignement   Std.Deviation
@type xydy
21        1.872907418797e+00            5.375781120143e-01            0.056627            0.032624                      
22        1.073945287028e+00            1.745617604910e-01            0.056945            0.017035                      
23        2.999391149310e+00            8.026747425747e-01            0.144827            0.054040                      
24        3.987506082768e-01            2.339722017478e-02            0.022552            0.005610                      
25        3.705322687187e-01            5.187266005612e-02            0.018326            0.006247                      
26        3.014839737601e-01            1.686140538904e-02            0.017319            0.004334                      
27        1.519107651991e-01            3.298587628411e-02            0.008089            0.002829                      
28        3.045414561728e-01            2.212275357495e-02            0.017315            0.004307                      
29        2.137002065985e-01            1.366239907876e-02            0.012165            0.003055                      
30        3.772900629660e-02            1.576011990934e-02            0.001194            0.000912                      
31        4.149907637874e-01            3.059265933240e-02            0.023301            0.006088                      
32        1.358984431321e-01            1.476169645354e-02            0.007708            0.002067                      
33        1.919566517397e-02            8.421795479441e-03            0.000647            0.000513                      
34        1.505227728429e-01            3.343464695439e-02            0.008344            0.003023                      
35        9.991509742808e-02            1.439858368998e-02            0.005641            0.001643                      
36        1.277314758741e-02            5.059094335638e-03            0.000481            0.000356                      
37        1.811859129510e-01            3.349629974057e-02            0.010004            0.003109                      
38        2.222193105232e-01            9.449837113663e-03            0.012705            0.003101                      
39        5.020915604202e-02            1.137147581479e-02            0.002740            0.000905                      
40        4.714942102459e-02            6.186414942804e-03            0.002650            0.000752                      
41        1.492358394656e-01            7.493125308912e-03            0.008539            0.002096                      
42        3.486129500507e-02            1.390922051195e-02            0.001872            0.000984                      
43        1.441495665851e-01            7.947549925692e-03            0.008186            0.002064                      
44        1.336138558444e-01            7.632279706350e-03            0.007572            0.001825                      
45        1.024710297612e-01            6.381236851784e-03            0.005845            0.001438                      
46        3.941422992393e+00            3.221075609730e-02            0.225614            0.054586                      
47        1.968372886620e-02            6.507559645556e-03            0.001071            0.000493                      
48        1.221458592227e-01            6.649125545876e-03            0.006993            0.001735                      
49        3.168648917019e+00            1.700132604500e-02            0.181283            0.043867                      
50        1.915946603397e-01            4.208577781170e-03            0.010938            0.002642                      
51        2.034964499033e-01            3.947599372206e-03            0.011645            0.002815                      
52        4.106278665852e+00            2.277418698804e-02            0.234925            0.056840                      
53        2.610859480069e-01            5.950017596346e-03            0.014948            0.003610                      
54        3.231502094820e-01            6.334323327987e-03            0.018491            0.004477                      
55        4.620677272124e-01            1.407049162440e-02            0.026469            0.006464                      
56        4.049450213363e-01            1.110900253836e-02            0.023191            0.005575                      
57        4.049648576570e-01            1.646951968751e-02            0.023195            0.005645                      
58        6.171062521314e-01            1.158428151823e-02            0.035320            0.008549                      
59        6.170299432865e-01            2.178244163350e-02            0.035361            0.008592                      
60        5.912199932518e-01            3.075050030139e-02            0.033809            0.008242                      
61        9.861048836677e-01            3.381942338292e-02            0.056635            0.013415                      
62        6.044386575482e-01            8.458671631717e-02            0.034556            0.009270                      
63        8.446345135147e-01            9.103059077154e-02            0.048289            0.012208                      
64        4.469519147279e-02            2.365277311496e-02            0.002176            0.001623                      
65        2.413283923253e-02            1.210698970674e-02            0.001107            0.000935                      
66        2.967959273866e-02            1.636531894462e-02            0.001402            0.001155                      
67        1.333508757065e-01            1.029133074464e-02            0.007595            0.001911                      
68        5.600151114092e+00            4.573266198331e-02            0.320548            0.077308                      
69        1.737000846834e-01            6.419314287019e-03            0.009939            0.002458                      
70        2.833086987764e-01            2.110717702180e-02            0.016244            0.004200                      
71        1.953789108601e-02            8.083602258332e-03            0.000943            0.000591                      
72        1.463868363674e-01            2.809152623718e-02            0.008292            0.002804                      
73        1.505670900916e-01            1.165822990686e-02            0.008611            0.002144                      
74        3.457263484413e+00            3.223345983623e-02            0.197853            0.047923                      
75        1.631925696001e-01            6.331110332715e-03            0.009331            0.002238                      
76        1.718965085512e-01            5.265281761973e-03            0.009820            0.002399                      
77        3.940164103410e+00            3.336336683906e-02            0.225470            0.054638                      
78        2.430431230715e-01            1.003058590679e-02            0.013884            0.003412                      
79        2.474136949684e-01            1.017428637887e-02            0.014132            0.003447                      
80        3.568089139893e-01            1.353472109772e-02            0.020421            0.005019                      
81        4.541827156567e-01            1.293970833465e-02            0.025951            0.006263                      
82        4.082231153761e-01            2.106874310847e-02            0.023322            0.005834                      
83        5.312097454835e-01            2.779240150583e-02            0.030416            0.007581                      
84        5.694296924126e-01            3.399465475002e-02            0.032580            0.008235                      
85        6.628211645965e-01            5.230204823273e-02            0.038052            0.010182                      
86        4.990455110432e-01            7.812319889984e-02            0.028530            0.009498                      
87        3.536287781799e-01            4.667120916849e-02            0.020084            0.006174                      
88        7.780872288429e-01            1.050809724740e-01            0.044278            0.012803                      
89        1.018319467669e+00            1.530946804798e-01            0.056911            0.019496                      
90        6.876204940681e-01            7.835184980950e-02            0.038984            0.011138                      
91        9.701759696445e-02            4.239120238921e-02            0.003392            0.002817                      
92        4.316445997940e-01            2.045492992649e-01            0.019389            0.013922                      
93        4.866562757845e-01            1.311338102736e-01            0.026046            0.010814                      
94        2.278002249277e-01            5.667772377437e-02            0.011936            0.004919                      
95        1.401710966084e+00            1.096747113811e-01            0.080136            0.020551                      
96        6.984936856593e+00            2.442206984859e+00            0.202433            0.166864                      
97        3.494266837297e+00            1.517722479269e+00            0.067860            0.049593                      
98        1.112190892302e+00            5.175836106735e-02            0.063705            0.015513                      
99        1.832172364615e+00            6.465226128897e-02            0.104418            0.025695                      
100       1.008644141071e+00            1.121204769926e-01            0.055053            0.015633                      
101       8.304664929662e-01            2.677257573214e-01            0.019361            0.013201                      
102       6.933801960140e-01            2.529441723247e-02            0.039747            0.009300                      
103       5.577209720051e-01            2.455566870414e-01            0.015470            0.012814                      
104       2.502632149536e-01            4.374214425529e-02            0.013207            0.004819                      
105       6.192409977427e-02            2.758612598211e-02            0.001456            0.001327                      
106       3.799358381369e-01            4.035481246398e-02            0.021599            0.006842                      
107       2.594700027573e-01            1.788155283744e-02            0.014312            0.003739                      
108       4.797594859945e-02            1.844232024454e-02            0.001752            0.001222                      
109       7.943808381773e-02            3.970914081866e-02            0.002104            0.001602                      
110       2.065387033762e-01            5.416231844150e-02            0.004352            0.002908                      
111       8.700701005568e-02            2.601074839474e-02            0.003599            0.001752                      
112       7.929792778873e-01            9.570891605604e-02            0.042598            0.012294                      
1         1.041051018606e-01            3.306581344798e-02            0.004311            0.002027                      
2         1.170843400205e-01            2.541052366770e-02            0.005790            0.003136                      
3         7.647425663074e-02            1.692519294423e-02            0.002770            0.001980                      
4         1.150467444157e-01            3.203012508444e-02            0.005042            0.002873                      
5         8.755418457619e-02            2.119198005429e-02            0.003889            0.002485                      
6         1.033860245075e-01            2.238597616077e-02            0.004143            0.002461                      
7         9.023553981330e-02            9.283783178276e-03            0.003236            0.001662                      
8         9.019138496654e-02            2.523493989048e-02            0.004190            0.002323                      
9         9.568409994980e-02            2.252209009687e-02            0.003968            0.001961                      
10        9.364816372319e-02            1.601971755566e-02            0.003676            0.002353                      
11        1.324038035568e-01            2.272021923416e-02            0.004872            0.002638                      
12        1.124706250475e-01            2.965150044183e-02            0.003002            0.002634                      
13        1.124573577325e-01            3.446236753648e-02            0.004417            0.002466                      
14        9.413620264246e-02            2.928881804904e-02            0.004025            0.003186                      
15        9.927540669939e-02            2.367089098029e-02            0.003040            0.001960                      
16        1.122193918116e-01            4.083636234531e-02            0.004197            0.002420                      
17        1.197731478337e-01            2.225667783235e-02            0.005594            0.002420                      
18        7.152029924496e-02            1.798299520504e-02            0.003404            0.001600                      
19        7.323446778659e-02            1.097702043888e-02            0.003501            0.001284                      
20        8.684526490145e-02            2.098779727455e-02            0.003840            0.002481                      
21        7.968702014751e-02            2.014841409285e-02            0.003683            0.002107                      
22        8.567397275472e-02            1.790205937043e-02            0.003189            0.001913                      
23        8.281436038182e-02            2.028160182943e-02            0.003204            0.001980                      
24        8.436672142816e-02            1.594756727181e-02            0.002543            0.001765                      
25        6.896302155237e-02            1.590915233059e-02            0.002502            0.001816                      
26        7.637177001821e-02            1.716623980547e-02            0.002490            0.001789                      
27        9.410959543754e-02            1.530205778884e-02            0.003338            0.002157                      
28        8.075994299235e-02            1.728711163218e-02            0.002676            0.001799                      
29        6.316925023167e-02            1.524956884777e-02            0.001977            0.001521                      
30        7.907387330454e-02            1.842232478881e-02            0.002814            0.001910                      
31        6.976678397528e-02            2.232664046086e-02            0.002267            0.001682                      
32        6.360043982246e-02            1.153828103012e-02            0.002442            0.001586                      
33        6.119695557260e-02            1.359443265242e-02            0.002651            0.001870                      
34        7.276917499413e-02            1.615721801032e-02            0.002594            0.001410                      
35        7.139468230705e-02            1.910169031495e-02            0.002786            0.002073                      
36        7.604727305531e-02            1.886257437183e-02            0.002853            0.001566                      
37        5.860440689491e-02            8.613997045033e-03            0.001664            0.001224                      
38        6.584588213880e-02            1.102254237967e-02            0.001815            0.001451                      
39        6.058778335933e-02            1.246575261354e-02            0.002084            0.001262                      
40        6.201819937334e-02            1.700340608827e-02            0.002365            0.001304                      
41        7.375166240168e-02            1.746056457267e-02            0.003007            0.002218                      
42        7.776150058849e-02            1.979525344949e-02            0.001833            0.001358                      
43        5.209183493324e-02            1.389391214968e-02            0.001883            0.001197                      
44        6.666608088475e-02            1.753735036109e-02            0.001967            0.001544                      
45        4.147091619566e-02            1.160195372973e-02            0.002016            0.001301                      
46        5.365681172535e-02            1.007785956325e-02            0.001904            0.001069                      
47        4.727746856855e-02            1.218515215081e-02            0.001572            0.001122                      
48        6.304620266474e-02            1.918540606433e-02            0.002919            0.001549                      
49        4.759384069735e-02            1.221852163593e-02            0.001350            0.000993                      
50        5.142328858466e-02            1.032570681635e-02            0.001953            0.001071                      
51        3.993667617233e-02            9.209573344869e-03            0.001641            0.000980                      
52        3.879215910878e-02            1.066634883202e-02            0.001433            0.000758                      
53        6.142848785057e-02            1.383718918648e-02            0.002406            0.001461                      
54        5.200982525590e-02            1.291811905587e-02            0.001596            0.001307                      
55        5.147172644110e-02            1.071126720168e-02            0.001262            0.000965                      
56        6.297827484882e-02            1.600073164578e-02            0.002385            0.001468                      
57        5.746774926890e-02            1.659360387774e-02            0.002154            0.001375                      
58        6.179873015034e-02            1.697107650647e-02            0.002906            0.001492                      
59        5.552861212073e-02            1.159376195584e-02            0.001962            0.001249                      
60        7.872447392979e-02            1.733027603693e-02            0.002952            0.001569                      
61        6.584196376206e-02            1.267102690302e-02            0.002330            0.001362                      
62        5.785783725293e-02            1.113148202833e-02            0.001636            0.001128                      
63        4.404071647269e-02            9.581382497809e-03            0.001861            0.001090                      
64        3.764834631199e-02            7.826150971456e-03            0.001156            0.000967                      
65        4.999271191413e-02            1.194444915196e-02            0.001809            0.001163                      
66        5.416333593328e-02            1.047446844989e-02            0.001154            0.001007                      
67        4.790561746382e-02            1.223278461441e-02            0.002159            0.001095                      
68        5.655199963341e-02            1.366737068047e-02            0.002630            0.001399                      
69        4.599491894914e-02            1.030177858418e-02            0.001669            0.001087                      
70        5.046515813060e-02            1.546253623586e-02            0.001871            0.001104                      
71        3.295980035563e-02            7.600678983373e-03            0.001040            0.000756                      
72        4.969756777778e-02            1.178389093150e-02            0.001551            0.001102                      
73        5.258897146268e-02            1.011240034422e-02            0.002456            0.000982                      
74        4.924973044805e-02            1.382404900681e-02            0.001996            0.001191                      
75        4.228863845362e-02            1.155618727602e-02            0.001288            0.000916                      
76        4.607957885156e-02            1.030988962079e-02            0.001179            0.000930                      
77        3.376641366115e-02            6.926229968719e-03            0.000961            0.000650                      
78        4.417171836379e-02            1.019643227864e-02            0.001754            0.001324                      
79        5.199106330357e-02            1.711684627856e-02            0.002116            0.001155                      
80        4.195413697572e-02            8.928287275004e-03            0.001436            0.000892                      
81        3.480244620841e-02            8.883838744264e-03            0.001329            0.000932                      
82        3.812570688075e-02            6.975882717175e-03            0.000797            0.000573                      
83        4.180106927360e-02            1.252438228706e-02            0.001316            0.000995                      
84        5.111309723750e-02            1.468263605211e-02            0.002428            0.001274                      
85        3.633611557662e-02            9.737624829410e-03            0.001624            0.000927                      
86        3.393434177456e-02            8.835908296673e-03            0.001140            0.000805                      
87        4.411734649316e-02            1.191201011449e-02            0.001030            0.000835                      
88        4.141602349122e-02            7.693746750237e-03            0.001865            0.000923                      
89        3.332678571261e-02            8.578584256710e-03            0.001170            0.000715                      
90        3.536300426593e-02            9.290344952410e-03            0.001330            0.000819                      
91        3.228699493488e-02            7.842480801757e-03            0.001118            0.000700                      
92        3.968609872931e-02            9.260736636032e-03            0.001704            0.001012                      
93        3.464373254054e-02            9.776434868280e-03            0.001501            0.001062                      
94        2.838736588823e-02            5.566010917191e-03            0.000841            0.000553                      
95        3.456174121629e-02            7.408933758123e-03            0.001473            0.000600                      
96        2.905392797407e-02            6.968032305454e-03            0.001027            0.000671                      
97        2.357596040670e-02            3.772758837948e-03            0.000715            0.000506                      
98        2.922159564559e-02            5.241811818009e-03            0.000845            0.000440                      
99        2.487815263896e-02            6.151031528918e-03            0.000741            0.000518                      
100       3.142833750027e-02            5.435425054272e-03            0.001022            0.000473                      
101       5.420464081230e-01            1.491283037100e-01            0.014093            0.008390                      
102       2.570880996399e-01            5.966985045153e-02            0.005175            0.004394                      
103       3.796157931972e-01            7.418813883751e-02            0.010625            0.007470                      
104       5.732782320693e-01            1.348664806887e-01            0.013797            0.008835                      
105       5.877656485227e-01            2.784960965644e-01            0.017495            0.010271                      
106       6.483330850528e-01            1.160317783576e-01            0.015098            0.008601                      
107       2.742793450132e-01            1.097630238946e-01            0.005735            0.004831                      
108       3.617287661659e-01            7.213027553253e-02            0.011284            0.006756                      
109       7.205300286214e-01            1.791212657831e-01            0.023000            0.012847                      
110       4.600915173343e-01            9.617120546667e-02            0.014792            0.007576                      
111       5.641934829834e-01            1.331153268546e-01            0.016596            0.009954                      
112       2.281961288228e-01            4.012729326543e-02            0.005214            0.004019                      
113       4.140089475245e-01            1.017937937914e-01            0.008184            0.005866                      
114       2.080581556070e-01            3.710029345312e-02            0.005208            0.003065                      
115       2.798645942506e-01            7.145041499670e-02            0.007043            0.004483                      
116       4.952666948666e-01            1.786294016611e-01            0.010521            0.009188                      
117       3.877617585936e-01            9.420246626154e-02            0.008758            0.006006                      
118       4.202829641041e-01            4.015500768950e-02            0.006936            0.004738                      
119       3.142447429495e-01            7.025225500679e-02            0.006628            0.004164                      
120       2.701688088219e-01            6.132334963490e-02            0.006143            0.004012                      
121       2.820246435486e-01            5.221870681663e-02            0.010444            0.004429                      
122       1.782691016108e-01            2.348814013030e-02            0.004409            0.002813                      
123       4.678071419523e-01            9.211054203878e-02            0.016266            0.008602                      
124       3.199234742651e-01            7.531280726715e-02            0.008691            0.004847                      
125       2.092699036759e-01            4.984360245862e-02            0.004111            0.003008                      
126       2.058471809302e-01            4.285679365506e-02            0.005288            0.003217                      
127       2.155335135988e-01            4.548993229398e-02            0.006688            0.003799                      
128       1.802178938984e-01            4.601038162416e-02            0.006404            0.003850                      
129       2.615293088217e-01            5.421100195683e-02            0.003872            0.003229                      
130       2.012207326159e-01            5.341463550149e-02            0.004220            0.002857                      
131       2.057593003489e-01            4.614867695541e-02            0.004939            0.003148                      
132       2.546355164818e-01            9.035066480986e-02            0.005866            0.004751                      
133       2.958078424803e-01            7.935923907601e-02            0.008474            0.004625                      
134       2.378290648833e-01            5.228745013290e-02            0.006015            0.005066                      
135       2.538182122438e-01            6.996935203368e-02            0.005011            0.003269                      
136       2.836488392997e-01            5.892532282798e-02            0.007675            0.005414                      
137       3.297034482452e-01            4.660474190652e-02            0.009461            0.004633                      
138       1.715782513034e-01            3.826055355843e-02            0.003883            0.002477                      
139       2.493029666975e-01            7.822501116166e-02            0.006810            0.004704                      
140       2.073232272867e-01            4.370495221531e-02            0.004768            0.002983                      
141       2.241257461679e-01            3.352158473059e-02            0.006973            0.003245                      
142       1.763373583328e-01            3.704271948394e-02            0.006097            0.003243                      
143       1.379113389676e-01            2.668066037287e-02            0.002563            0.001883                      
144       1.776489608173e-01            4.050348674234e-02            0.003688            0.002230                      
145       1.821052038403e-01            4.064718477420e-02            0.003551            0.002578                      
146       1.938989024038e-01            4.515401161942e-02            0.005166            0.003255                      
147       1.597678083921e-01            3.695822597851e-02            0.002854            0.002028                      
148       1.436980104180e-01            3.435509319973e-02            0.003801            0.002119                      
149       1.699309042026e-01            3.796041567936e-02            0.002596            0.002148                      
150       1.401472207614e-01            3.385531864159e-02            0.002813            0.002418                      
151       9.608436337601e-02            1.396707530538e-02            0.003111            0.001720                      
152       1.332042738713e-01            1.764705340965e-02            0.003689            0.002385                      
153       1.508648403209e-01            3.698771924554e-02            0.005770            0.002774                      
154       1.384072600612e-01            2.806758786592e-02            0.002577            0.001838                      
155       1.268579900646e-01            2.668741655051e-02            0.003244            0.002023                      
156       1.466879568220e-01            2.748870579802e-02            0.001980            0.001597                      
157       1.365042600407e-01            2.820256457267e-02            0.003899            0.002576                      
158       1.678027467898e-01            5.089844078659e-02            0.003596            0.002723                      
159       9.738066882147e-02            2.513265818690e-02            0.001880            0.001445                      
160       1.389038694098e-01            1.715049763342e-02            0.002750            0.001798                      
161       1.344443724830e-01            3.544104483520e-02            0.004608            0.002356                      
162       1.160282597081e-01            1.925401845833e-02            0.003644            0.002061                      
163       1.296567448295e-01            3.482880860223e-02            0.004225            0.002376                      
164       1.657594270912e-01            3.202027056421e-02            0.003501            0.002206                      
165       1.590720995597e-01            3.324171022523e-02            0.003491            0.002405                      
166       1.295857415246e-01            3.058189111997e-02            0.002361            0.001766                      
167       1.497936498425e-01            2.316345634960e-02            0.002738            0.001878                      
168       8.725422203536e-02            2.589201360355e-02            0.002126            0.001321                      
169       1.076573749941e-01            3.250019859272e-02            0.002023            0.001640                      
170       9.227867523595e-02            1.910747185442e-02            0.002470            0.001427                      
171       9.575458079577e-02            2.380469215626e-02            0.002132            0.001435                      
172       1.436008002231e-01            4.016436521902e-02            0.003902            0.002651                      
173       1.660091628061e-01            3.378369171755e-02            0.002500            0.001876                      
174       8.525490258488e-02            2.363926467250e-02            0.001830            0.001251                      
175       8.273760219526e-02            2.317817579936e-02            0.002079            0.001348                      
176       1.175897453455e-01            2.341326048487e-02            0.002222            0.001718                      
177       9.142868828452e-02            2.216090905580e-02            0.002130            0.001631                      
178       1.189450477154e-01            2.443386070218e-02            0.002031            0.001510                      
179       1.189945981856e-01            3.813737687907e-02            0.002242            0.001737                      
180       9.080269862478e-02            2.125414107870e-02            0.002461            0.001388                      
181       7.733578105256e-02            2.165860645792e-02            0.001312            0.001124                      
182       1.358089896758e-01            3.004953410694e-02            0.003812            0.002264                      
183       6.938483254215e-02            1.961763414518e-02            0.002401            0.001298                      
184       1.014846015618e-01            3.488749147628e-02            0.002759            0.001892                      
185       8.328726812039e-02            2.174157038307e-02            0.002406            0.001437                      
186       7.384622910781e-02            2.011054468433e-02            0.003015            0.001202                      
187       8.186021397640e-02            2.359265566064e-02            0.001647            0.001328                      
188       7.588153514668e-02            1.973159918816e-02            0.002679            0.001198                      
189       6.253588195091e-02            1.848592263448e-02            0.001301            0.000958                      
190       7.255930612634e-02            1.718177384432e-02            0.001952            0.001410                      
191       1.056616365918e-01            3.028831995386e-02            0.002394            0.001630                      
192       7.073404799008e-02            2.476182269259e-02            0.001815            0.001569                      
193       7.237587455391e-02            1.618991265010e-02            0.001467            0.000997                      
194       9.313552965605e-02            2.849520790212e-02            0.001455            0.001066                      
195       7.310722675801e-02            1.631898075474e-02            0.001337            0.000939                      
196       6.413766919082e-02            1.429514004190e-02            0.001483            0.001024                      
197       6.772840752804e-02            1.411425649619e-02            0.001374            0.001104                      
198       7.171546863080e-02            1.795042528389e-02            0.002008            0.001352                      
199       4.921652187910e-02            1.151117225309e-02            0.001210            0.000694                      
200       5.627252609496e-02            1.288108814460e-02            0.001439            0.000805                      
201       4.552999021567e-02            1.011109610784e-02            0.001021            0.000660                      
202       5.899907517569e-02            1.670028025105e-02            0.001527            0.000916                      
