@    title "Magnitude of Electric Field"
@    xaxis  label "Residues"
@    yaxis  label "MV/cm"
#time     EField_per_residue            Std.Deviation         EField_residue_alignement   Std.Deviation
@type xydy
1         4.831403061800e+00            5.914640552344e-01            0.067116            0.029673                      
2         1.519443120403e+00            5.734335487754e-01            0.019613            0.012323                      
3         2.192155907545e+00            7.435070264236e-01            0.028150            0.016028                      
4         2.539163055456e+00            8.668038787431e-01            0.022410            0.016854                      
5         6.814368986133e+00            1.019740440422e+00            0.057298            0.035167                      
6         2.129406362968e+00            7.297974539559e-01            0.015422            0.014312                      
7         4.727863226888e+00            2.419624289409e+00            0.056632            0.052497                      
8         1.075074610001e+01            2.204073567233e+00            0.058409            0.053900                      
9         1.371389885075e+00            3.796466553213e-01            0.023071            0.010263                      
10        1.131106285653e+01            2.119873084599e+00            0.121616            0.059263                      
11        5.360635971691e+01            1.744556677663e+01            0.293304            0.250377                      
12        2.167776716272e+00            7.583986437241e-01            0.032154            0.017837                      
13        3.793549577767e-01            1.271426837992e-01            0.005562            0.002614                      
14        9.123143218295e+00            2.229570102631e+00            0.100977            0.067811                      
15        3.264155356967e-01            9.000198001666e-02            0.005128            0.002657                      
16        2.957157283681e+00            3.505308806340e-01            0.046414            0.015879                      
17        3.053994545461e-01            6.267118273631e-02            0.005879            0.001582                      
18        4.475861492523e-01            2.882577394950e-01            0.004098            0.004479                      
19        3.359600083749e+00            4.050014776200e-01            0.050640            0.019133                      
20        7.555158874926e+00            1.535901455378e+00            0.083389            0.051969                      
21        2.489061772674e-01            2.013663493672e-01            0.002195            0.002711                      
22        5.151241656487e+00            1.025938424464e+00            0.035505            0.028966                      
23        4.005213389352e-01            1.071307101811e-01            0.002810            0.002527                      
24        4.335523117590e-01            2.286184833803e-01            0.004958            0.004184                      
25        6.710182733780e-01            2.501673020467e-01            0.009829            0.004891                      
26        1.506028467867e+00            6.368060515615e-01            0.018336            0.016746                      
27        2.306381927686e+00            6.928500793789e-01            0.037827            0.014188                      
28        1.313210281917e+00            3.977440800133e-01            0.012745            0.008069                      
29        1.271903173457e+01            7.068386853219e+00            0.155718            0.103260                      
30        1.268360305435e+01            7.447422192272e+00            0.151388            0.117337                      
31        7.553725452828e+00            3.193932880089e+00            0.104969            0.064875                      
32        2.132469329294e+00            1.445831247077e+00            0.029161            0.024761                      
33        7.475719221510e-01            2.351933276064e-01            0.005976            0.005314                      
34        3.708938657637e-01            1.387411561619e-01            0.003465            0.002742                      
35        5.868808975222e+00            1.720459110776e+00            0.060219            0.030352                      
36        2.476311915156e-01            6.501067965902e-02            0.002516            0.002042                      
37        1.214726146081e-01            2.794945491214e-02            0.001242            0.000947                      
38        2.272366855219e-01            4.993526021729e-02            0.004319            0.001422                      
39        2.271414896502e-01            4.101327868071e-02            0.004263            0.001164                      
40        2.685286781996e-01            7.977866138668e-02            0.004497            0.002149                      
41        2.178676795472e-01            4.833249965286e-02            0.002771            0.001407                      
42        3.357299092418e-01            7.658318188925e-02            0.004830            0.002231                      
43        2.514373515017e+00            2.449225074641e-01            0.049358            0.012028                      
44        2.295994303871e-01            5.829188043444e-02            0.001741            0.001342                      
45        4.948725087037e+00            9.868925181926e-01            0.081943            0.026929                      
46        3.154058500237e-01            8.423876037681e-02            0.002554            0.001631                      
47        3.220218021046e+00            3.473908658263e-01            0.061587            0.015653                      
48        3.569188595284e+00            7.683737560618e-01            0.060275            0.019854                      
49        3.865122147937e-01            1.115344572399e-01            0.006075            0.002588                      
50        2.903506043036e-01            6.118039701846e-02            0.004348            0.001507                      
51        1.916907078855e-01            4.544719193294e-02            0.003531            0.001183                      
52        3.474403305046e+00            3.405231343860e-01            0.058348            0.018858                      
53        1.625411982027e-01            4.805887768743e-02            0.002404            0.001192                      
54        2.067150303226e-01            3.548574050137e-02            0.001589            0.001194                      
55        1.965728730174e-01            5.786941065268e-02            0.001874            0.001358                      
56        2.538564492937e-01            4.235984474718e-02            0.002259            0.001860                      
57        1.361140351825e-01            3.226210329268e-02            0.001353            0.000950                      
58        2.247375919721e-01            7.937920698201e-02            0.003227            0.001840                      
59        7.566832668602e-01            1.655771438297e-01            0.011105            0.004417                      
60        3.778697229130e+00            7.312401913655e-01            0.025753            0.021094                      
61        4.815204946201e+00            5.304563043727e-01            0.040930            0.028147                      
62        5.190548741943e+00            6.841866998652e-01            0.080232            0.029322                      
63        2.261590613529e+00            6.879352063580e-01            0.026608            0.014190                      
64        9.006320356415e+00            1.482414070998e+00            0.049436            0.043381                      
65        4.656519736343e+00            6.750080851730e-01            0.061638            0.028072                      
66        3.273225555610e+00            1.398930364321e+00            0.019390            0.018257                      
67        7.582681330873e+00            4.805896070043e+00            0.043051            0.032248                      
68        3.050456407504e+00            1.022074715746e+00            0.032919            0.020001                      
69        2.663238476213e+00            1.119500390593e+00            0.037422            0.023280                      
70        3.846796325561e+01            1.350829645909e+01            0.545470            0.266424                      
71        4.517016587245e+00            2.336713331612e+00            0.031182            0.025147                      
72        8.538634984538e+00            1.530269160971e+00            0.059562            0.041195                      
73        2.687077096720e+00            8.624078999140e-01            0.014370            0.016790                      
74        2.908466983763e+00            1.069135827171e+00            0.021326            0.012985                      
75        1.410146607365e+00            4.844071106347e-01            0.008510            0.007169                      
76        7.541900566576e+00            1.636133875281e+00            0.029705            0.027869                      
77        1.217670022252e+00            3.001820413710e-01            0.010111            0.005827                      
78        8.715423343272e-01            2.040894671389e-01            0.010979            0.005862                      
79        4.784717173014e-01            1.004517516023e-01            0.004617            0.002493                      
80        6.685641535546e+00            1.083115437302e+00            0.033036            0.028026                      
81        5.349477428890e-01            9.835389507728e-02            0.003442            0.003030                      
82        1.339367763067e-01            1.972313135630e-02            0.001357            0.001017                      
83        2.775826337567e+00            3.286484318236e-01            0.028850            0.016274                      
84        2.427067153837e-01            4.504495633338e-02            0.002575            0.001886                      
85        2.773581265793e+00            3.450091473113e-01            0.034194            0.016004                      
86        1.282266432228e-01            3.254506063702e-02            0.002022            0.001203                      
87        1.972003402387e-01            3.799314120248e-02            0.001107            0.000863                      
88        3.454244418710e-01            1.083347481739e-01            0.004975            0.003972                      
89        3.154977001353e+00            4.783672954321e-01            0.054287            0.024085                      
90        1.927210766674e-01            4.822813978842e-02            0.002185            0.001415                      
91        1.275122407750e-01            2.898156282010e-02            0.001276            0.001076                      
92        3.468363245068e+00            3.410729486024e-01            0.070994            0.024529                      
93        4.655991516579e-01            9.718843156913e-02            0.009512            0.004496                      
94        5.746031848861e-01            1.112162085623e-01            0.011675            0.004874                      
95        2.395127900697e+00            1.632414014724e-01            0.047832            0.014686                      
96        3.429269830164e+00            5.522400298972e-01            0.062093            0.025707                      
97        1.562106260930e+00            4.363519798502e-01            0.031886            0.017406                      
98        1.296846900223e+00            3.031563450423e-01            0.022460            0.010982                      
99        1.376445859337e+00            3.294367357004e-01            0.017936            0.011867                      
100       4.003363003298e+00            1.339976042498e+00            0.052175            0.042321                      
101       1.029160797723e+01            3.769930068345e+00            0.130288            0.094925                      
102       1.772474340558e+00            6.121857530608e-01            0.014084            0.013653                      
103       2.782060141854e+00            8.230705353605e-01            0.039530            0.025150                      
104       1.241149152619e+01            6.666302593097e+00            0.202762            0.113076                      
105       1.767922606698e+01            9.961242823204e+00            0.208793            0.162622                      
106       2.234590461523e+00            7.546285954716e-01            0.034992            0.019353                      
107       2.114342092289e+00            7.635370662135e-01            0.015773            0.013518                      
108       7.702042143097e+00            1.297132952805e+00            0.042572            0.035514                      
109       7.815461814211e-01            3.718172485182e-01            0.003806            0.003198                      
110       8.393267933296e-01            2.225889531624e-01            0.004055            0.003533                      
111       7.083449817942e-01            1.518846826899e-01            0.004976            0.004124                      
112       3.762423936493e-01            7.730913160079e-02            0.001798            0.001650                      
113       3.802806453609e-01            7.259598401486e-02            0.002422            0.001974                      
114       1.876282663313e-01            6.662507504690e-02            0.001106            0.000895                      
115       1.419324453336e-01            5.329248079198e-02            0.002178            0.001596                      
116       2.162850588147e-01            6.430291346440e-02            0.001848            0.001779                      
117       1.934293107892e-01            5.494944814666e-02            0.002360            0.001479                      
118       1.726868815666e-01            2.969460845146e-02            0.001220            0.001093                      
119       1.823381752526e+00            1.418425019989e-01            0.024013            0.011272                      
120       1.778676411377e-01            3.382884939064e-02            0.001221            0.001076                      
121       1.786877373416e-01            2.790722397048e-02            0.001361            0.001271                      
122       1.571973728544e-01            7.019248468220e-02            0.001787            0.001256                      
123       1.249963661333e-01            7.154391676750e-02            0.001359            0.001402                      
124       2.099322009057e+00            2.599439998438e-01            0.041168            0.014376                      
125       1.541040229420e+00            1.302933666619e-01            0.026010            0.009847                      
126       2.655775233856e-01            4.225606786251e-02            0.003832            0.001911                      
127       2.285685427909e+00            2.733651693502e-01            0.037324            0.014611                      
128       1.719039280215e+00            1.527812501333e-01            0.026354            0.010659                      
129       1.722163838530e-01            3.334718173691e-02            0.000987            0.000917                      
130       2.010770284752e-01            4.223884869729e-02            0.001050            0.001016                      
131       1.542744516972e-01            3.714434560315e-02            0.000839            0.000861                      
132       2.641116592750e-01            4.945529420991e-02            0.003391            0.002173                      
133       2.827100843760e-01            7.823504310279e-02            0.001855            0.001750                      
134       1.889122210109e-01            5.904796660319e-02            0.001399            0.001174                      
135       2.643889045225e+00            5.077953270500e-01            0.023267            0.015651                      
136       4.457724843514e-01            1.784953744560e-01            0.002309            0.002353                      
137       7.635497766680e+00            2.602387162394e+00            0.048982            0.052459                      
138       1.378955556007e+00            6.605973007089e-01            0.010707            0.009247                      
139       3.812599510900e-01            1.226112209131e-01            0.002464            0.002386                      
140       4.732323543004e-01            2.225546165433e-01            0.002524            0.002563                      
141       9.702442989811e-01            5.594697200934e-01            0.006519            0.005667                      
142       1.050573181933e+00            3.573483825483e-01            0.005567            0.005355                      
143       3.606972047887e-01            8.935899111065e-02            0.005886            0.002191                      
144       6.205893609315e-01            2.107060688550e-01            0.008474            0.004842                      
145       3.030777040377e+01            9.278306474952e+00            0.201350            0.126224                      
146       4.664365243572e-01            1.156962146864e-01            0.008340            0.004117                      
147       3.404026066656e+00            3.971159034168e-01            0.029741            0.014905                      
148       7.797296632343e+00            1.263452917118e+00            0.074469            0.033295                      
149       6.810524265778e-01            1.595856497978e-01            0.004962            0.003696                      
150       3.549817859518e-01            7.322250442682e-02            0.001928            0.001884                      
151       3.744973505402e-01            1.144582061163e-01            0.003945            0.002272                      
152       4.800249085022e-01            1.142022523133e-01            0.006288            0.003905                      
153       3.099544770226e-01            6.801396660166e-02            0.003436            0.002224                      
154       2.513869534354e+00            2.387973820153e-01            0.040593            0.014989                      
155       1.034506638290e-01            4.062085461235e-02            0.000802            0.000731                      
156       2.076852509966e-01            3.774337208438e-02            0.002724            0.001545                      
157       2.833980139849e-01            6.720405741507e-02            0.004527            0.002027                      
158       4.419925276378e-01            9.086906652318e-02            0.004713            0.002453                      
159       2.496398329879e+00            2.256379676496e-01            0.039695            0.013311                      
160       2.301885749139e-01            4.019885265939e-02            0.003729            0.002081                      
161       4.810739757867e-01            2.533151567147e-01            0.005222            0.004608                      
162       2.846929893497e+00            3.473872888115e-01            0.043217            0.015726                      
163       3.356099214155e-01            1.523026742551e-01            0.003771            0.003574                      
164       2.167792045180e+00            2.087565462116e-01            0.028788            0.011903                      
