@    title "Magnitude of Electric Field"
@    xaxis  label "Residues"
@    yaxis  label "MV/cm"
#time     EField_per_residue            Std.Deviation         EField_residue_alignement   Std.Deviation
@type xydy
21        1.664242755583e+00            6.083942060499e-01            0.038196            0.023627                      
22        1.888794046692e+00            1.766239715807e-01            0.077077            0.015005                      
23        7.266125758047e+00            3.383619132091e-01            0.293657            0.060368                      
24        4.660322195350e-01            2.317557561919e-02            0.019226            0.003858                      
25        4.437951473632e-01            5.018232988810e-02            0.017526            0.004351                      
26        4.653670446155e-01            1.506633971348e-02            0.019353            0.003836                      
27        4.461059891898e-01            3.328631669409e-02            0.018392            0.003776                      
28        4.181138768780e-01            2.193319626518e-02            0.017330            0.003332                      
29        3.172527017554e-01            1.390815710639e-02            0.013167            0.002605                      
30        1.645930097484e-01            2.269827737389e-02            0.006599            0.001498                      
31        6.280185252179e-01            3.108708045039e-02            0.025816            0.005079                      
32        2.267203398154e-01            1.671964040403e-02            0.009395            0.001968                      
33        7.476437625865e-02            1.277116133367e-02            0.002960            0.000786                      
34        1.340695845944e-01            3.672857445665e-02            0.005054            0.001990                      
35        7.594369090022e-02            1.708908646542e-02            0.003031            0.000984                      
36        4.893258585226e-02            1.087704497084e-02            0.001969            0.000629                      
37        1.824571712252e-01            3.894181270871e-02            0.007035            0.002214                      
38        2.473052749125e-01            1.214901069904e-02            0.010299            0.002017                      
39        2.862453267476e-02            1.211783494473e-02            0.000938            0.000570                      
40        3.225954907340e-02            7.372494023041e-03            0.001291            0.000410                      
41        1.631818547652e-01            9.295531865852e-03            0.006796            0.001324                      
42        3.874242479818e-02            1.844079402429e-02            0.001470            0.000864                      
43        1.629367451274e-01            9.990500063796e-03            0.006751            0.001345                      
44        1.462283803712e-01            9.435399165691e-03            0.006046            0.001128                      
45        1.129588367403e-01            7.958180134559e-03            0.004699            0.000930                      
46        4.511363952203e+00            3.982545104079e-02            0.188111            0.035961                      
47        1.743645030523e-02            7.333777448047e-03            0.000653            0.000363                      
48        1.559968184179e-01            7.999585713692e-03            0.006507            0.001286                      
49        3.538353590908e+00            2.095159774793e-02            0.147507            0.028179                      
50        2.286851279139e-01            5.775025090684e-03            0.009517            0.001830                      
51        2.456904291473e-01            5.119916402680e-03            0.010231            0.001953                      
52        4.706255035149e+00            2.867612214763e-02            0.196198            0.037493                      
53        3.291290570348e-01            8.236644169485e-03            0.013714            0.002606                      
54        4.092253507400e-01            8.808829621019e-03            0.017049            0.003272                      
55        6.000422968874e-01            1.876753640923e-02            0.025020            0.004871                      
56        5.436432808022e-01            1.492213755998e-02            0.022656            0.004351                      
57        5.495362636501e-01            2.274189403746e-02            0.022912            0.004426                      
58        8.732737290613e-01            1.613567324594e-02            0.036378            0.006944                      
59        9.001948868843e-01            3.057874889687e-02            0.037545            0.007260                      
60        9.378746918328e-01            4.491552057716e-02            0.039070            0.007717                      
61        1.468115550087e+00            6.521075513244e-02            0.061205            0.011586                      
62        1.122181469478e+00            1.405050896303e-01            0.046571            0.010026                      
63        1.576508796492e+00            1.552937079940e-01            0.065546            0.013276                      
64        1.183614775889e-01            4.805155986343e-02            0.004661            0.002265                      
65        3.434135645823e-02            1.696570761534e-02            0.001124            0.000828                      
66        4.634300338755e-02            2.560075776925e-02            0.001619            0.001262                      
67        1.709590444285e-01            1.395386380873e-02            0.007084            0.001433                      
68        6.739215077937e+00            6.054720104817e-02            0.280944            0.053515                      
69        2.371187350373e-01            8.282711585859e-03            0.009860            0.001906                      
70        3.618253955826e-01            2.822574790577e-02            0.015071            0.003148                      
71        1.852066656057e-02            8.506431185876e-03            0.000528            0.000404                      
72        1.805589661201e-01            3.534286864012e-02            0.007422            0.002169                      
73        1.773565744377e-01            1.400450962705e-02            0.007387            0.001482                      
74        3.867715714441e+00            3.924610246986e-02            0.161250            0.030849                      
75        1.851515798593e-01            7.955936963006e-03            0.007708            0.001481                      
76        1.978415869512e-01            7.310738901517e-03            0.008237            0.001606                      
77        4.531228911197e+00            4.319286501688e-02            0.188902            0.036119                      
78        2.769169434794e-01            1.318958206689e-02            0.011520            0.002254                      
79        2.701720784825e-01            1.340834953369e-02            0.011242            0.002214                      
80        4.350829470975e-01            1.856933355315e-02            0.018118            0.003560                      
81        5.450035675694e-01            1.920990570101e-02            0.022689            0.004389                      
82        4.428832748066e-01            2.768437311188e-02            0.018442            0.003815                      
83        6.160958674454e-01            3.532515914628e-02            0.025695            0.005271                      
84        6.617518811755e-01            5.229261770461e-02            0.027605            0.006016                      
85        7.010042942631e-01            7.770123129747e-02            0.029323            0.007160                      
86        4.211149236476e-01            8.825582348187e-02            0.017297            0.006063                      
87        2.550777691623e-01            6.258582237563e-02            0.010125            0.003750                      
88        9.303379434051e-01            1.586137619725e-01            0.037933            0.010315                      
89        8.994002470704e-01            2.130393207794e-01            0.035248            0.013515                      
90        4.098747191433e-01            9.076706067966e-02            0.015809            0.005682                      
91        4.770647229450e-01            9.310662981357e-02            0.019185            0.005766                      
92        9.351501765091e-01            3.652019708443e-01            0.028281            0.018739                      
93        3.897010093786e-01            1.472287944051e-01            0.010215            0.006524                      
94        8.843022997910e-01            7.468864439978e-02            0.036431            0.007753                      
95        2.336032514063e+00            1.349951438432e-01            0.096765            0.019099                      
96        1.037558941403e+01            3.227656096192e+00            0.243141            0.189697                      
97        9.492098893431e+00            8.466213578031e-01            0.384448            0.100500                      
98        1.327647443038e+00            5.801454986405e-02            0.055158            0.010596                      
99        1.438424474919e+00            7.341580767415e-02            0.059340            0.011921                      
100       2.284019301468e-01            9.763275225737e-02            0.003679            0.003037                      
101       7.665397501258e-01            2.695981843109e-01            0.008392            0.006352                      
102       5.776924633736e-01            3.092035182766e-02            0.023992            0.004735                      
103       6.908088023111e-01            3.036400308783e-01            0.010439            0.008246                      
104       1.983245890421e-01            4.475020634725e-02            0.007517            0.002422                      
105       1.611898502144e-01            2.650110023339e-02            0.006285            0.001704                      
106       2.118156681493e-01            3.533651841271e-02            0.008155            0.002862                      
107       1.147973146948e-01            2.102707121349e-02            0.004268            0.001234                      
108       1.622201116562e-01            2.247564492866e-02            0.006651            0.001705                      
109       9.850355308041e-02            3.956965982976e-02            0.003292            0.002097                      
110       2.305401288040e-01            5.654482373217e-02            0.003755            0.002481                      
111       6.344929140082e-02            2.779294020796e-02            0.000845            0.000707                      
112       1.379122659068e+00            1.009951522594e-01            0.056564            0.011602                      
1         1.239824547962e-01            3.989403102511e-02            0.003685            0.001823                      
2         1.406565865715e-01            3.096587310533e-02            0.004900            0.002486                      
3         8.998043404911e-02            2.086804331160e-02            0.002218            0.001676                      
4         1.367226809970e-01            3.847008364928e-02            0.003902            0.002400                      
5         1.026620937551e-01            2.546129997318e-02            0.002973            0.002033                      
6         1.235452994636e-01            2.706361433090e-02            0.003527            0.001986                      
7         1.086720912583e-01            1.089846709534e-02            0.002810            0.001239                      
8         1.062267967240e-01            3.051561031623e-02            0.003256            0.001827                      
9         1.135066178357e-01            2.722545131763e-02            0.003371            0.001675                      
10        1.130264606619e-01            2.015438522091e-02            0.003386            0.001867                      
11        1.582198679028e-01            2.713271458394e-02            0.004474            0.001997                      
12        1.330078096663e-01            3.593319837038e-02            0.002750            0.001929                      
13        1.343292222700e-01            4.022986763434e-02            0.003645            0.001926                      
14        1.099133608647e-01            3.474536159234e-02            0.003236            0.002528                      
15        1.169736505504e-01            2.830695916462e-02            0.002714            0.001733                      
16        1.330170365090e-01            4.916781161137e-02            0.003813            0.001948                      
17        1.430014779472e-01            2.664738521148e-02            0.004168            0.001995                      
18        8.265194930998e-02            2.068503632262e-02            0.002717            0.001081                      
19        8.282037500904e-02            1.218205756480e-02            0.002444            0.001041                      
20        1.021232010282e-01            2.562355794699e-02            0.003364            0.001922                      
21        9.322674122617e-02            2.393518203077e-02            0.002983            0.001730                      
22        9.909594553667e-02            2.067250279368e-02            0.002289            0.001418                      
23        9.617993610938e-02            2.385979622931e-02            0.002912            0.001450                      
24        9.871047083707e-02            1.906595525797e-02            0.002295            0.001479                      
25        8.060383884467e-02            1.931046202068e-02            0.002188            0.001402                      
26        8.971173594640e-02            2.066943694835e-02            0.001833            0.001316                      
27        1.120849411716e-01            1.809306476741e-02            0.002564            0.001701                      
28        9.305375590525e-02            2.034889748780e-02            0.002404            0.001343                      
29        7.206543426674e-02            1.734739243560e-02            0.001702            0.001185                      
30        9.123587340508e-02            2.168163595689e-02            0.002388            0.001450                      
31        7.951384178660e-02            2.568149592847e-02            0.001916            0.001303                      
32        7.270228364178e-02            1.383742162616e-02            0.002044            0.001140                      
33        7.000820772680e-02            1.602952152661e-02            0.002034            0.001507                      
34        8.370132860406e-02            1.847183892993e-02            0.002257            0.001100                      
35        8.220951291902e-02            2.246755507303e-02            0.002411            0.001584                      
36        8.735925388495e-02            2.268894971336e-02            0.002307            0.001201                      
37        6.704479135587e-02            1.022637828378e-02            0.001387            0.000997                      
38        7.622249172344e-02            1.298974391071e-02            0.001704            0.001173                      
39        6.893529243749e-02            1.436010772680e-02            0.001515            0.000909                      
40        6.954001839447e-02            1.904976092644e-02            0.001723            0.001015                      
41        8.482490334253e-02            2.043272158318e-02            0.002276            0.001836                      
42        8.744454177160e-02            2.201289842183e-02            0.001709            0.001012                      
43        5.806347086419e-02            1.539378091897e-02            0.001294            0.000832                      
44        7.580848935194e-02            2.014016806310e-02            0.001510            0.001102                      
45        4.661465151498e-02            1.349556546661e-02            0.001571            0.001069                      
46        6.110127603258e-02            1.173867831564e-02            0.001722            0.000843                      
47        5.288096959913e-02            1.391429640746e-02            0.001150            0.000825                      
48        7.187499322825e-02            2.174111056116e-02            0.002445            0.001083                      
49        5.312053292505e-02            1.365409017577e-02            0.001088            0.000756                      
50        5.712902590391e-02            1.157406279248e-02            0.001551            0.000799                      
51        4.469972635599e-02            1.041041485853e-02            0.001310            0.000749                      
52        4.274803285281e-02            1.164211328225e-02            0.001186            0.000613                      
53        6.919892282507e-02            1.568381626626e-02            0.001836            0.001102                      
54        5.885288407033e-02            1.499341374172e-02            0.001216            0.000930                      
55        5.795159225412e-02            1.274594678973e-02            0.000956            0.000715                      
56        7.113042881346e-02            1.811206960284e-02            0.002105            0.001068                      
57        6.495145243810e-02            1.878361026483e-02            0.001723            0.000970                      
58        7.053939193846e-02            1.964521992501e-02            0.002242            0.001139                      
59        6.260813084723e-02            1.333562461411e-02            0.001451            0.000992                      
60        8.956709899478e-02            1.997656331852e-02            0.002601            0.001161                      
61        7.532954899365e-02            1.471536348066e-02            0.001982            0.001043                      
62        6.506210902728e-02            1.279622847595e-02            0.001308            0.000878                      
63        4.962597307193e-02            1.123516093274e-02            0.001490            0.000862                      
64        4.186312112648e-02            9.041872732482e-03            0.000905            0.000781                      
65        5.546440624628e-02            1.329817331986e-02            0.001406            0.000828                      
66        6.000697333522e-02            1.176928588941e-02            0.000963            0.000729                      
67        5.364339080618e-02            1.373923458273e-02            0.001584            0.000849                      
68        6.351795206101e-02            1.543095711022e-02            0.001940            0.001021                      
69        5.115107972528e-02            1.155534622438e-02            0.001336            0.000829                      
70        5.627741045183e-02            1.742916440410e-02            0.001580            0.000816                      
71        3.640019322407e-02            8.545407134444e-03            0.000753            0.000508                      
72        5.525623088574e-02            1.323139636178e-02            0.001337            0.000833                      
73        5.824388845482e-02            1.132868221493e-02            0.001587            0.000878                      
74        5.584512059068e-02            1.614362111307e-02            0.001593            0.000894                      
75        4.691990067693e-02            1.276563928858e-02            0.001087            0.000712                      
76        5.121416142832e-02            1.166339033626e-02            0.000964            0.000714                      
77        3.713078499972e-02            7.716846615517e-03            0.000813            0.000513                      
78        4.924344623345e-02            1.136198965424e-02            0.001399            0.000882                      
79        5.819507909378e-02            1.965963915882e-02            0.001573            0.000837                      
80        4.597674591704e-02            9.748770209694e-03            0.000883            0.000585                      
81        3.823981813604e-02            1.004375866455e-02            0.001030            0.000701                      
82        4.171407731623e-02            7.511333177718e-03            0.000572            0.000388                      
83        4.606156461079e-02            1.398396753628e-02            0.001011            0.000757                      
84        5.678036378667e-02            1.666367862451e-02            0.001736            0.000860                      
85        3.998539500762e-02            1.081755744908e-02            0.001214            0.000633                      
86        3.756953805685e-02            1.006666227661e-02            0.000913            0.000618                      
87        4.788340018419e-02            1.309786546292e-02            0.000840            0.000554                      
88        4.495627020234e-02            8.588342705028e-03            0.001184            0.000762                      
89        3.631021192371e-02            9.469197213817e-03            0.000929            0.000498                      
90        3.907258269288e-02            1.036701504733e-02            0.001048            0.000550                      
91        3.526740741398e-02            8.626175621839e-03            0.000961            0.000503                      
92        4.376189079895e-02            1.064556455511e-02            0.001321            0.000705                      
93        3.836619567469e-02            1.122700692871e-02            0.001232            0.000827                      
94        3.072379148439e-02            6.014059915511e-03            0.000592            0.000374                      
95        3.740637831643e-02            7.996230502647e-03            0.000900            0.000460                      
96        3.145866512387e-02            7.640114960909e-03            0.000810            0.000493                      
97        2.539261587825e-02            4.128437572981e-03            0.000515            0.000356                      
98        3.165957294131e-02            5.630394490415e-03            0.000688            0.000351                      
99        2.672408658728e-02            6.677875645893e-03            0.000536            0.000377                      
100       3.368227514425e-02            5.764421898678e-03            0.000630            0.000313                      
101       5.107755870985e-01            1.408703372155e-01            0.009031            0.006019                      
102       2.490460730287e-01            6.376831707490e-02            0.002562            0.001990                      
103       3.680228818806e-01            6.990280385249e-02            0.006258            0.004643                      
104       5.321669406859e-01            1.262861522001e-01            0.006802            0.005206                      
105       5.256624895847e-01            2.195862656220e-01            0.011930            0.007879                      
106       6.302048626711e-01            1.233037150831e-01            0.009523            0.006014                      
107       2.626447756815e-01            1.039397095059e-01            0.004078            0.003452                      
108       3.487395926146e-01            7.463119694270e-02            0.007148            0.003837                      
109       6.793939134996e-01            1.802782446542e-01            0.012197            0.007696                      
110       4.276070178078e-01            8.710270740856e-02            0.009654            0.004841                      
111       5.359293390268e-01            1.320078026448e-01            0.010904            0.005779                      
112       2.315484050021e-01            4.292328175875e-02            0.003340            0.002535                      
113       4.004943598720e-01            1.018799442880e-01            0.004956            0.003480                      
114       2.087445992808e-01            3.608351379788e-02            0.002412            0.001819                      
115       2.678029790885e-01            6.803385152886e-02            0.003657            0.002881                      
116       4.713170914652e-01            1.750436329514e-01            0.007244            0.005066                      
117       3.629048168078e-01            9.136110838943e-02            0.006594            0.004520                      
118       4.147447757903e-01            3.666923381736e-02            0.004574            0.003351                      
119       3.095638015528e-01            6.594795917125e-02            0.003043            0.002166                      
120       2.575567889072e-01            5.713619667427e-02            0.003565            0.002575                      
121       2.685375485247e-01            4.696500037058e-02            0.005398            0.003213                      
122       1.743969758075e-01            2.190610364160e-02            0.003681            0.001939                      
123       4.591830089794e-01            9.701762605733e-02            0.009140            0.005548                      
124       3.056293124597e-01            7.700630408920e-02            0.005650            0.003184                      
125       2.037239697835e-01            4.978396859635e-02            0.002555            0.002044                      
126       2.041908409666e-01            4.288239190793e-02            0.002632            0.001932                      
127       2.060575452320e-01            4.243665424514e-02            0.004361            0.002376                      
128       1.724626969912e-01            4.104985269813e-02            0.004170            0.002253                      
129       2.508058673732e-01            5.374712497534e-02            0.002838            0.002223                      
130       1.913750938200e-01            5.015924323465e-02            0.002934            0.001953                      
131       2.021138499208e-01            4.465681989445e-02            0.002590            0.001897                      
132       2.486629440027e-01            8.929255747599e-02            0.003582            0.002663                      
133       2.751104616931e-01            7.222767378988e-02            0.005464            0.002882                      
134       2.361561139668e-01            5.414091561091e-02            0.003984            0.002991                      
135       2.377418288060e-01            6.403990982713e-02            0.003923            0.002330                      
136       2.679438911469e-01            5.454581644902e-02            0.005763            0.003418                      
137       3.168629769102e-01            4.801612018967e-02            0.005768            0.003327                      
138       1.668611617258e-01            3.684642431258e-02            0.002738            0.001854                      
139       2.390781929958e-01            7.679796989644e-02            0.003565            0.002587                      
140       2.028519617487e-01            4.228002225062e-02            0.002719            0.001915                      
141       2.270975869566e-01            3.388385230242e-02            0.002825            0.001837                      
142       1.684533194271e-01            3.403986803245e-02            0.004013            0.002165                      
143       1.365627093505e-01            2.666993103258e-02            0.001314            0.001012                      
144       1.754995417832e-01            4.147003598420e-02            0.001478            0.001135                      
145       1.723988944889e-01            3.795865607733e-02            0.003114            0.001819                      
146       1.881273807304e-01            4.268760485008e-02            0.003231            0.002238                      
147       1.547876783971e-01            3.620771142152e-02            0.001835            0.001297                      
148       1.429723553176e-01            3.503053747058e-02            0.001630            0.001127                      
149       1.694761201557e-01            3.526545255200e-02            0.001694            0.001316                      
150       1.405133297136e-01            3.613089812285e-02            0.002072            0.001592                      
151       9.347190679364e-02            1.316936004230e-02            0.002265            0.001064                      
152       1.295608847333e-01            1.630676167276e-02            0.002743            0.001705                      
153       1.419608756514e-01            3.350618801167e-02            0.003502            0.001895                      
154       1.350877940399e-01            2.762199745108e-02            0.001458            0.001113                      
155       1.227374454312e-01            2.551363936956e-02            0.002230            0.001333                      
156       1.470966969962e-01            2.765679719666e-02            0.001421            0.000990                      
157       1.323566376389e-01            2.824743809483e-02            0.002595            0.001547                      
158       1.641414033410e-01            5.096244309740e-02            0.002131            0.001626                      
159       9.619199551590e-02            2.516757377003e-02            0.001029            0.000782                      
160       1.389027018577e-01            1.790054967463e-02            0.001565            0.001066                      
161       1.279139571273e-01            3.450529281561e-02            0.002778            0.001579                      
162       1.126814189897e-01            1.844820349378e-02            0.002438            0.001324                      
163       1.224693204169e-01            3.234237868167e-02            0.002949            0.001639                      
164       1.611703356926e-01            3.098334568022e-02            0.001760            0.001249                      
165       1.538133737203e-01            3.270122662123e-02            0.002049            0.001490                      
166       1.263177693839e-01            2.924687223761e-02            0.001908            0.001311                      
167       1.454546828720e-01            2.289597446925e-02            0.001586            0.001068                      
168       8.455426164008e-02            2.428699056427e-02            0.001224            0.000864                      
169       1.045212316441e-01            3.199323326367e-02            0.001515            0.000997                      
170       9.161230929480e-02            1.879489473563e-02            0.001366            0.000883                      
171       9.272618175605e-02            2.220257320463e-02            0.001438            0.000984                      
172       1.359966275922e-01            3.771236908158e-02            0.003073            0.001864                      
173       1.618143285316e-01            3.303814486496e-02            0.001569            0.001132                      
174       8.270863398566e-02            2.284700495545e-02            0.001409            0.000859                      
175       8.223157694638e-02            2.355232404685e-02            0.001200            0.000822                      
176       1.174720618882e-01            2.372220460050e-02            0.001356            0.001002                      
177       8.892119892458e-02            2.102441031285e-02            0.001335            0.001121                      
178       1.171938561616e-01            2.396773131665e-02            0.001339            0.000950                      
179       1.141531724673e-01            3.639504531685e-02            0.001728            0.001228                      
180       8.962695606478e-02            2.100170185928e-02            0.001217            0.000827                      
181       7.610684408326e-02            2.098417611926e-02            0.000889            0.000778                      
182       1.304296981812e-01            2.739900460429e-02            0.002390            0.001463                      
183       6.686389679019e-02            1.868566595921e-02            0.001451            0.000831                      
184       9.959698668280e-02            3.476213417656e-02            0.001764            0.001176                      
185       8.044288426096e-02            2.110010813253e-02            0.001626            0.000995                      
186       7.046306657925e-02            1.942741797733e-02            0.001874            0.000717                      
187       7.967901618159e-02            2.397115719432e-02            0.001181            0.000878                      
188       7.178455986716e-02            1.879060860603e-02            0.001763            0.000715                      
189       6.035886153938e-02            1.812766422374e-02            0.000974            0.000653                      
190       7.032491159280e-02            1.648643289222e-02            0.001254            0.000854                      
191       1.032645721924e-01            2.958891821372e-02            0.001377            0.000982                      
192       6.941459197673e-02            2.310393689695e-02            0.001126            0.000833                      
193       7.067713239476e-02            1.552460157988e-02            0.000815            0.000666                      
194       9.063403403527e-02            2.803185450833e-02            0.000873            0.000640                      
195       7.162549661996e-02            1.614925265863e-02            0.000825            0.000563                      
196       6.457661103026e-02            1.474465117855e-02            0.001038            0.000635                      
197       6.622501886358e-02            1.391041981055e-02            0.001011            0.000692                      
198       6.953089912426e-02            1.719254488583e-02            0.001400            0.000911                      
199       4.828184835446e-02            1.116386259010e-02            0.000735            0.000447                      
200       5.447002927735e-02            1.288852378880e-02            0.000987            0.000553                      
201       4.484657102438e-02            1.019766718695e-02            0.000594            0.000415                      
202       5.717302936198e-02            1.603199684076e-02            0.001014            0.000582                      
