@    title "Electric Field"
@    xaxis  label "Time (ps)"
@    yaxis  label "MV/cm"
#time  Magnitude   Efield_X   Efield_Y   Efield_Z
@type xy
10        2.064853351298e+00            1.547190987931e+00            6.128635433211e-01            -1.222381972420e+00           
20        4.021850502302e+00            1.435216462892e+00            -2.536267749559e-01           -3.748480842493e+00           
30        4.118579974149e+00            -1.127540757154e+00           -1.293884663633e-02           -3.961210096759e+00           
40        3.546684839218e+00            7.055052033008e-01            6.517514789363e-01            -3.414155205400e+00           
50        6.308810705972e+00            1.715296957239e+00            2.325313299487e-02            -6.071104361159e+00           
60        4.079290886762e+00            8.142746506642e-01            3.270270032004e-01            -3.983795209506e+00           
70        4.646314686829e+00            1.142993530523e-01            1.290188684171e+00            -4.462128302298e+00           
80        4.940609873875e+00            -1.371639780478e-01           1.061512286204e+00            -4.823277271233e+00           
90        5.828456246255e+00            -4.523023985330e-01           3.319361476855e-01            -5.801391483830e+00           
100       5.363628578780e+00            4.758416592463e-01            2.359576943655e-01            -5.337266174073e+00           
110       3.713825991984e+00            1.874504069030e-01            2.269991398014e+00            -2.933343637665e+00           
120       3.669995122231e+00            1.516755854292e+00            2.009327980597e+00            -2.670377677794e+00           
130       6.639607236209e+00            -1.262694645702e+00           2.188995111894e+00            -6.139893067712e+00           
140       5.674730525548e+00            -4.621144231735e-01           8.035184112952e-01            -5.598515424664e+00           
150       5.101848104128e+00            -1.086612230213e+00           1.090733526789e+00            -4.863993041965e+00           
160       4.385500488431e+00            -4.497936636194e-01           1.984524240600e+00            -3.884837671341e+00           
170       5.616080044304e+00            -1.087991213099e+00           2.105342233701e+00            -5.091577777394e+00           
180       4.267172415804e+00            -8.636577135601e-01           7.312057554458e-01            -4.114388645135e+00           
190       4.797868146332e+00            -1.905465412359e+00           7.799277143890e-01            -4.333642010160e+00           
200       5.330630206063e+00            -1.398403130122e+00           9.238994074453e-01            -5.060286253205e+00           
210       5.213592395763e+00            -1.522733059937e+00           1.254014343282e+00            -4.826000178634e+00           
220       4.569792424174e+00            -1.903041701084e-01           1.017521280815e+00            -4.451004107611e+00           
230       4.455808661618e+00            -4.527329928490e-01           1.362713324148e+00            -4.218089148219e+00           
240       4.364062560408e+00            2.868097708776e-01            1.820975756989e+00            -3.955607346406e+00           
250       5.055825506499e+00            2.487484264643e-01            1.013351686743e+00            -4.946980304334e+00           
260       4.520021125522e+00            -7.933904497113e-01           -8.043566686878e-01           -4.376543489903e+00           
270       5.430479593405e+00            -3.687662833196e-01           -3.502561831902e-01           -5.406610828311e+00           
280       3.804486258575e+00            2.248305077822e-01            -1.378517710060e-01           -3.795334481134e+00           
290       3.988455685659e+00            -3.118490705398e-02           -8.617253183878e-01           -3.894128366360e+00           
300       3.970776466990e+00            3.118404308332e-01            1.591382396367e+00            -3.624544573464e+00           
310       4.184166028733e+00            1.452257229366e+00            -1.872935775775e-01           -3.919581025002e+00           
320       5.567863066357e+00            3.735843590493e-01            3.739966061919e-01            -5.542712367689e+00           
330       4.308645362009e+00            5.733885225666e-01            3.993579343943e-02            -4.270135312862e+00           
340       4.215132063332e+00            2.165204475837e-01            6.155745295565e-01            -4.164315694765e+00           
350       3.184482960447e+00            -2.351012334372e-01           1.017104155615e-01            -3.174163531827e+00           
360       4.907072445261e+00            -1.006875919411e+00           -5.159160232442e-01           -4.774870838348e+00           
370       4.555231648234e+00            -3.137970450227e-01           -4.191328359950e-02           -4.544217210947e+00           
380       4.461730110542e+00            5.522613672177e-01            5.858509649688e-01            -4.388487394131e+00           
390       4.878188863940e+00            -9.471819325810e-03           -4.810280247205e-01           -4.854405104267e+00           
400       4.635849507021e+00            3.914269504091e-01            1.140695848191e+00            -4.476237100083e+00           
410       5.037159342036e+00            -5.749179864273e-01           2.488414514257e-01            -4.998051768239e+00           
420       4.785950129232e+00            1.177189583766e+00            -1.244365171939e+00           -4.468903516774e+00           
430       4.353403320524e+00            2.567179498698e-01            -2.063723407454e+00           -3.824560375114e+00           
440       2.562995706273e+00            2.741971474072e-01            -1.575131734205e+00           -2.003178208405e+00           
450       5.079240020834e+00            -2.672508351819e-01           -2.288339377221e+00           -4.526671964589e+00           
460       4.198373434315e+00            -1.086397270157e+00           -8.104526240003e-01           -3.973568548497e+00           
470       3.143976052043e+00            -1.828548317696e-01           4.597760761544e-02            -3.138317317595e+00           
480       3.461130261729e+00            7.907837128206e-02            -5.225296959311e-01           -3.420545572964e+00           
490       3.742701719897e+00            1.374915814567e+00            -2.234050015019e+00           -2.669539884955e+00           
500       3.959044197730e+00            -1.499923844854e+00           -4.888044355904e-01           -3.631160922207e+00           
510       6.315731666174e+00            -6.163398164920e-02           4.578894755070e-01            -6.298809805006e+00           
520       3.997186600948e+00            4.721152481061e-01            -7.852517443415e-02           -3.968430635942e+00           
530       4.734244013601e+00            -7.914792889343e-01           7.846225091642e-01            -4.601194891940e+00           
540       3.968862104686e+00            1.407747782483e+00            7.995218641760e-01            -3.623655250660e+00           
550       4.261261660060e+00            -7.028476879193e-01           -4.409041223956e-01           -4.179708078076e+00           
560       3.647289516568e+00            -5.448616750038e-01           2.718553976332e+00            -2.369664712685e+00           
570       4.004981527440e+00            -1.200508616478e+00           6.989170986081e-01            -3.756350753880e+00           
580       5.469200320518e+00            4.141901623862e-02            3.040960799836e+00            -4.545656610975e+00           
590       4.603794031609e+00            -1.128438879242e+00           4.709870718861e-01            -4.438436251588e+00           
600       5.173131900421e+00            -9.462041782510e-01           7.467101832397e-01            -5.030746983745e+00           
610       4.322372797566e+00            -1.067343868701e+00           2.114764085585e+00            -3.615446933563e+00           
620       5.297928877872e+00            -9.682679175103e-01           2.774711252889e-01            -5.201299588520e+00           
630       4.406673591726e+00            -1.904993232510e+00           9.619675027238e-02            -3.972470152606e+00           
640       3.813068355444e+00            -5.263759876380e-01           3.127886135930e+00            -2.116305016669e+00           
650       6.737747971905e+00            -6.021868897124e-01           1.585068891746e+00            -6.520902950604e+00           
660       3.321382807892e+00            -3.419308058222e-01           1.026915939732e+00            -3.140081325908e+00           
670       4.105616914934e+00            -1.819156513151e+00           2.586471005754e-01            -3.671493090041e+00           
680       3.871110233673e+00            6.225456894590e-01            2.116174846724e-01            -3.814859020458e+00           
690       5.230315537766e+00            -4.432379044076e-01           5.256239442177e-01            -5.184926253474e+00           
700       5.527021447518e+00            -1.201791271704e+00           -1.031624322798e+00           -5.295225687088e+00           
710       5.404231250737e+00            -5.439807417085e-01           7.469934240430e-01            -5.324640944565e+00           
720       5.593205958253e+00            2.558287171898e-01            6.626235609424e-01            -5.547921644669e+00           
730       5.366779038173e+00            -1.147821240965e+00           1.307267816365e-01            -5.240966910021e+00           
740       4.095557683835e+00            -9.716768432969e-01           1.132209631298e+00            -3.814123517221e+00           
750       6.103726182703e+00            -1.010478647574e+00           -2.869867670465e-01           -6.012657050901e+00           
760       3.963727036831e+00            -6.042058275808e-01           -1.056931815725e+00           -3.772129700492e+00           
770       3.361677211085e+00            -1.447590776420e+00           -5.526355382336e-01           -2.983278159581e+00           
780       4.257494099111e+00            -8.852754313147e-01           -3.514999337007e-01           -4.149577232837e+00           
790       4.614066817154e+00            -1.983184320149e+00           -1.780460944037e-01           -4.162318120200e+00           
800       4.799080419349e+00            -2.058350588392e+00           2.945229802456e+00            -3.181192722451e+00           
810       3.771522827165e+00            -3.088637693034e+00           1.520849386378e+00            -1.540038564760e+00           
820       3.704965693963e+00            -2.710583574911e+00           4.309673140552e-01            -2.488729525497e+00           
830       3.729599246376e+00            -1.709422024409e+00           1.692999378879e+00            -2.849831571190e+00           
840       5.080027109424e+00            -3.892098223247e+00           1.312385937621e+00            -2.989295904359e+00           
850       5.525893541386e+00            -1.670161430104e+00           2.008604443630e+00            -4.869452578797e+00           
860       4.721542498765e+00            -2.282767251100e+00           7.661128484372e-01            -4.061404726004e+00           
870       5.622348401830e+00            -2.260473419813e+00           1.122410062725e+00            -5.024067786264e+00           
880       3.187705805250e+00            -1.667321336044e+00           5.130491374241e-01            -2.668012077519e+00           
890       4.944369469977e+00            -3.466421840551e-01           -7.569238572703e-01           -4.873776249087e+00           
900       4.880331240912e+00            -1.089404716040e+00           -9.252879987765e-01           -4.666333947009e+00           
910       3.768685232605e+00            -2.979585713515e+00           -8.101664576956e-01           -2.160714620003e+00           
920       4.978311188284e+00            -6.037199518659e-01           1.297992326233e+00            -4.768052058037e+00           
930       5.199663398382e+00            -2.126922062625e+00           -3.424266124087e-01           -4.732382699138e+00           
940       5.698316031646e+00            4.796143703074e-01            1.593757711717e+00            -5.449835961628e+00           
950       5.311464397588e+00            -2.563040411159e+00           -2.845030527999e-01           -4.643440094430e+00           
960       5.479744187306e+00            -2.624396555797e+00           1.241941415559e-01            -4.808816371149e+00           
970       2.871119259051e+00            -1.628333735004e+00           2.809207509461e-01            -2.347964773763e+00           
980       6.484723740986e+00            -7.334346428012e-01           2.609384939799e-01            -6.437827795460e+00           
990       4.551831222690e+00            -3.195691436311e+00           -6.595778151271e-01           -3.173591156645e+00           
1000      3.720263207368e+00            -1.062598940033e+00           -2.420644935182e-01           -3.557055890159e+00           
