@    title "Electric Field"
@    xaxis  label "Time (ps)"
@    yaxis  label "MV/cm"
#time      Magnitude                     Efield_X                      Efield_Y                     Efield_Z
@type xy
10        3.803345038412e+01            6.115976239321e+00            9.677321885782e+00            -3.626965155444e+01           
20        4.352495406076e+01            2.175735893895e+01            -2.725628558268e+01           -2.604100332606e+01           
30        3.369219645661e+01            -1.838743719136e+01           -2.201729624160e+00           -2.814637884820e+01           
40        4.210970090474e+01            -7.171718082724e+00           -2.468819933569e+01           -3.335095476279e+01           
50        3.805730353511e+01            -1.768224304527e+01           2.261820605841e+01            -2.498226146590e+01           
60        2.697362908592e+01            -4.599623260719e+00           5.484873307325e+00            -2.600646644061e+01           
70        4.094197380038e+01            -1.492913857014e+00           -3.355053052782e+01           -2.341747911685e+01           
80        3.782183673018e+01            3.705333893118e+00            -3.284227684261e+01           -1.838876521625e+01           
90        1.741231478443e+01            -7.696728163891e+00           -5.313285303688e+00           -1.468734424615e+01           
100       4.107681488423e+01            5.300367995489e+00            -6.534852346826e+00           -4.020580213042e+01           
110       4.334282549681e+01            9.804673861356e+00            -5.389833264613e+00           -4.187384135590e+01           
120       3.281791180177e+01            -7.866044235559e+00           -6.728452570657e+00           -3.114271357986e+01           
130       4.732323913260e+01            -1.324232041905e+01           3.540344204395e+01            -2.847325417581e+01           
140       3.290020620675e+01            7.263458576356e+00            -5.757561890880e+00           -3.156764512961e+01           
150       3.153856091222e+01            -1.587303192524e+01           2.258450117478e+01            -1.525345825053e+01           
160       2.913746282681e+01            -1.604361338485e-01           -5.267981721130e+00           -2.865683808128e+01           
170       2.766583890978e+01            2.457686715301e+01            -1.179943678736e+00           -1.264847723800e+01           
180       3.682059970045e+01            -8.109944634732e+00           1.958326050776e+01            -3.010782735781e+01           
190       4.977513116983e+01            -1.475138226355e+01           -7.619589556211e+00           -4.692443136878e+01           
200       8.044739809413e+00            7.935775897272e+00            -1.108861319868e+00           -7.153503216832e-01           
210       3.156846927063e+01            -1.911594913014e+00           -4.584220395526e+00           -3.117529439067e+01           
220       3.901886385966e+01            -1.828207518721e+01           4.538754469879e+00            -3.417070633759e+01           
230       4.556424652519e+01            3.573523104441e+01            -8.840849346001e+00           -2.685019937453e+01           
240       5.435050449350e+01            -2.254119072158e+01           -1.783113543918e+01           -4.612941218465e+01           
250       1.272266510644e+01            -4.885771516367e+00           -3.978091661530e+00           -1.105306431869e+01           
260       3.015222229109e+01            8.763807149339e+00            -9.267007373731e+00           -2.732169042493e+01           
270       4.619109988385e+01            3.212330040903e+00            -3.095053515101e+00           -4.597520296776e+01           
280       3.283401956322e+01            -1.577046548952e+01           -2.915163697355e-01           -2.879722689996e+01           
290       4.457275301095e+01            3.847242971582e+00            -1.905299674323e+01           -4.011124963892e+01           
300       2.127294536292e+01            3.492016684023e+00            -1.856327785810e+00           -2.090210685659e+01           
310       3.541002915852e+01            -9.800646021319e+00           -1.850928361904e+01           -2.855212640912e+01           
320       6.423270316928e+00            -2.208531101904e+00           -9.920586724527e-01           5.949505149730e+00            
330       4.115981726183e+01            -4.721146058203e+00           -2.199571167108e+01           -3.446781114325e+01           
340       3.375352881282e+01            -9.866922514457e+00           -1.635394855882e+01           -2.782971278951e+01           
350       2.073153347961e+01            -7.629446262698e-01           -1.601294359829e+01           -1.314534264413e+01           
360       3.489676987189e+01            -1.801208614350e+01           8.271247476002e+00            -2.872169503079e+01           
370       4.124298971856e+01            -1.100482287341e+01           5.066322989701e+00            -3.942347582107e+01           
380       5.477516308687e+01            -4.130782091928e+01           -1.860705981097e+00           -3.592381098027e+01           
390       4.660702295995e+01            1.268988113215e+01            -2.764381808185e+01           -3.531289888835e+01           
400       3.497920884138e+01            -2.139314433544e+01           1.353762870623e+00            -2.764137754712e+01           
410       2.465838636141e+01            -6.370355141168e+00           1.029012766848e+01            -2.148413055933e+01           
420       5.881893781622e+01            1.253807860759e+01            2.138620827049e+00            -5.742726122337e+01           
430       1.914378876890e+01            -3.020717113539e+00           7.270847742957e+00            -1.744977620622e+01           
440       3.752036940578e+01            -2.132878694340e+01           9.235261612540e+00            -2.945455670719e+01           
450       4.223835679191e+01            7.290664417156e+00            7.328561637704e+00            -4.095384208056e+01           
460       5.299795118397e+01            -4.197975514165e+01           -1.582992260002e+01           -2.821163835056e+01           
470       5.084367527738e+01            1.316398331964e+01            -2.961923448153e+01           -3.917256447566e+01           
480       2.620438500971e+01            7.149380181181e+00            1.075002335341e+01            -2.280335840756e+01           
490       4.438424008336e+01            -6.766683544291e+00           2.035690390071e+00            -4.381813239088e+01           
500       4.384618582144e+01            -2.732727764248e+01           -1.344106587922e+01           -3.154434427548e+01           
510       3.655751073192e+01            -1.666981016341e+01           -4.035000976379e+00           -3.228448214160e+01           
520       3.247853992704e+01            -9.993514500941e+00           -2.000294984809e+01           -2.355561973472e+01           
530       2.923843256791e+01            -3.312102004039e+00           -2.690221098490e+01           -1.096298150446e+01           
540       2.977696432427e+01            -2.194270131696e+00           -5.699688905884e+00           -2.914389008581e+01           
550       4.921759117027e+01            -7.345800566248e+00           1.562538329400e+01            -4.608967228740e+01           
560       2.547161946984e+01            1.680864950912e+01            3.769581422246e+00            -1.876334074724e+01           
570       4.472061988626e+01            -2.537008045328e+01           1.835947463296e+01            -3.192526510473e+01           
580       1.292940889877e+01            7.721270166217e+00            -1.032919966043e+01           -9.269497650052e-01           
590       3.324873804224e+01            -8.536192227262e+00           1.136456486721e+00            -3.211417864923e+01           
600       3.673353028791e+01            -4.027984641389e+00           -4.087692517056e+00           -3.628248002862e+01           
610       4.362722971175e+01            -2.056447717611e+01           -8.559333686945e-01           -3.846693162788e+01           
620       2.433656165453e+01            1.075212051265e+01            -1.041060742616e+01           -1.919060683419e+01           
630       1.216838042171e+01            -7.397677908472e+00           -6.088749600343e+00           -7.501397999990e+00           
640       3.735618946393e+01            1.617237636699e+01            2.068849946054e+01            -2.656925147573e+01           
650       2.929223904638e+01            1.053466545156e+01            -1.116195125444e+01           -2.494928729177e+01           
660       2.400640163996e+01            -9.437789706861e+00           -1.054726634605e+01           -1.939047750247e+01           
670       4.582027959656e+01            1.951120494378e+01            2.176777451520e+01            -3.528420179916e+01           
680       5.909681521271e+01            6.155465764978e+00            -5.053518339632e+00           -5.855771308626e+01           
690       5.635433650780e+01            -4.747084316097e+01           -3.000114578917e+01           -4.718214085604e+00           
700       4.907922211566e+01            -1.244977296727e+01           -6.811923914963e-01           -4.746903383752e+01           
710       3.913464689330e+01            6.899500193407e+00            -2.437241634424e+01           -2.983123876220e+01           
720       2.878988628022e+01            1.244177187928e+01            -3.840096217331e+00           -2.567710119101e+01           
730       2.667139137295e+01            -1.140248377607e+01           -1.607927696579e+01           -1.796672852144e+01           
740       3.656583660259e+01            -1.302804290598e+01           -3.964962189557e+00           -3.393537356981e+01           
750       4.737254469465e+01            -2.933874423627e+01           1.162800031580e+01            -3.532967146948e+01           
760       4.991921683923e+01            1.341678453648e+01            -3.588814357943e+01           -3.199936332126e+01           
770       6.913991875247e+01            3.049116171365e+01            -1.464568973051e+01           -6.030025866253e+01           
780       2.653152914355e+01            -1.807655815920e+01           5.952989294105e+00            -1.848572428325e+01           
790       2.327290452862e+01            8.130533654164e-01            8.178382510534e+00            -2.177340324650e+01           
800       4.818901798036e+01            2.490786000517e+00            -1.171614150927e+01           -4.667664798532e+01           
810       3.741453784740e+01            7.022474301098e+00            -2.841356828748e+00           -3.663958499214e+01           
820       1.935611335466e+01            7.241491722785e+00            1.264561630916e+01            -1.274002786453e+01           
830       5.577556792140e+01            -5.076963288345e+00           4.198563934306e+00            -5.538511064910e+01           
840       1.386240328902e+01            5.775965648622e+00            -9.002465501810e+00           -8.818166513627e+00           
850       3.853685302510e+01            -1.659834984291e+00           9.930809930059e+00            -3.719829301239e+01           
860       2.225892392107e+01            -2.647225778807e+00           -5.840235578139e+00           -2.131533575133e+01           
870       3.105068297751e+01            -2.014524714242e+01           -1.328263062382e+01           -1.954189485827e+01           
880       5.185730157319e+01            -2.948845735513e+01           -1.850737981253e+01           -3.843289608840e+01           
890       5.142929863530e+01            -1.877205700917e+01           2.136297302155e+01            -4.285097452152e+01           
900       5.107464989729e+01            7.794266192444e+00            -2.299201204159e+01           -4.493591724814e+01           
910       3.000298800914e+01            -1.460194790956e+00           -1.736372547344e+01           -2.442433537135e+01           
920       3.762548175505e+01            -5.623852707981e+00           -1.111236408228e+01           -3.550442961831e+01           
930       1.360357449618e+01            5.291219236298e+00            -5.398351274480e+00           -1.131008583451e+01           
940       4.706953625457e+01            1.305296387417e+01            -6.014312416513e+00           -4.482175167791e+01           
950       2.430806010660e+01            1.076068634418e+01            -7.665401175960e+00           -2.040419173504e+01           
960       3.425275099843e+01            -1.641454673455e+01           -4.831141202822e+00           -2.967277676824e+01           
970       3.768850295713e+01            8.190072895176e+00            -2.323196783072e+00           -3.671442111525e+01           
980       4.559987825038e+01            -1.007177553562e+01           -2.416598181848e+01           -3.733515175754e+01           
990       4.882383669564e+01            -1.999922390640e+01           -3.487059081947e-01           -4.453848310185e+01           
1000      2.752135555000e+01            4.877009488742e+00            -1.167900697374e+01           -2.443850621179e+01           
1010      2.473245589492e+01            8.883961263702e-01            -6.685263703769e+00           -2.379521750537e+01           
1020      4.350787023239e+01            3.687597724223e+01            2.075067213048e+00            -2.299545978342e+01           
1030      2.888283775879e+01            3.628480747016e+00            2.233572694704e+00            -2.856682687115e+01           
1040      3.639356736910e+01            2.589724669645e+00            -1.988863719234e+01           -3.036819360147e+01           
1050      5.367014376591e+01            1.224365821730e+00            -1.046503756632e+00           -5.364596993322e+01           
1060      3.042578863860e+01            -3.675652845389e-01           2.447440576461e+01            -1.807199414873e+01           
1070      1.499888683630e+01            1.094983510739e+01            7.922746608134e+00            -6.503676162949e+00           
1080      3.860344936599e+01            1.136225246626e+00            -8.452350194107e+00           -3.764960917909e+01           
1090      4.491058868219e+01            -1.774212260636e+01           1.141054492128e+01            -3.964817178384e+01           
1100      4.521798178236e+01            -7.748005176862e+00           -5.986892073828e+00           -4.414511768639e+01           
1110      3.654430144737e+01            -1.582088193608e+01           4.282568468693e+00            -3.266259742200e+01           
1120      5.174425399002e+01            -1.383398728865e+01           4.054681076009e-01            -4.985904343542e+01           
1130      2.018403763196e+01            -1.107579568037e+01           -7.446639839893e+00           -1.514165381556e+01           
1140      3.653165531787e+01            -2.428803489516e+01           5.210796119750e+00            -2.678620549823e+01           
1150      4.796589896312e+01            -4.275340722219e+01           -8.830863989605e+00           -1.987182617252e+01           
1160      4.473445017549e+01            2.845612346011e+01            -1.422271075784e+01           -3.145050983411e+01           
1170      4.305306935812e+01            -3.000694419979e+01           2.056428981604e+00            -3.080456428501e+01           
1180      3.425920333136e+01            7.523249584079e+00            1.963431655702e+00            -3.336523137531e+01           
1190      6.184132771693e+01            -2.834181658644e+01           5.757325299533e+00            -5.466209337163e+01           
1200      5.553512210910e+01            -2.240040175594e+00           -4.842197635068e+01           -2.710063124688e+01           
1210      3.734444315233e+01            -1.515206835218e+01           2.249413565448e-01            -3.413168118324e+01           
1220      2.855524365835e+01            -2.026126065110e+01           -9.961885937818e+00           -1.748267959376e+01           
1230      5.654150619048e+01            3.973040676332e+01            -6.195286937207e+00           -3.974990717568e+01           
1240      2.882949615644e+01            1.119336876048e+01            -1.511690657626e+01           -2.184782552088e+01           
1250      5.243042984767e+01            -1.788723446721e+00           -2.968860843005e+01           -4.317796859430e+01           
1260      3.046025873190e+01            4.358977577918e+00            -6.799261107120e-01           -3.013908387747e+01           
1270      5.089437187028e+01            7.435836065899e+00            2.080781377209e+01            -4.584735887810e+01           
1280      3.342227931994e+01            1.648572282686e+00            -1.809372344096e+01           -2.805259589434e+01           
1290      3.711648941337e+01            2.971227539355e-02            -9.999784599060e+00           -3.574405141455e+01           
1300      4.358031013937e+01            5.041695791042e-01            -2.431390375658e+00           -4.350951143969e+01           
1310      2.526189134079e+01            -2.071996409571e+01           -1.069093808400e+01           -9.723686794127e+00           
1320      4.633558662839e+01            1.259669497311e-01            8.625461749095e+00            -4.552551076199e+01           
1330      5.125913313558e+01            -4.817243424384e+01           -1.219979505807e+01           1.257299921959e+01            
1340      3.353310308644e+01            -1.376303842871e+01           1.571995116194e+01            -2.622843707280e+01           
1350      2.859346022254e+01            5.125205348258e+00            -1.340570685977e+01           -2.473065428221e+01           
1360      3.459463714994e+01            -5.738507403481e+00           -6.446661329424e+00           -3.350073148484e+01           
1370      3.230407716316e+01            2.256599007952e+01            -1.367760314471e+01           -1.863471666836e+01           
1380      4.831504361735e+01            -2.004821042503e+01           2.053710769866e+01            -3.886695133238e+01           
1390      5.447428064294e+01            2.012832005906e+01            -1.571544703099e+01           -4.811780032152e+01           
1400      3.405270532374e+01            -6.406856749435e+00           -5.700222434895e+00           -3.295521795787e+01           
1410      5.868943250776e+01            -2.049988842556e+01           -2.960596126819e+01           -4.634318849637e+01           
1420      4.232806659824e+01            -7.366987170382e+00           -1.589276524021e+01           -3.853326789926e+01           
1430      3.065852036847e+01            3.476073016155e+00            9.537319814905e+00            -2.892924676376e+01           
1440      2.455429370893e+01            -8.792488878758e+00           -1.459096207731e+01           -1.768358856453e+01           
1450      3.754776465848e+01            -6.665324424112e+00           5.348402675466e+00            -3.656231215324e+01           
1460      2.845478563873e+01            1.034024237236e+01            5.002160736449e+00            -2.603329793541e+01           
1470      3.262797558425e+01            3.668096875092e+00            -1.167916681952e+01           -3.024445268877e+01           
1480      3.703922914649e+01            9.664279918856e+00            9.862430735233e+00            -3.436915258497e+01           
1490      6.159852563438e+01            -3.060486867324e+00           3.503898305855e+01            -5.056957036288e+01           
1500      5.088253511109e+01            1.010645063676e+01            -1.874870788905e+01           -4.621015026322e+01           
1510      3.424573880984e+01            1.548799953191e+01            -1.838570794246e+01           -2.438971587752e+01           
1520      4.365323638146e+01            -6.864448887714e+00           -3.911315055676e+01           -1.812859182531e+01           
1530      3.973485522048e+01            1.079340780822e+01            1.860065313944e+00            -3.819556550577e+01           
1540      5.033988834049e+01            -6.637524177136e+00           2.264879770974e+01            -4.446436318259e+01           
1550      3.700185615306e+01            -4.139180652393e+00           2.211080136173e+00            -3.670307435257e+01           
1560      2.378766441122e+01            1.839924050596e+01            1.494603124167e+01            -1.984206911500e+00           
1570      5.813264302773e+01            -3.524192164030e+00           3.259477093274e+00            -5.793410104644e+01           
1580      3.417327856817e+01            -5.256943135693e+00           -1.512813869117e+01           -3.018802637978e+01           
1590      2.309494776194e+01            5.783804262529e+00            1.838140820204e+00            -2.228329999584e+01           
1600      3.698620626626e+01            -2.939390142495e+01           2.430004697756e+00            -2.231755116852e+01           
1610      4.701724382913e+01            -3.218763669021e+01           2.104707868218e+00            -3.420741829452e+01           
1620      3.927007501629e+01            4.753647219395e+00            3.557474302859e+00            -3.881862963170e+01           
1630      4.214405292981e+01            -9.177872290885e+00           2.819477763827e+01            -2.994899616835e+01           
1640      4.098086739017e+01            6.262423218401e+00            -1.975588214680e+01           -3.535418883366e+01           
1650      2.827028406215e+01            -4.185944212182e+00           1.134045909107e+01            -2.555544598733e+01           
1660      1.164359593195e+01            -4.360703834276e+00           -4.162724651275e+00           -9.961391056166e+00           
1670      2.363725513475e+01            -2.213679886516e+01           5.716809492724e+00            -6.000004627698e+00           
1680      2.606571338006e+01            -1.117448883559e+01           1.017213676730e+01            -2.123864041934e+01           
1690      4.114481069265e+01            -2.544856488229e+01           -1.247633929919e+01           -2.982627952089e+01           
1700      2.055886183699e+01            7.521858326830e-01            -1.318375586185e+01           -1.575720780725e+01           
1710      5.411791912675e+01            -2.019779800498e+01           -1.123899621821e+01           -4.893345573702e+01           
1720      3.829755858745e+01            -2.111354454525e+01           -6.269666228623e+00           -3.133069606434e+01           
1730      4.087999142578e+01            -7.076588063520e+00           -2.646972859769e+01           -3.033890354505e+01           
1740      5.044431311079e+01            -1.854929402500e+00           4.179305808438e+01            -2.818737763764e+01           
1750      4.369035086007e+01            2.697296387703e+01            1.354757630687e+01            -3.158748413809e+01           
1760      5.001310811405e+01            9.038772815730e+00            1.319210416340e+01            -4.738755065368e+01           
1770      3.344536501040e+01            9.299376691317e+00            1.334669285817e+01            -2.922293317895e+01           
1780      5.570031419269e+01            -3.310678161114e+01           1.305188343724e+01            -4.284990491539e+01           
1790      2.929458997590e+01            -1.216153871679e+01           5.933793180477e+00            -2.598191825843e+01           
1800      2.305935208736e+01            9.137058662753e+00            4.671377806762e+00            -2.065008733805e+01           
1810      4.159471312687e+01            3.243088141892e+01            2.025097317767e+00            -2.596646050874e+01           
1820      3.828270863784e+01            -5.255606021277e+00           1.031866024862e+01            -3.648930852555e+01           
1830      3.601397442654e+01            -7.649089813171e+00           -2.156907529610e+01           -2.780778254189e+01           
1840      4.620215362634e+01            -7.768052466776e+00           1.608472811469e+01            -4.260959847337e+01           
1850      2.153910505088e+01            -1.121870092760e-01           1.790838774035e+01            -1.196704261749e+01           
1860      3.729118729966e+01            3.517690928853e+01            -2.414238717373e+00           -1.214039350846e+01           
1870      3.667834263524e+01            2.312377889321e+01            -3.336484365296e-01           -2.846893652540e+01           
1880      4.441051214329e+01            1.407026706980e+01            -1.905682182783e+00           -4.207956212737e+01           
1890      4.632523943676e+01            -3.820800617281e+01           8.372393123337e+00            -2.482094088789e+01           
1900      2.304160515225e+01            1.944136581368e+00            -6.552312732641e+00           -2.200461539765e+01           
1910      3.352262818734e+01            -4.803360851946e+00           -2.209738980116e+00           -3.310304183534e+01           
1920      2.840996624671e+01            2.250109990804e+01            4.988302001802e+00            -1.661154803763e+01           
1930      1.909865685937e+01            8.895599802390e-01            6.390534703809e+00            -1.797577378232e+01           
1940      3.741498815787e+01            1.217206019461e+01            9.101522086827e+00            -3.418895413983e+01           
1950      2.720606636198e+01            8.291986321788e+00            -1.558832626546e-01           -2.591116960194e+01           
1960      2.394652447408e+01            -1.130986912334e+01           1.071830519449e+00            -2.108018202336e+01           
1970      2.930275377229e+01            -1.538268026726e+01           1.537261139727e+01            -1.963943342520e+01           
1980      5.237595374683e+01            -1.342937499053e+01           2.184262187344e+01            -4.567047501338e+01           
1990      2.534648787318e+01            4.140784514717e+00            9.018274697924e+00            -2.332314456887e+01           
2000      5.110338197593e+01            2.162107595772e+01            6.848840644831e+00            -4.579495720742e+01           
2010      3.694910531796e+01            3.278435291745e+01            -4.962909100401e+00           -1.630313224025e+01           
2020      4.712248510542e+01            -7.538728426612e+00           3.662865413606e+01            -2.867120284190e+01           
2030      1.954552328869e+01            5.804902871993e+00            -6.933945869642e+00           -1.732775167044e+01           
2040      2.501690329493e+01            -1.287062435040e+01           2.947071731190e+00            -2.124869990164e+01           
2050      3.637646208111e+01            -5.239263731100e+00           1.251203144070e+01            -3.375272105062e+01           
2060      5.131313803402e+01            -2.572318727526e+01           1.718348798939e+01            -4.093999892304e+01           
2070      3.670026735136e+01            4.760547764433e+00            1.639002555017e+00            -3.635327329511e+01           
2080      1.001453446432e+01            -8.671198426014e+00           -1.877582753400e+00           -4.644986695131e+00           
2090      3.684441539922e+01            -2.850492568195e+01           -9.073707256597e+00           -2.150925369692e+01           
2100      3.251815748038e+01            -7.320151625433e+00           -5.585624376962e+00           -3.118728501199e+01           
2110      3.324406035296e+01            1.543567992354e+01            -2.024726739148e+01           -2.137651742515e+01           
2120      3.598841866234e+01            1.043045170258e+01            -2.319889392729e+00           -3.436553605433e+01           
2130      3.356820255781e+01            -1.987787010150e+01           -5.028396151343e+00           -2.657836968919e+01           
2140      2.737439176224e+01            -2.000382052343e+01           7.622908239344e+00            -1.706152861831e+01           
2150      3.390538052180e+01            3.954010962355e-01            9.316909433051e+00            -3.259775582640e+01           
2160      1.523114099940e+01            -1.282512933355e+01           6.626468192868e+00            -4.857327764356e+00           
2170      3.772859896861e+01            -2.053308044358e+00           6.519847072709e+00            -3.710421405121e+01           
2180      4.485691309513e+01            -2.338494342297e+01           -1.699444155783e+01           -3.429979635021e+01           
2190      3.045755334092e+01            -1.099020534872e+01           -1.779287552037e+01           -2.214252746695e+01           
2200      4.541431288807e+01            2.968170057458e+00            8.330873471588e+00            -4.454487993930e+01           
2210      2.857515313879e+01            -2.462375793159e+00           -3.694374156316e+00           -2.822813635279e+01           
2220      6.272313474044e+01            -8.790884084505e+00           7.758444885798e+00            -6.161751797690e+01           
2230      5.263425279077e+01            -3.282475731420e+01           -1.308804489420e+01           -3.900772942576e+01           
2240      6.482404227534e+01            -8.671550569786e+00           6.669114722785e+00            -6.389431568179e+01           
2250      5.545864895911e+01            -1.913199242644e+01           -1.513338541953e+01           -4.980571509283e+01           
2260      2.328803130149e+01            -8.858831841710e+00           -1.155677484153e+01           -1.817400494007e+01           
2270      8.074366968695e+01            2.972018492690e+01            3.741981050909e+00            -7.498165362435e+01           
2280      1.667271889360e+01            -8.742046551245e-01           -1.517168708879e+01           -6.858223706327e+00           
2290      4.015723931511e+01            1.577125574663e+01            -3.108497539904e+01           -1.993980105284e+01           
2300      3.420326007792e+01            -1.053947521969e+01           -1.114175692416e+01           -3.057194326002e+01           
2310      6.327687423858e+01            -4.391794922520e+01           -1.099069189283e+00           -4.554084536079e+01           
2320      4.091692013218e+01            6.708577190248e+00            2.484844235117e+00            -4.028665901155e+01           
2330      4.311891576274e+01            5.765319937996e+00            -2.056826619104e+01           -3.745595291087e+01           
2340      6.227330324542e+01            -4.031152333453e+01           2.106882608336e+01            -4.253292784437e+01           
2350      4.870816118122e+01            -2.787051441371e+01           -2.497670524038e+01           -3.117504751089e+01           
2360      6.093096469119e+00            -4.626307616324e+00           -3.841264723792e+00           9.837620356983e-01            
2370      5.000507358028e+01            1.672498272251e+00            -1.762267870935e+01           -4.676698973000e+01           
2380      4.691343989259e+01            -1.986620689009e+01           -5.749476571722e+00           -4.210876613613e+01           
2390      3.754298468393e+01            -4.420524258239e+00           1.778085846493e+00            -3.723940218347e+01           
2400      2.262808997595e+01            1.203338841069e+01            1.191792789216e+01            -1.500636578504e+01           
2410      3.306459145048e+01            -1.322053294377e+01           1.558080012946e+01            -2.599467991332e+01           
2420      5.709020299646e+01            2.879245582645e+01            2.128409571198e+00            -4.925196075647e+01           
2430      2.773416426306e+01            -2.207381146504e+01           1.285687388116e+01            -1.079960688081e+01           
2440      2.506560513314e+01            -2.537974390230e+00           8.121189954028e+00            -2.357730943970e+01           
2450      3.514896882702e+01            6.675665333241e+00            2.481490929859e+00            -3.441987368841e+01           
2460      3.525207584496e+01            1.805954474677e+01            1.721330267569e-01            -3.027428058830e+01           
2470      4.006474443471e+01            -1.907156752686e+01           1.042726823882e+01            -3.365607130612e+01           
2480      3.708670684744e+01            -3.463693270841e+00           -1.505764320346e+01           -3.371489336882e+01           
2490      2.102623451124e+01            -3.318522415499e+00           5.285555461561e+00            -2.007866654343e+01           
2500      4.378553399600e+01            -1.341340522718e+01           2.327582384289e+01            -3.457585244011e+01           
2510      2.556043284943e+01            -5.386495818528e+00           6.801780143160e+00            -2.404281965851e+01           
2520      2.111596848005e+01            -1.131681823043e+01           -1.238135735929e+01           -1.282636893010e+01           
2530      2.861571722135e+01            1.470743984273e+00            1.386344547523e+00            -2.854425043718e+01           
2540      4.077424164347e+01            1.456864558889e+01            -2.102436071195e+01           -3.175326131218e+01           
2550      1.395089728802e+01            8.301202271107e+00            3.788766691062e+00            -1.055285852060e+01           
2560      3.302025871924e+01            -1.906559451232e+01           2.023148520728e+01            -1.781930408533e+01           
2570      5.124616342053e+01            4.873261054599e+01            -4.104543281724e+00           -1.531191232813e+01           
2580      4.296081224508e+01            7.569620564477e+00            -1.103444202025e+01           -4.082368580333e+01           
2590      2.973356323348e+01            2.396666340660e+00            -1.053572638948e+01           -2.770088883876e+01           
2600      3.858667142586e+01            -7.164189936476e+00           -1.219265905553e+01           -3.590187543063e+01           
2610      3.632933716923e+01            -4.185142760677e+00           1.480503448756e+01            -3.291073188263e+01           
2620      3.332965512689e+01            -1.131040608516e+01           4.831685102220e+00            -3.097733758959e+01           
2630      2.583314839680e+01            -4.461238995232e+00           -1.950702095524e+01           -1.633784062141e+01           
2640      4.186022804072e+01            -1.851390855483e+01           -1.205365380524e+01           -3.555591809513e+01           
2650      2.137797243062e+01            1.046344256691e+01            -9.639534448552e+00           -1.595661149833e+01           
2660      5.634112350713e+01            -4.031250282587e+01           2.475069523195e+01            -3.060436896090e+01           
2670      2.134896737950e+01            -1.571764916160e+01           1.291685609111e+01            6.472151244013e+00            
2680      4.906477948442e+01            -9.632408443067e+00           -3.695646749943e+01           -3.080241554495e+01           
2690      3.528409900631e+01            -2.418130742501e+01           -1.508973460356e+01           -2.079740184490e+01           
2700      2.505094110564e+01            -1.079923412753e+00           -2.441221454146e+01           -5.516085285994e+00           
2710      1.925437926372e+01            4.596829494790e-02            -6.783992589118e+00           -1.801961298968e+01           
2720      3.721963586917e+01            8.870222298600e+00            -1.821468819048e+01           -3.122251727088e+01           
2730      4.195648756617e+01            -1.735299224755e+01           1.812977978389e+01            -3.362337868112e+01           
2740      5.090640609254e+01            -5.820109397290e+00           -3.622894591836e+01           -3.528529418196e+01           
2750      5.736273689889e+01            2.701738016023e-01            -9.475153576719e+00           -5.657412885186e+01           
2760      2.548017635987e+01            -1.248123162086e+01           1.154173379186e+01            -1.898016400441e+01           
2770      4.047018648114e+01            -1.698040762788e+01           -2.402221876644e+01           -2.779271048579e+01           
2780      2.597974899752e+01            -1.224097371635e+00           9.250158315249e+00            -2.424630930145e+01           
2790      2.379658596143e+01            2.791883603213e+00            -1.676332036484e+01           -1.665755023140e+01           
2800      3.700555105325e+01            -8.002154382331e+00           -1.697681283407e+01           -3.189301114654e+01           
2810      2.758136204239e+01            -2.587544720959e+01           -8.256097073348e+00           -4.798919142117e+00           
2820      1.200993825799e+01            -6.973150652804e+00           -6.896719395808e+00           -6.931742097733e+00           
2830      3.992709500623e+01            -5.679662435364e-01           1.595334477018e+01            -3.659700972247e+01           
2840      3.495557692244e+01            3.834326099729e+00            -3.473927991014e+01           6.105183592546e-01            
2850      3.587556318205e+01            -2.673440097804e+00           -4.044216728284e+00           -3.554649156706e+01           
2860      2.740261156404e+01            1.698773810554e+01            2.430213550222e+00            -2.136384648623e+01           
2870      2.268454785357e+01            -1.199818965056e+00           1.716891743799e+00            -2.258763884323e+01           
2880      2.946458887045e+01            -1.438515132985e+01           -2.144956817646e+01           -1.418257535025e+01           
2890      3.373994953017e+01            1.945324206813e+01            -1.737860518008e+01           -2.139952451182e+01           
2900      2.708053117761e+01            -8.564847228997e+00           -1.192554544793e+01           -2.275477810428e+01           
2910      3.835698497078e+01            2.231031475555e+01            9.851808814288e+00            -2.960489849069e+01           
2920      2.552888516315e+01            3.137468547944e+00            5.316228360410e+00            -2.477131374804e+01           
2930      5.108774466874e+01            -4.006855840776e+00           -2.498235148397e+00           -5.086906312046e+01           
2940      2.874508853277e+01            1.314380082152e+01            8.185102265639e-01            -2.555094236481e+01           
2950      5.160803109050e+01            9.802048701133e+00            -7.797132179599e-01           -5.066261700304e+01           
2960      6.050568157687e+01            3.897174703968e+01            -1.086810346032e+01           -4.498916272762e+01           
2970      5.241870128646e+01            1.472400015976e+00            2.309859702340e+01            -4.703197952780e+01           
2980      3.192828373334e+01            -1.263754624599e+01           8.919403954405e-02            -2.932063729629e+01           
2990      3.464154864625e+01            -1.334986361333e+01           8.442377411868e+00            -3.083089842596e+01           
3000      5.797996900132e+01            -1.964259260883e+01           3.343168638778e+01            -4.310646942475e+01           
3010      6.251291203493e+01            -2.760762718404e+01           -1.549747051734e+01           -5.390279677269e+01           
3020      4.132480201682e+01            -7.460043566184e+00           -1.123509943787e+01           -3.906225226918e+01           
3030      2.832411274398e+01            -4.934541174079e+00           -1.360106301700e+01           -2.434988194926e+01           
3040      4.606650254837e+01            6.364757149429e+00            2.082782460525e+01            -4.059327833128e+01           
3050      1.176626450743e+01            -9.362438201653e+00           -6.584292065123e+00           -2.727055074635e+00           
3060      2.494375318815e+01            -2.106402865358e+01           -6.265329352167e+00           -1.180013424081e+01           
3070      2.406510892870e+01            1.791138294491e+00            4.324191296598e+00            -2.360556419556e+01           
3080      3.457678183413e+01            3.833664188866e+00            -3.062752057581e+01           -1.558242100159e+01           
3090      3.347537598883e+01            1.990035688388e+01            5.683586279800e+00            -2.631108968644e+01           
3100      2.668925520849e+01            1.528623616837e+01            -1.860130159621e+00           -2.179878994757e+01           
3110      2.064988481775e+01            -1.584434157824e+01           4.039280170691e-01            -1.323674526065e+01           
3120      3.497725477198e+01            2.118930964759e+01            -9.331024638521e+00           -2.621742716663e+01           
3130      3.741941668354e+01            1.270774917979e+01            -2.609683179082e+01           -2.361527527261e+01           
3140      4.630105746196e+01            -2.391936332006e+01           4.966481729074e-01            -3.964095509762e+01           
3150      3.798372361260e+01            -1.161948476568e+01           -4.973967770716e+00           -3.581913563829e+01           
3160      4.710919221598e+01            -2.865812411618e+01           -1.656518232332e+01           -3.351988436702e+01           
3170      1.826258771827e+01            -1.516167602895e+00           1.718804720105e+00            -1.811819682809e+01           
3180      4.467865894862e+01            1.501044276869e+00            -2.745518274416e+01           -3.521565521200e+01           
3190      3.067898964261e+01            1.673489462895e+01            -2.187315317338e+01           -1.351698477853e+01           
3200      2.803413943060e+01            5.949477327150e+00            -1.404485514091e+01           -2.352145270213e+01           
3210      4.193614608793e+01            3.987945201813e+01            -8.565199607036e+00           -9.742022948738e+00           
3220      2.825429288156e+01            1.514825411661e+00            2.746364351200e+01            -6.462093720694e+00           
3230      8.154759279719e+00            -1.690902286160e-01           -2.677069710514e+00           7.700961314654e+00            
3240      3.198313474049e+01            -9.986339565838e+00           1.320274839056e+01            -2.736569686377e+01           
3250      4.024789804652e+01            1.348813282140e+01            1.215836035553e+00            -3.790099356072e+01           
3260      1.932581219981e+01            -1.198621110083e+00           1.527766342125e+01            -1.177469001731e+01           
3270      1.823340552577e+01            2.667495552779e+00            5.986808995241e+00            -1.701468961214e+01           
3280      4.324790868759e+01            5.336449740396e+00            -1.477870927882e+01           -4.029260058709e+01           
3290      4.996922486861e+01            -1.187317471445e+01           -1.927901097762e+01           -4.454515565013e+01           
3300      3.873474050812e+01            -1.293114232100e+01           -1.209549392580e+01           -3.445090285023e+01           
3310      2.466498961892e+01            1.957807794876e+01            -1.498340193070e+01           7.471568222146e-01            
3320      5.432898882234e+01            1.337412879793e+00            -2.056100588318e+01           -5.027022369474e+01           
3330      6.549923384644e+01            -2.548047751621e+01           2.465153319854e+01            -5.507446605259e+01           
3340      2.284876072314e+01            -1.307147242134e+01           3.359049852336e+00            -1.843689939797e+01           
3350      3.282508453630e+01            7.189025939682e+00            2.198943847946e+00            -3.195260125260e+01           
3360      3.884208963444e+01            1.345788259057e+01            -2.711913833617e+01           -2.433404321628e+01           
3370      4.293444613082e+01            -3.089764461804e+00           -7.273813987376e+00           -4.220084892758e+01           
3380      7.451769345487e+01            -3.152711687216e+01           2.929250734637e+00            -6.745626012237e+01           
3390      5.255798595610e+01            3.735586300038e+01            -7.401558706408e+00           -3.622289767501e+01           
3400      3.847770499117e+01            8.714420222314e+00            8.258147834668e+00            -3.655674569648e+01           
3410      5.930563165702e+01            1.261143376787e+01            1.544585193815e+01            -5.585280066802e+01           
3420      2.094515537540e+01            -1.480572930547e+00           -1.375194752652e+01           -1.572868006938e+01           
3430      4.812046218382e+01            2.549394400485e+01            -1.798666132199e+01           -3.663492478974e+01           
3440      2.286865383049e+01            1.562813109627e+01            -1.476932601596e+01           -7.784847814242e+00           
3450      4.836831417214e+01            1.323726201480e+01            -1.566146810366e+01           -4.380624529727e+01           
3460      4.709079561382e+01            -2.499939755369e+01           -2.118045583857e+01           -3.382249907924e+01           
3470      4.100862568124e+01            9.161137087745e-01            -7.456839042544e+00           -4.031455900081e+01           
3480      3.544267921699e+01            3.262944219111e+00            -1.201703270621e+01           -3.318324321158e+01           
3490      1.936197335177e+01            3.645369017442e+00            -1.981195999369e+00           -1.891222248213e+01           
3500      3.686673181822e+01            1.353086500672e+01            -4.421234484854e+00           -3.400770931357e+01           
3510      2.851687497589e+01            1.978632820061e+01            -3.858256358922e+00           -2.016995866623e+01           
3520      3.176318933030e+01            -1.424191255779e+01           -1.386928120965e+01           -2.477319442171e+01           
3530      2.075922314285e+01            -3.052488341948e+00           1.229148946526e+01            -1.644831137663e+01           
3540      5.773397926794e+01            2.764964900686e+01            1.640876783295e+01            -4.795270180201e+01           
3550      3.151989800112e+01            -1.047199244240e+01           -2.201855959744e+00           -2.964781905335e+01           
3560      3.438964988540e+01            -1.226738871688e+01           -4.584492754059e+00           -3.179845309913e+01           
3570      2.332832443093e+01            1.593687102551e+01            -9.304030755890e+00           -1.427101518338e+01           
3580      1.802650299987e+01            -8.001964468640e+00           -1.094286667367e+01           -1.188179464597e+01           
3590      4.701559091070e+01            -3.036694300538e+01           -2.275409103328e+01           -2.775906883235e+01           
3600      2.754132354511e+01            -1.145249598336e+01           -1.992089840053e+01           -1.518297221505e+01           
3610      3.923996050333e+01            -1.049156930922e+01           -3.318731650208e+00           -3.766546818993e+01           
3620      4.017360176370e+01            8.832729905697e+00            9.027061661772e-01            -3.918017716472e+01           
3630      5.463018921688e+01            -1.148392827779e+01           -8.793912254348e+00           -5.268058534646e+01           
3640      4.916069240005e+01            -1.932007430792e+01           -6.532292390237e+00           -4.473072279896e+01           
3650      3.551250664474e+01            2.755091888775e+00            -1.732601757390e+01           -3.087647505636e+01           
3660      4.586792041530e+01            -1.100155017358e+01           -3.286526716547e+01           -3.004506999734e+01           
3670      2.758164366047e+01            -8.780761130626e+00           8.976315141953e-01            -2.613119895153e+01           
3680      4.259656382375e+01            -5.315973472863e+00           1.978105643698e+00            -4.221723313635e+01           
3690      3.802886246725e+01            1.707245169050e+01            6.677461972614e+00            -3.331872259606e+01           
3700      3.140135513232e+01            8.941052117820e-01            6.118035408115e+00            -3.078660947167e+01           
3710      3.966581354251e+01            1.972910637528e+01            -1.565138527261e+01           -3.064593390109e+01           
3720      3.476286298003e+01            -1.425054975702e+01           -9.375931560785e+00           -3.028977354749e+01           
3730      5.551262386783e+01            -1.455619322142e+01           -1.479399313397e+01           -5.148695383050e+01           
3740      3.927302043351e+01            3.860528960362e+00            -1.809894499137e+00           -3.904088538979e+01           
3750      3.037015238519e+01            5.290898240579e+00            1.950512510904e+01            -2.266942094955e+01           
3760      4.638138234083e+01            3.623086213969e+01            1.804792197253e+00            -2.890155673292e+01           
3770      4.021443158232e+01            1.749399237583e+01            1.093500287872e+01            -3.451936341078e+01           
3780      3.132148893572e+01            1.069130070990e+01            -9.718823612555e+00           -2.778985832761e+01           
3790      3.764033364740e+01            -6.673885791878e-01           1.252468381578e+01            -3.548917588346e+01           
3800      3.493639747988e+01            -8.840459666914e-01           -1.464378771001e+01           -3.170693635634e+01           
3810      2.453003076546e+01            -1.030097288672e+01           -9.057818229558e+00           -2.033637863195e+01           
3820      4.142915057401e+01            -3.093138112702e+01           9.537743629881e+00            -2.585837630845e+01           
3830      3.829810187899e+01            -6.207238550577e+00           2.312542007837e+01            -2.989029513585e+01           
3840      3.096279916852e+01            1.771239706905e+01            -2.197506833290e+01           -1.273036897277e+01           
3850      2.099909832101e+01            9.158686974597e+00            -1.333484109391e+01           -1.338889824433e+01           
3860      3.377543444280e+01            -1.561202484496e+01           1.209858787974e+01            -2.739833614212e+01           
3870      4.010809520792e+01            -2.792717456619e+01           6.109470816565e-02            -2.878764473508e+01           
3880      5.262001833962e+01            -4.448855422641e+00           1.975201725988e+01            -4.856883599239e+01           
3890      4.619171279163e+01            1.864817052141e+01            1.590265745350e+01            -3.915387021413e+01           
3900      3.512429317252e+01            -1.909775405993e-01           6.300587092305e+00            -3.455404608350e+01           
3910      2.474922823723e+01            -6.077206709663e+00           -5.935327655887e+00           -2.324572525355e+01           
3920      3.377601945538e+01            -1.010437929974e+01           1.983564995354e+01            -2.540212589800e+01           
3930      3.879521461689e+01            -9.864394216822e+00           -2.121487107972e+01           -3.094659349551e+01           
3940      6.487484973683e+01            -3.118781775239e+01           4.419238075906e+00            -5.671451742762e+01           
3950      4.615810172569e+01            3.016031995973e+01            -1.522504971541e+01           -3.145033093641e+01           
3960      1.938540106635e+01            -1.473906250942e+01           1.001353875177e+01            -7.634320697594e+00           
3970      1.597285081495e+01            -5.788843206923e+00           -9.944049479513e+00           -1.107867940828e+01           
3980      3.341636090887e+01            7.377384178540e+00            -2.179455458331e+00           -3.251887687143e+01           
3990      2.571317342305e+01            7.494578284836e+00            -1.173853573209e+01           -2.161493378853e+01           
4000      3.571837503107e+01            -3.317524926164e+00           9.694207239197e+00            -3.421722795943e+01           
4010      2.042754696098e+01            -7.609842672871e+00           -2.921798571299e+00           -1.873067170301e+01           
4020      4.023854614787e+01            -1.605029277958e+01           -1.317195513356e+01           -3.446778634817e+01           
4030      3.592818507485e+01            -3.053557978719e+01           1.428215797767e-01            -1.893125594960e+01           
4040      3.905717708042e+01            1.494797297073e+01            1.875713323528e+01            -3.082517053240e+01           
4050      2.906297158625e+01            -1.900682295811e+01           1.155649388043e+01            -1.870412916053e+01           
4060      4.160734870583e+01            -1.304569599049e+01           7.915862017796e+00            -3.870814398764e+01           
4070      6.020348376290e+01            1.888263812905e+01            -3.006239390210e+01           -4.862260695759e+01           
4080      1.904814709546e+01            1.443516221068e+01            1.212857151765e+00            -1.236879045223e+01           
4090      2.670565692248e+01            -1.214996560152e+01           -7.607384426687e+00           -2.253215812406e+01           
4100      4.861612774048e+01            2.055218175506e+00            2.454198714419e+01            -4.191652206164e+01           
4110      2.853477260369e+01            3.583512308543e+00            1.333428167935e+01            -2.497175642951e+01           
4120      4.174265208740e+01            -1.445602564706e+01           -2.317115498818e+01           -3.156849540753e+01           
4130      5.103934126476e+01            -1.344477479863e+01           9.326560018784e+00            -4.834529620936e+01           
4140      2.058956097640e+01            1.275363671280e+01            -1.020619612106e+01           -1.253428627954e+01           
4150      4.189974175309e+01            -1.743366088735e+00           -2.090138643803e+01           -3.627231835194e+01           
4160      4.330034122336e+01            2.262262684987e+01            -1.094770370906e+01           -3.526023380481e+01           
4170      2.869770431132e+01            1.435744968799e+01            1.564855031292e+01            -1.930141819403e+01           
4180      3.667618408840e+01            1.759132408772e+01            6.832976324994e+00            -3.144834225629e+01           
4190      3.514984199285e+01            5.428673977526e+00            -6.547821552220e+00           -3.410523308656e+01           
4200      9.834409356385e+00            -5.336438620959e+00           4.772620319665e+00            -6.742412440515e+00           
4210      3.309574366191e+01            1.566468132133e+01            1.817685528377e+00            -2.909711372209e+01           
4220      4.198023265387e+01            2.693207685585e+01            1.908164810557e+01            -2.594019806167e+01           
4230      3.837180481291e+01            1.955726950300e+01            -3.718585606390e+00           -3.280366953978e+01           
4240      2.386833762690e+01            6.890032327430e+00            4.055817556873e+00            -2.248944951625e+01           
4250      2.471138877467e+01            -1.457078340505e+00           6.632363121751e+00            -2.376008033033e+01           
4260      2.001875482638e+01            1.478226206457e+01            -5.625609190460e+00           -1.227142185280e+01           
4270      1.726166224623e+01            -4.981242141601e+00           1.035634319729e+01            -1.288015395132e+01           
4280      3.419414680205e+01            3.670428804287e+00            -2.436083852755e+01           -2.371322783064e+01           
4290      2.766483105636e+01            5.837044808175e-01            -2.147238882076e+01           -1.743383735114e+01           
4300      3.491142231962e+01            -1.371872409799e+01           1.577252977971e-01            -3.210263447496e+01           
4310      3.361899106340e+01            6.513415201805e+00            2.777114297340e+00            -3.286486906576e+01           
4320      2.460510388133e+01            -5.170425071545e+00           -2.199784125299e+01           -9.735133373430e+00           
4330      1.930544885089e+01            -9.731483775884e+00           8.045499465109e-01            -1.665386676534e+01           
4340      1.714856895362e+01            2.685362392763e+00            -1.275632059241e+01           1.114174721129e+01            
4350      1.534996671132e+01            -1.123185613540e+01           6.323575005739e-01            -1.044351520245e+01           
4360      4.288373974638e+01            -1.108139429048e+01           -8.638294042488e+00           -4.051663499416e+01           
4370      4.284840839580e+01            -2.338055041006e+01           1.823179706074e+01            -3.093440706579e+01           
4380      3.344095139614e+01            9.968009408577e-01            9.438662782226e+00            -3.206579584303e+01           
4390      1.886339313199e+01            1.287476124527e+01            6.723865586609e-01            -1.377011327640e+01           
4400      4.704873680723e+01            2.157013303834e+01            9.926633208275e+00            -4.061742174256e+01           
4410      1.799986441673e+01            3.834578149492e+00            -6.160721792286e+00           -1.647229906340e+01           
4420      1.762055177357e+01            -4.881390768641e+00           -6.726074871839e+00           -1.553756048379e+01           
4430      1.483287631989e+01            -5.159040443929e+00           4.313515046614e+00            -1.322089670036e+01           
4440      2.630747030725e+01            -1.460147496757e+01           -1.577729780687e+01           1.516432644899e+01            
4450      3.946753747117e+01            2.130254730002e+01            -1.770825099308e+01           -2.811237875624e+01           
4460      2.927011589287e+01            -1.424110861727e+01           1.572854818704e+00            -2.552364859209e+01           
4470      3.391863233099e+01            -1.098850174978e+01           7.050890219522e-01            -3.208160373129e+01           
4480      3.529661975540e+01            -6.007437144107e+00           -1.480596461969e+01           -3.147293244674e+01           
4490      2.883132095702e+01            -2.048870158311e+01           1.722532349840e+01            -1.071197488515e+01           
4500      1.941432107453e+01            -3.087183222198e+00           3.520966958138e+00            -1.884112401682e+01           
4510      3.025312405751e+01            1.820359785570e+01            -1.527841537772e+01           -1.872032488748e+01           
4520      3.221666138595e+01            -5.484518642422e+00           -1.748536627615e+00           -3.169820098648e+01           
4530      5.159343572682e+01            -2.875191836107e+00           -1.098324718205e+01           -5.032876079680e+01           
4540      4.306998774088e+01            4.611445585073e+00            1.987648382739e+01            -3.792998555596e+01           
4550      6.161857552394e+01            4.129118406573e+01            -1.843430450968e+01           -4.185765623268e+01           
4560      2.832527538248e+01            4.306658880153e-01            7.775165200070e+00            -2.723384949833e+01           
4570      2.565614331668e+01            -2.287904609828e+01           -8.300631470918e+00           -8.117047289686e+00           
4580      4.297816686309e+01            -4.597644403397e+00           -4.436074544736e+00           -4.250065570653e+01           
4590      2.383342323368e+01            7.156405580207e+00            -1.675054386347e+01           -1.537000984011e+01           
4600      4.806933351998e+01            2.856211284114e+00            6.581090373042e+00            -4.753095971741e+01           
4610      2.358087445709e+01            7.718768038201e+00            5.377617567149e-01            -2.227530184816e+01           
4620      4.064798829540e+01            -1.539208985851e+01           7.598822183856e+00            -3.684562964137e+01           
4630      3.566641717962e+01            -8.066166853190e+00           -1.405496761292e+00           -3.471389989012e+01           
4640      4.027718482613e+01            -1.113581367115e+00           7.002317543631e+00            -3.964819167472e+01           
4650      4.027390187370e+01            2.030216173409e+01            -2.140926481509e+01           -2.741263907639e+01           
4660      3.101754093935e+01            -1.580880400361e+00           -2.574006382906e+01           -1.723478393135e+01           
4670      5.389957095570e+01            -1.129530305082e+01           1.724968169835e+01            -4.979988312741e+01           
4680      1.820542810157e+01            -8.519109611829e+00           1.056962155624e+01            -1.213035382588e+01           
4690      2.787053681531e+01            -9.630934456995e+00           1.431270469128e+01            -2.188968725859e+01           
4700      4.481114770612e+01            3.276667156537e+01            -1.096020524353e+01           -2.853520797693e+01           
4710      5.616434214731e+01            -1.704406917590e+01           1.867013717897e+00            -5.348314963187e+01           
4720      2.853191982705e+01            -1.048430387681e+00           -1.125760708593e+01           -2.619613569667e+01           
4730      1.723825773547e+01            -1.969716900441e+00           8.308752482792e+00            -1.497472461404e+01           
4740      3.872797304194e+01            -2.653345282711e-01           -4.026958878636e+00           -3.851712730351e+01           
4750      2.735345088139e+01            -2.520114676709e+01           -5.111134113510e+00           -9.326831445792e+00           
4760      1.521766223603e+01            -7.542882603045e+00           -2.999649772935e+00           -1.287184008627e+01           
4770      3.081850600904e+01            -1.253126733065e+01           -8.265697079473e+00           -2.691516122016e+01           
4780      4.835850845017e+01            -2.811336967370e+01           1.164764181837e+01            -3.758345680198e+01           
4790      2.929743413209e+01            7.427048071843e+00            -2.102089700792e+01           -1.900790605630e+01           
4800      1.934803701262e+01            -1.401672522902e+01           -7.265780083971e+00           -1.118420269252e+01           
4810      4.134413580684e+01            -9.768860214324e+00           2.775835654052e+01            -2.904101544190e+01           
4820      3.070194234605e+01            -2.067725789432e+01           -5.898300314558e+00           -2.191507068643e+01           
4830      4.136346954624e+01            -2.097331902377e+01           -1.793165839325e+01           -3.081415469062e+01           
4840      4.846125725846e+01            2.581086153493e+01            -2.129194921578e+01           -3.505632297444e+01           
4850      3.810167181118e+01            3.776606368981e+00            -3.918513206380e-01           -3.791201777383e+01           
4860      3.089312031665e+01            -1.559457127880e+01           4.003160344688e+00            -2.636605652699e+01           
4870      5.025849432916e+01            2.334799530280e+01            -6.749996252021e+00           -4.399119137023e+01           
4880      3.721169213780e+01            1.772396188578e+01            -3.537852607826e+00           -3.252775439153e+01           
4890      1.974511138338e+01            3.595349114079e-01            1.005727398126e+01            -1.698797805083e+01           
4900      4.125175180433e+01            5.744614993242e+00            1.097274706512e+01            -3.934851010332e+01           
4910      2.121645353320e+01            -5.719664246840e+00           3.542324002030e+00            -2.012151291764e+01           
4920      2.059867730180e+01            3.896425866740e+00            7.271964477221e+00            -1.887437163698e+01           
4930      3.653995596991e+01            1.814561730510e+01            -9.432792783577e+00           -3.028080869465e+01           
4940      3.350595018929e+01            2.520368578291e+01            5.345375591992e+00            -2.142078151758e+01           
4950      4.538379412133e+01            -6.321983207059e+00           -3.059493908906e+01           -3.291915854504e+01           
4960      3.471781252022e+01            -5.867986617683e+00           7.015162971854e+00            -3.349150232107e+01           
4970      2.124371257113e+01            -5.856745118695e+00           1.257842097558e+01            -1.608655296143e+01           
4980      4.614330290829e+01            9.439225607042e+00            -2.768058000144e+01           -3.569160845367e+01           
4990      3.365398150918e+01            -4.640701144200e+00           2.294006895464e+01            -2.418279555111e+01           
5000      2.342951665165e+01            1.808484714159e+01            1.398112597761e+01            -5.138936737651e+00           
