@    title "Magnitude of Electric Field"
@    xaxis  label "Residues"
@    yaxis  label "MV/cm"
#time  EField_Magnitude
@type xydy
21        1.840501984057e+00            4.275664578072e-02            
22        2.972539833496e+00            5.228646293210e-02            
23        1.018691111516e+01            1.255999198726e-01            
24        1.440375313753e-01            2.398599042212e-02            
25        3.397302334886e-01            3.227728054719e-02            
26        3.691625418869e-01            1.570829856799e-02            
27        5.873152089918e-01            2.728413582828e-02            
28        2.894225733276e-01            1.966237691778e-02            
29        3.558121641599e-01            1.214994647194e-02            
30        6.252841469681e-01            1.772071508114e-02            
31        4.734573950694e-01            5.767704536279e-02            
32        4.373036219006e-01            1.398683624962e-02            
33        4.193936349894e-01            1.140719533838e-02            
34        3.270983207641e-01            5.100078988284e-02            
35        3.076825437938e-01            2.038549185632e-02            
36        3.447815021505e-01            1.168529536876e-02            
37        2.979426597377e-01            5.292385614604e-02            
38        7.421743315324e-02            2.092040711879e-02            
39        2.738405248026e-01            2.936882664035e-02            
40        1.486737489791e-01            1.013233794781e-02            
41        1.191185305132e-01            1.721193027958e-02            
42        1.119154067150e-01            4.696124520788e-02            
43        1.770034457518e-01            1.716811600466e-02            
44        1.275349860817e-01            1.503861925208e-02            
45        9.524460398579e-02            1.316049378215e-02            
46        7.251222737171e+00            5.127984744452e-02            
47        5.675113177811e-02            1.384258621722e-02            
48        3.686470695229e-01            1.443825561694e-02            
49        5.147904705032e+00            3.886963392001e-02            
50        3.331260934624e-01            1.583220336776e-02            
51        3.843627580193e-01            1.578903463207e-02            
52        7.621767440520e+00            5.393047289069e-02            
53        6.232211740694e-01            2.310472056252e-02            
54        6.753372886324e-01            2.955793116557e-02            
55        1.332743413902e+00            6.309211371851e-02            
56        1.414238989735e+00            4.339499040922e-02            
57        1.134298763393e+00            8.828402907035e-02            
58        2.077671985259e+00            8.198625306565e-02            
59        4.304791866836e+00            1.002446061510e-01            
60        5.398851494783e+00            2.410300184240e-01            
61        7.631538533783e-01            3.528945070867e-01            
62        1.414571539432e+01            7.207424428439e-01            
63        6.016809664253e+01            2.496818084367e+00            
64        5.435231549429e+00            3.448124618241e-01            
65        1.718513210085e+00            1.931312785259e-01            
66        4.303355384148e-01            1.555945190816e-01            
67        5.285832239058e-01            5.444414143288e-02            
68        1.479064828694e+01            1.461953938715e-01            
69        8.955230913341e-01            2.907728653369e-02            
70        8.962866774398e-01            9.389526921902e-02            
71        1.794988399930e-01            2.727250894640e-02            
72        1.422831037491e-01            7.009859885053e-02            
73        2.735315939523e-01            2.041917159894e-02            
74        5.468546329805e+00            4.990762615725e-02            
75        1.925983207725e-01            1.456024531211e-02            
76        2.020184902589e-01            2.528089554640e-02            
77        7.767518611066e+00            8.630604503110e-02            
78        2.334111803623e-01            2.296285626889e-02            
79        4.474460127823e-02            1.993948438743e-02            
80        3.935141053854e-01            5.906766370732e-02            
81        2.679931790552e-01            4.045821515343e-02            
82        1.886543175089e-01            3.295203375938e-02            
83        3.394011028474e-01            5.622688283574e-02            
84        1.522028947226e+00            1.014471977797e-01            
85        6.702505185343e-01            6.099810702182e-02            
86        1.123218305882e+00            5.705410027443e-02            
87        1.593930110078e+00            1.039028581135e-01            
88        2.927923987370e+00            2.829862999804e-01            
89        1.660112705364e+00            1.617420746281e-01            
90        1.418628484812e+00            9.295570723421e-02            
91        1.285841771549e+00            1.118326909289e-01            
92        7.459314283921e+00            1.050164294776e+00            
93        1.127081881297e+00            1.292501608910e-01            
94        6.982976468818e-01            7.347721495666e-02            
95        8.184394080571e-01            1.277893216199e-01            
96        3.276095053077e+00            4.195956987416e-01            
97        1.464844074215e+01            3.561124558635e-01            
98        3.473417888238e-01            4.740969463582e-02            
99        1.331945455201e+00            5.821624984658e-02            
100       9.174278028157e-01            4.808448315098e-02            
101       3.183850164035e-01            7.520368766186e-02            
102       2.739593085750e-01            2.010396123795e-02            
103       7.293454109788e-01            1.185653908558e-01            
104       6.190560448828e-01            1.925800331994e-02            
105       2.637989900775e-01            1.455934903686e-02            
106       3.470941916362e-01            4.560478086002e-02            
107       3.160920581287e-01            1.499247269483e-02            
108       2.773483565836e-01            1.169152745166e-02            
109       2.287028045750e-01            3.036898054510e-02            
110       2.669636817272e-01            2.828186645323e-02            
111       1.581342327854e-01            1.319677553911e-02            
112       1.277080133152e-01            9.205627010557e-03            
113       2.046797088119e+00            2.027010092052e-02            
