@    title "Magnitude of Electric Field"
@    xaxis  label "Residues"
@    yaxis  label "MV/cm"
#time  EField_Magnitude
@type xydy
21        2.191263799459e+00            8.117841571132e-02            
22        1.447674080187e+00            9.132665384731e-02            
23        5.988346976574e+00            2.074088985457e-01            
24        4.334781750464e-01            1.937490210018e-02            
25        4.973393504067e-01            2.974317445794e-02            
26        4.390210021983e-01            1.279406087847e-02            
27        3.983117739973e-01            2.874239460218e-02            
28        3.955691977389e-01            2.237378176255e-02            
29        3.079186080501e-01            1.323517577963e-02            
30        1.324346994119e-01            2.202716949686e-02            
31        6.032652042370e-01            2.617331048124e-02            
32        2.195902316783e-01            1.317404368410e-02            
33        5.984596837520e-02            1.214238248286e-02            
34        1.894378280247e-01            5.199670069603e-02            
35        7.063947838869e-02            1.612045660658e-02            
36        4.340704671346e-02            8.987370520663e-03            
37        1.380458821513e-01            6.121040305277e-02            
38        2.409316598359e-01            1.010695831867e-02            
39        3.510208335077e-02            1.117286951914e-02            
40        3.565299482808e-02            6.169255674961e-03            
41        1.658860382194e-01            8.369782496225e-03            
42        4.143163587382e-02            1.509326353701e-02            
43        1.639165756442e-01            8.048798414639e-03            
44        1.497210324466e-01            6.857188849297e-03            
45        1.108561356718e-01            6.187943354322e-03            
46        4.395018924761e+00            2.147500534775e-02            
47        1.287101205226e-02            5.265317520678e-03            
48        1.503589785604e-01            7.136678450273e-03            
49        3.494659532459e+00            1.714465853604e-02            
50        2.209005190958e-01            5.375995105399e-03            
51        2.375346187675e-01            4.820086681408e-03            
52        4.625673984840e+00            2.122171335571e-02            
53        3.184422077880e-01            6.714297920232e-03            
54        3.946286799339e-01            8.271760429415e-03            
55        5.735284655227e-01            1.708111431402e-02            
56        5.173736633628e-01            1.226610298212e-02            
57        5.230504501967e-01            2.060785463287e-02            
58        8.274787602212e-01            1.518659092047e-02            
59        8.281732593721e-01            2.967026220187e-02            
60        8.822061692969e-01            3.987281892688e-02            
61        1.412487031842e+00            4.887764337515e-02            
62        9.816872604959e-01            9.849799948387e-02            
63        1.392535776401e+00            1.357228418195e-01            
64        1.295453899801e-01            4.184722903570e-02            
65        4.462078204786e-02            2.339404811921e-02            
66        3.529954872654e-02            2.033935008044e-02            
67        1.902765652725e-01            1.189242557844e-02            
68        6.553461278975e+00            4.233797817941e-02            
69        2.215373956736e-01            7.414255900909e-03            
70        3.439785194417e-01            2.504020782268e-02            
71        1.246069665469e-02            5.179003276491e-03            
72        9.547985135781e-02            2.645475687067e-02            
73        1.724905923685e-01            8.988405788782e-03            
74        3.820817494022e+00            2.472665429278e-02            
75        1.888094770721e-01            6.652237604560e-03            
76        2.035812815200e-01            6.829911222319e-03            
77        4.429098179797e+00            3.059460031160e-02            
78        2.870255787586e-01            1.049002558363e-02            
79        2.824920860838e-01            1.131826059381e-02            
80        4.374789468148e-01            1.666448234028e-02            
81        5.529882008201e-01            1.500572576745e-02            
82        4.516120931433e-01            2.560186309062e-02            
83        6.296221325481e-01            3.110446977295e-02            
84        6.988601842582e-01            3.915895245777e-02            
85        7.333342223324e-01            5.613932303226e-02            
86        3.932357627419e-01            5.954421655115e-02            
87        2.852303511044e-01            5.054149924506e-02            
88        8.081335131185e-01            1.468564203682e-01            
89        1.263078996643e+00            1.663433696299e-01            
90        5.249855100478e-01            7.357630581968e-02            
91        4.378288797349e-01            7.960666169415e-02            
92        5.088078915301e-01            2.250842840989e-01            
93        3.909654071826e-01            1.309339796206e-01            
94        7.100433621064e-01            6.078253454150e-02            
95        2.081484873153e+00            1.052436255721e-01            
96        1.309661937872e+01            1.130380634373e+00            
97        8.116277410389e+00            7.644848539277e-01            
98        1.312308820112e+00            4.364707674768e-02            
99        1.561804143574e+00            4.486226527594e-02            
100       3.340219229377e-01            7.908383856619e-02            
101       3.691865393180e-01            1.627971612849e-01            
102       5.810900263459e-01            2.731209875998e-02            
103       4.170563739045e-01            1.659385769480e-01            
104       1.302999239656e-01            3.437500273094e-02            
105       1.198403305659e-01            2.192362622219e-02            
106       2.556379684972e-01            4.146466359506e-02            
107       1.290463057445e-01            1.878542537957e-02            
108       1.580883268516e-01            1.534796190192e-02            
109       1.298251404313e-01            2.722383604772e-02            
110       1.844707217792e-01            3.442734974179e-02            
111       5.157833685844e-02            1.519571102718e-02            
112       1.813907554071e-01            8.967267338867e-03            
113       1.142597446998e+00            3.513142819576e-02            
