@    title "Electric Field"
@    xaxis  label "Time (ps)"
@    yaxis  label "MV/cm"
#time      Magnitude                     Efield_X                      Efield_Y                     Efield_Z
@type xy
10        1.229880277046e+02            2.508186101912e-01            -1.029254954670e+01           -1.225563359134e+02           
20        9.731064125519e+01            2.230830765185e+00            6.066129885251e+01            -7.605649950609e+01           
30        7.055342744366e+01            2.824060860620e+01            -1.153285949439e+01           -6.361797938855e+01           
40        1.206281620758e+02            2.680427860821e+01            1.444983331899e+00            -1.176035550366e+02           
50        1.010457736624e+02            -4.740014024632e+00           4.122600640057e+01            -9.213141178961e+01           
60        1.126981178585e+02            -3.684867507759e+00           -4.325776735610e+00           -1.125547652298e+02           
70        1.161977929269e+02            -1.012883404517e+01           1.179754573513e+01            -1.151527321282e+02           
80        1.306278247871e+02            2.031130863438e+01            -1.528293796947e+00           -1.290300107271e+02           
90        7.942246130172e+01            1.682883812424e+01            -1.711866071854e+01           -7.570778706193e+01           
100       6.022633063717e+01            2.572417529856e+01            1.302592799049e+01            -5.287535254931e+01           
110       1.198883115812e+02            4.774590438618e+01            2.669732824574e+01            -1.066807786467e+02           
120       1.000459517727e+02            3.734789993382e+01            -3.374721224449e+01           -8.646069917804e+01           
130       8.988948266991e+01            -2.863862475610e+01           -2.217808312324e+01           -8.226834686392e+01           
140       1.277578692754e+02            -1.238514391180e+01           -2.506871604759e+01           -1.246605023566e+02           
150       1.282763419213e+02            -1.982924527482e+01           2.762138531475e+00            -1.267043468839e+02           
160       1.189077802941e+02            -8.726985500372e+00           -1.048076553246e+00           -1.185824669759e+02           
170       1.386001233769e+02            7.546998562301e+00            9.564275389314e+00            -1.380636145010e+02           
180       1.238700294504e+02            -2.300345938155e+01           1.305160365818e+01            -1.210135558294e+02           
190       1.131006771921e+02            -2.868740370213e+01           5.157299112887e+00            -1.092803656473e+02           
200       1.290682886950e+02            1.872361175985e+00            -1.466951207790e+01           -1.282182624499e+02           
210       1.255551032348e+02            -1.510681303540e+01           1.054240912270e+01            -1.241963194226e+02           
220       9.553829499201e+01            8.287376523296e+00            7.341761890389e-01            -9.517534442105e+01           
230       1.360539361388e+02            3.765363033321e+01            -9.327899405053e+00           -1.304065487400e+02           
240       8.834812206578e+01            1.275117768866e+01            2.189561690960e+01            -8.463675383810e+01           
250       5.847357181353e+01            -8.248976457120e+00           -9.762141111240e+00           -5.705973702153e+01           
260       1.314970516548e+02            3.704614577339e+00            1.031375890848e+01            -1.310396001288e+02           
270       1.137762557882e+02            1.492707898197e+01            3.510045733184e+01            -1.071922412740e+02           
280       9.606715542840e+01            1.880627046046e+01            1.776182564502e+00            -9.419165418959e+01           
290       1.027637360448e+02            -1.178943478060e+01           2.359938538578e+01            -9.932000645821e+01           
300       1.168328168496e+02            -3.395242311717e+01           3.355642169394e+01            -1.066353910322e+02           
310       1.420461703216e+02            1.772786317270e+01            1.605772167064e+01            -1.400178093855e+02           
320       1.179374231298e+02            -3.342289979179e+01           -7.863327190857e+00           -1.128286915172e+02           
330       1.225973797448e+02            1.966743260303e+01            -1.295365384600e+01           -1.203142238770e+02           
340       1.014951781860e+02            -6.820042363733e+00           -1.157853967569e+00           -1.012591605306e+02           
350       1.122134000779e+02            1.841723028315e+01            1.224227223404e+01            -1.100126336213e+02           
360       1.044283758562e+02            1.569785456137e+01            -2.806115310661e+01           -9.935509414448e+01           
370       1.079610375925e+02            -3.610194202809e+01           3.808725417067e+01            -9.434827231908e+01           
380       7.562602353429e+01            -1.072656632414e+01           -5.042328594028e+00           -7.469143948843e+01           
390       1.055912252956e+02            -1.327344698518e+01           -4.366758597421e+00           -1.046625715521e+02           
400       8.438320385261e+01            6.257223458329e+00            2.093966664264e+01            -8.150400363122e+01           
410       1.236751955137e+02            2.383253025775e-01            3.070828281847e+01            -1.198019138109e+02           
420       8.218548621250e+01            7.710698499993e+00            4.639306654817e+00            -8.169134658205e+01           
430       1.326390625370e+02            -9.331706634910e+00           -2.399470434876e+00           -1.322886340681e+02           
440       9.578557322180e+01            -3.668271790427e+01           -4.863975921604e+00           -8.834928399721e+01           
450       9.602919708996e+01            2.323058852367e+01            -2.102682410673e+01           -9.077344941431e+01           
460       1.210728308620e+02            -3.721360960703e+01           1.243874549493e+01            -1.145384443909e+02           
470       9.671596783202e+01            1.100586954601e+01            6.678926540938e+00            -9.585531393450e+01           
480       1.285455505748e+02            1.696183386835e+01            2.469830193104e+01            -1.250049944848e+02           
490       8.441565625863e+01            2.903906779386e+01            2.582163021356e+01            -7.493983571074e+01           
500       9.072539867064e+01            -2.386659859484e-02           8.070638272541e+00            -9.036571358766e+01           
510       1.174113854782e+02            -3.482355262065e+01           2.967399830291e+01            -1.081305111775e+02           
520       9.520646477769e+01            -3.109528928535e+01           -1.903595562966e+01           -8.794877095783e+01           
530       1.497005121713e+02            3.166963472602e+01            -2.273523899264e+01           -1.445350700994e+02           
540       1.081628547675e+02            3.653821502660e+01            4.431462175747e+01            -9.165356672070e+01           
550       1.173012904961e+02            -2.673756350273e+01           4.511880584080e+01            -1.049237285341e+02           
560       7.145674322005e+01            -8.990597231450e+00           9.787892947837e+00            -7.020991713910e+01           
570       9.678977485060e+01            -5.719435532321e+00           -1.186349054243e+01           -9.588955190724e+01           
580       1.205932457266e+02            1.497980758347e+01            1.972740325530e+01            -1.180218871246e+02           
590       9.115241024071e+01            -1.532666349154e-01           1.438859934028e+01            -9.000948067317e+01           
600       1.020714395750e+02            1.469435975289e+01            -7.365332886994e+00           -1.007392993813e+02           
610       1.096962717406e+02            -1.124575313319e+01           9.654437279525e+00            -1.086903717496e+02           
620       1.331949548399e+02            1.447624148009e+01            3.360260800212e+01            -1.280710707493e+02           
630       1.192742324624e+02            9.481402840668e+00            -2.376244588566e+01           -1.164980330100e+02           
640       1.310274507720e+02            1.819416252728e+01            -2.669593290150e+01           -1.269822525878e+02           
650       1.268654427071e+02            1.539849402418e+01            -1.291640534412e+01           -1.252632963323e+02           
660       1.147021678427e+02            -2.929460633124e+01           9.482148683238e+00            -1.104920911381e+02           
670       1.094946382577e+02            2.426390535997e+01            1.750853041252e+01            -1.053270623660e+02           
680       9.912290429851e+01            7.695986036355e+00            5.217678044964e+00            -9.868585405882e+01           
690       1.268664158711e+02            1.037243418255e+00            -3.015041732419e+01           -1.232272856848e+02           
700       1.245971116830e+02            -5.489923617956e+01           5.788033918459e+00            -1.117005495510e+02           
710       9.326759464027e+01            2.611082250130e+01            -1.132424596555e+01           -8.881908922973e+01           
720       9.837632765990e+01            -3.636158621987e+01           1.651403120778e+01            -8.990563755789e+01           
730       9.825148963679e+01            7.038136593552e+00            2.499591416632e+01            -9.475771274218e+01           
740       1.043486579620e+02            6.779732075805e+00            -1.196714476889e+01           -1.034382187469e+02           
750       1.029635348346e+02            -2.413830540208e+00           -3.013900597033e-01           -1.029347953405e+02           
760       1.067502834327e+02            -1.322760843313e+00           4.993548254497e+01            -9.434151207033e+01           
770       8.198321393338e+01            1.269749038327e+01            -3.638017701017e+00           -8.091221126641e+01           
780       1.173887797716e+02            2.493823295718e+01            -2.267387072311e+00           -1.146868305827e+02           
790       9.051460981883e+01            -7.512834810581e+00           1.721338607101e+01            -8.854462854253e+01           
800       9.480991628658e+01            3.890768510704e+01            -3.037403862689e+01           -8.094769943224e+01           
810       9.252791658050e+01            2.780124128882e+01            -1.734162728160e+01           -8.653192643617e+01           
820       1.332084784065e+02            -1.711510188606e+00           -9.305250301192e+00           -1.328720503683e+02           
830       1.105951981753e+02            2.907972963389e+01            8.483035113200e+00            -1.063659028972e+02           
840       1.372665419749e+02            -3.795334483588e+01           -1.048384441064e+01           -1.314980462512e+02           
850       9.927529162914e+01            -8.467680586814e+00           3.597747632740e+01            -9.213849961141e+01           
860       1.158874687155e+02            4.329898213547e+01            -2.159082460517e+01           -1.053040352702e+02           
870       1.227830467878e+02            6.301295721143e+01            3.959952035556e+01            -9.765716455829e+01           
880       1.046346475069e+02            9.519605678505e+00            -2.415113237904e+01           -1.013632545424e+02           
890       1.124840503197e+02            -3.471817131741e+01           1.364232442235e+00            -1.069834053793e+02           
900       1.178006385754e+02            4.478512238938e+00            3.158142485634e+01            -1.133999425967e+02           
910       6.858319769981e+01            -1.091993468137e+01           -1.453468321742e+01           -6.612981942404e+01           
920       1.145424820506e+02            4.683789971817e+00            2.708959557135e+01            -1.111944068629e+02           
930       8.201436160828e+01            -1.169635460763e+01           7.860199217796e-01            -8.117224261771e+01           
940       1.185255439127e+02            8.701626171698e-01            1.758358599240e+01            -1.172107711793e+02           
950       1.240117834345e+02            6.838705607788e+01            -1.959017738498e+01           -1.015793184739e+02           
960       1.067227599190e+02            9.858110457076e+00            1.128230266658e+01            -1.056658638799e+02           
970       7.471121857158e+01            -7.468045403091e+00           1.980768268744e-01            -7.433676912457e+01           
980       9.282640787230e+01            9.906247605321e+00            -1.555253673067e+00           -9.228320238737e+01           
990       7.340580564807e+01            4.714055182733e+00            3.392308522595e+01            -6.492622178542e+01           
1000      1.292891865445e+02            -1.066767513850e+01           9.182676336828e+00            -1.285207100812e+02           
1010      1.179673959268e+02            1.369000296753e+01            3.877682219968e+01            -1.105678451477e+02           
1020      7.381272233346e+01            -3.651495843520e+01           -8.064559849095e+00           -6.363912839749e+01           
1030      1.044081686465e+02            1.403630486511e+01            -1.809172407012e+01           -1.018662718765e+02           
1040      1.271399764959e+02            -3.532175549475e+01           6.440005203526e+01            -1.037765894121e+02           
1050      8.326446903647e+01            -2.703331088210e+01           2.190729893482e+01            -7.564550323751e+01           
1060      1.386744182646e+02            3.718827085557e+01            -3.239950694108e+01           -1.296067079351e+02           
1070      8.890035837113e+01            -4.850525854979e+01           1.369727164409e+01            -7.323181249322e+01           
1080      1.078494580813e+02            1.376376707361e+01            -1.581182979138e+00           -1.069558983168e+02           
1090      1.148379167811e+02            1.843727728409e+00            4.774350705130e+00            -1.147238134567e+02           
1100      7.361594093195e+01            -3.384593124243e+01           1.141382618156e+01            -6.436990189153e+01           
1110      1.453253736423e+02            6.037410630259e+01            -3.781329356908e+00           -1.321367967703e+02           
1120      1.104731276605e+02            -3.643930386044e+01           -2.979249000164e+00           -1.042478447962e+02           
1130      1.110282749228e+02            -9.634036170862e+00           3.698719618220e+01            -1.042420764278e+02           
1140      1.350767154961e+02            3.674986953832e+01            2.262818025494e+01            -1.279966078319e+02           
1150      1.129096985311e+02            -1.562626017898e+01           5.690668279722e+01            -9.626032135947e+01           
1160      1.236313941778e+02            -2.825424426122e+01           -2.000033798160e+00           -1.203429232335e+02           
1170      1.189504800127e+02            -7.271434901563e+00           3.898781741085e+00            -1.186639896121e+02           
1180      1.028030102560e+02            3.291626832947e+01            -3.993663854917e+01           -8.882591456523e+01           
1190      1.147046911222e+02            1.631304958658e+01            6.755116016755e+00            -1.133376327008e+02           
1200      1.043751309589e+02            -3.691885394608e+01           -3.366411598255e+01           -9.164002117584e+01           
1210      1.442499122196e+02            2.249880547669e+01            -3.380036469193e+01           -1.384173987408e+02           
1220      1.345257010947e+02            4.399406321343e+01            2.344783049788e+01            -1.249475325964e+02           
1230      1.137486938882e+02            2.425921281213e+01            1.852309674901e+01            -1.095771456182e+02           
1240      1.020922780111e+02            -3.182532549235e+01           1.744805978890e+01            -9.542299039753e+01           
1250      9.637065750714e+01            1.553571221912e+00            -4.232646806174e+01           -8.656419667643e+01           
1260      1.097964305911e+02            2.743988590963e+01            -7.357935901769e+00           -1.060573882909e+02           
1270      1.144567211400e+02            -4.143257880860e+01           9.493974529615e+00            -1.062711008460e+02           
1280      1.728687589777e+02            -4.972548048896e+01           5.799375176449e+01            -1.550732381067e+02           
1290      1.207883703754e+02            5.389815884102e+01            5.067120793924e+01            -9.548427921643e+01           
1300      9.674841439559e+01            -3.655490726350e+01           1.325597377917e+01            -8.859048257112e+01           
1310      1.259835494516e+02            1.408902863611e+01            6.061569440034e+00            -1.250464368962e+02           
1320      1.368732388278e+02            2.188977217706e+01            1.724943813823e+01            -1.340058889198e+02           
1330      1.210573018614e+02            2.063195779521e+01            3.850858614203e+01            -1.128994306666e+02           
1340      9.027970211761e+01            1.514661985374e+01            6.185208494971e+00            -8.878483945654e+01           
1350      1.296502271745e+02            2.076321313344e+01            -3.287864556213e+01           -1.236813043786e+02           
1360      1.081028829743e+02            -2.080913455651e+01           8.348559531408e+00            -1.057521384186e+02           
1370      1.048830466708e+02            2.749152536434e+00            -1.202762588328e+01           -1.041548455661e+02           
1380      1.666819079949e+02            2.388733366596e+01            7.990577997886e+00            -1.647677286559e+02           
1390      8.452892335313e+01            8.654600196010e+00            1.608568183705e+01            -8.253173703809e+01           
1400      1.193658994995e+02            -1.990120944027e+01           -2.482110436595e+01           -1.150481316849e+02           
1410      1.231707183649e+02            1.783904922478e+01            4.712707139921e+01            -1.123914290620e+02           
1420      9.714025435750e+01            2.451058887185e+01            -2.431794023807e+01           -9.079701444636e+01           
1430      1.047089159274e+02            3.121723670804e+00            -1.237023847717e+01           -1.039287694339e+02           
1440      7.732937333627e+01            -2.335526695418e+00           -1.938168246971e+01           -7.482464620884e+01           
1450      1.170803577064e+02            -6.173069632100e+00           2.311863575120e+01            -1.146090400143e+02           
1460      1.281232109474e+02            3.992050608407e+01            7.255144200190e-01            -1.217431066069e+02           
1470      1.127831591182e+02            -4.935681478143e+01           7.401255070000e+01            -6.932595584774e+01           
1480      8.403214106436e+01            1.609115491704e+01            -2.325554024829e+01           -7.913062184171e+01           
1490      6.184951252516e+01            -7.951360676073e+00           2.368003614214e+01            -5.658086205871e+01           
1500      9.616776289765e+01            2.427235003805e+00            1.309286422536e+01            -9.524139886284e+01           
1510      1.283483335183e+02            9.457676008514e-01            1.986399712529e+01            -1.267983511674e+02           
1520      1.214918579038e+02            -1.919158977201e+01           -2.296681737147e+01           -1.177475253190e+02           
1530      1.325364877366e+02            3.062503524384e+01            -8.773677474151e+00           -1.286508856614e+02           
1540      7.509569587279e+01            3.103892786325e+01            2.284941101887e+01            -6.445039109121e+01           
1550      1.082370332148e+02            1.187177208981e+01            4.552695623983e+01            -9.747621577655e+01           
1560      1.153604873804e+02            -2.169689915903e+01           2.221733146521e+01            -1.111021007816e+02           
1570      1.120250544580e+02            3.049874572516e+01            -2.581199562292e+01           -1.046574422460e+02           
1580      1.249393990847e+02            -4.196118080665e+01           -8.902041481189e+00           -1.173450740612e+02           
1590      1.122418574912e+02            -2.394802649716e+00           1.798775077160e+01            -1.107652486817e+02           
1600      1.199055332583e+02            -2.647194693920e+01           4.323341376074e+01            -1.086620672811e+02           
1610      1.025454353898e+02            -1.154777024654e+01           5.298767628276e+00            -1.017552867582e+02           
1620      1.130240859577e+02            2.157819609164e+01            3.308483953107e+00            -1.108958042215e+02           
1630      1.256810628675e+02            2.426644627913e+00            1.279326601883e+01            -1.250046931276e+02           
1640      1.268088788151e+02            2.081989421322e+00            -2.628645359993e+01           -1.240370082819e+02           
1650      1.165704841687e+02            -2.750159027359e+01           7.649481184658e+00            -1.130213508562e+02           
1660      1.087320094610e+02            -1.320874578058e+01           4.623751492999e+01            -9.752061899632e+01           
1670      1.181261856544e+02            2.823419827381e+01            3.936157684687e+01            -1.077371433314e+02           
1680      1.452914407375e+02            -9.062471534762e+00           -2.815134630089e+01           -1.422496961779e+02           
1690      1.124974990920e+02            1.107925398417e+01            1.063116390063e+01            -1.114446759034e+02           
1700      1.114470558391e+02            -4.446943283874e-01           3.298475333828e+01            -1.064530626585e+02           
1710      1.219998865417e+02            -2.850902257949e+01           2.918648456334e+00            -1.185862109983e+02           
1720      1.187347899101e+02            2.304380753066e+01            1.334033881703e+01            -1.157107109551e+02           
1730      9.279690925751e+01            2.673687024782e+01            -4.169955961531e+01           -7.847007623921e+01           
1740      1.153539970876e+02            1.496115412434e+01            1.386848948277e+01            -1.135357807514e+02           
1750      9.157502768207e+01            1.326360262844e+01            1.433831206947e+00            -9.059805002513e+01           
1760      1.010601041127e+02            2.566772793676e+01            3.074769989497e+01            -9.278411144695e+01           
1770      1.106656151318e+02            2.989618656835e+01            2.191472992373e+00            -1.065283710910e+02           
1780      8.854342098859e+01            2.847789866595e+01            2.407442228760e+01            -8.030796274003e+01           
1790      9.654636348314e+01            -1.198032718805e+01           -7.426276883438e+00           -9.551189702826e+01           
1800      1.004111967634e+02            -3.553304957974e+01           2.317416787299e+01            -9.100971797793e+01           
1810      1.153371003620e+02            2.553391690598e+01            6.335987819704e-01            -1.124733940091e+02           
1820      1.323167919792e+02            -1.184253753637e+01           6.076037480763e+01            -1.169429972148e+02           
1830      9.117875698963e+01            3.897796070085e+01            -1.828362865817e+01           -8.037408306704e+01           
1840      9.869568574814e+01            -3.210293224924e+01           2.535676893903e+01            -8.981800707692e+01           
1850      8.969132984020e+01            -2.172709071877e+01           2.258370731422e+00            -8.699061983365e+01           
1860      9.125633934166e+01            -1.126416341554e+01           1.200584783665e+00            -9.055052009108e+01           
1870      1.194610823965e+02            4.516926763865e+01            3.222761121132e+01            -1.057925731984e+02           
1880      1.289587367001e+02            -3.754909990108e+01           2.063722149143e+01            -1.216327503472e+02           
1890      1.040561718784e+02            1.035260258808e+00            8.654668799804e-01            -1.040474224056e+02           
1900      1.255498070644e+02            3.298587772514e+01            3.740204320896e+01            -1.152205410871e+02           
1910      8.977162548829e+01            3.043891242765e+00            -2.699852043052e+01           -8.556143619339e+01           
1920      5.929306477235e+01            -1.327001502838e+01           1.108437072098e+01            -5.671605554836e+01           
1930      1.026159646912e+02            1.809108315319e+01            1.421712203175e+00            -1.009986517448e+02           
1940      9.216131757078e+01            1.246897466439e+01            6.460710712997e+01            -6.453026294304e+01           
1950      7.409159383760e+01            5.914874445184e+00            2.238683256380e+01            -7.038045371731e+01           
1960      7.222390598045e+01            1.839508504574e+01            7.177100204081e+00            -6.947231588117e+01           
1970      9.040788885667e+01            7.990848251472e+00            3.806972970418e+01            -8.161144767734e+01           
1980      5.494258955605e+01            1.075269753104e+01            1.521364670917e+01            -5.168764452689e+01           
1990      7.032744077258e+01            1.077913948881e+01            -2.968789045120e+00           -6.943302794138e+01           
2000      9.326788100352e+01            2.175614773216e+01            -2.662807505539e+00           -9.065581679590e+01           
2010      4.782723298048e+01            2.225325622564e+00            3.754967007181e+01            -2.953835503106e+01           
2020      1.305569723899e+02            2.246174326521e+00            1.943375763819e+01            -1.290829454443e+02           
2030      1.223442216394e+02            -1.703464734923e+01           -1.037639293191e+01           -1.207073312933e+02           
2040      1.133761694984e+02            1.791617342736e+00            1.617104734584e+01            -1.122026877805e+02           
2050      8.313434495192e+01            -2.396058456334e+01           -3.941102711860e+00           -7.950897689810e+01           
2060      9.094138548330e+01            -3.577301084527e+00           1.513878294226e+01            -8.960109241298e+01           
2070      1.120360369750e+02            -1.963142448846e+01           1.842536496301e+01            -1.087528697534e+02           
2080      7.450695713434e+01            8.180888909067e+00            -1.984692499072e+00           -7.402986366164e+01           
2090      7.197359042086e+01            -1.381313863362e+00           -5.540891842285e-01           -7.195820088952e+01           
2100      9.775839578368e+01            -1.491787601143e+01           -4.686580271121e+01           -8.448524994187e+01           
2110      1.027401088526e+02            5.813468220704e+00            8.003667927905e-01            -1.025723791637e+02           
2120      6.457493253052e+01            -7.733047849490e+00           -9.936394009353e+00           -6.333553470501e+01           
2130      1.133950757970e+02            -5.069764079400e+01           4.487359547267e+01            -9.096456926896e+01           
2140      9.790331402701e+01            -1.882835076332e+01           1.175534611537e+00            -9.606857042437e+01           
2150      1.198643683313e+02            -1.545892750130e+01           8.015266826885e+01            -8.777265021272e+01           
2160      1.308698755747e+02            2.523453140047e+01            6.392872423346e-01            -1.284123594899e+02           
2170      7.666854343445e+01            8.072721272097e+00            -2.517306846328e+01           -7.196675168274e+01           
2180      1.102589689173e+02            -2.495342973028e+01           3.324818683182e+01            -1.021221065382e+02           
2190      1.275955467929e+02            -9.186910037193e+00           -1.553673716626e+01           -1.263124461150e+02           
2200      1.017595606793e+02            8.204135464903e-01            -1.307296283358e+00           -1.017478554452e+02           
2210      1.289168192488e+02            -1.683889926727e+01           1.327255126944e+01            -1.271213480872e+02           
2220      6.000169679516e+01            -5.766685161128e+00           1.373483078384e+01            -5.812317424134e+01           
2230      7.161605890628e+01            -2.382901566158e+00           -1.434443578779e+01           -7.012430987414e+01           
2240      1.075974053182e+02            -3.147622611475e+00           3.432343128344e+01            -1.019274063637e+02           
2250      8.839948763986e+01            3.806070640703e+01            -5.560335210829e+00           -7.959230311488e+01           
2260      1.070476908953e+02            1.565379387998e+01            1.706299580693e+01            -1.045132577106e+02           
2270      7.902808061119e+01            2.642071978259e+01            1.960203923319e+01            -7.185501478087e+01           
2280      9.740823466386e+01            6.064159207433e+00            -9.853670246670e+00           -9.671864006543e+01           
2290      9.777238820081e+01            1.816940342252e+01            5.156810516226e+00            -9.593080828941e+01           
2300      6.254386126231e+01            -1.363554482357e+01           1.268519679289e+01            -5.970671889569e+01           
2310      1.270012324063e+02            -1.236817908140e+01           1.264840848250e+01            -1.257631064414e+02           
2320      1.206106671891e+02            4.562658484900e+01            2.737002374514e+01            -1.082406097313e+02           
2330      7.417000129741e+01            -1.151443718926e+01           4.484538134310e+00            -7.313341060278e+01           
2340      1.044219083318e+02            -9.511029422867e+00           2.412557439642e+01            -1.011505408736e+02           
2350      9.121098653827e+01            4.089125752802e+01            2.052197388419e+01            -7.890625901003e+01           
2360      1.385899699692e+02            2.386393584518e+01            1.483222012108e+00            -1.365118763863e+02           
2370      9.168513530601e+01            -3.854945516814e+01           -1.058400113062e+01           -8.251110508524e+01           
2380      1.200877260633e+02            1.198836523293e+00            -4.331811299366e+01           -1.119962759592e+02           
2390      8.614692297075e+01            -1.007755053505e+00           -9.525613227856e+00           -8.561272954248e+01           
2400      1.204971138894e+02            -5.434205641428e+00           2.333851618602e+01            -1.180903786384e+02           
2410      1.105785110526e+02            3.417279435444e+01            3.642170210968e+01            -9.865742165726e+01           
2420      8.907118086997e+01            -7.306402025571e+00           -1.274157977560e+01           -8.785182921165e+01           
2430      1.142338143457e+02            3.603251921472e+01            -2.082879820310e+01           -1.063822497619e+02           
2440      7.393184336016e+01            1.138328182017e+00            1.446172688206e-01            -7.392293796533e+01           
2450      8.865698248185e+01            1.759624142766e+00            3.369457268080e+01            -8.198560872203e+01           
2460      8.853774711615e+01            1.228386810979e+01            2.953757586881e+01            -8.255647073645e+01           
2470      8.492150309424e+01            2.751746535906e+00            -6.238501874897e-01           -8.487461569711e+01           
2480      1.159461782878e+02            -3.753821363796e+01           1.260794973958e+01            -1.089744849943e+02           
2490      1.330508614819e+02            -2.500359952502e+01           1.309991261380e+01            -1.300220905899e+02           
2500      9.217518279022e+01            3.192395467924e+01            -1.598749089944e+01           -8.497955974697e+01           
2510      9.227194264664e+01            -7.922483443276e+00           9.926018909433e+00            -9.139376239375e+01           
2520      1.139402914392e+02            2.638746656645e+01            3.456157066014e+01            -1.053166152844e+02           
2530      1.044988235802e+02            4.439858245684e+01            6.384327640830e+00            -9.438225662723e+01           
2540      9.194211268994e+01            5.453095786388e+00            -1.260863055640e+01           -9.091005592192e+01           
2550      1.039340451894e+02            2.496539038065e+01            1.546801531371e+01            -9.969832262801e+01           
2560      1.162779111123e+02            6.298212027547e-01            3.063566865940e+01            -1.121677838939e+02           
2570      6.611974304523e+01            7.054708694117e+00            -4.897955590506e+00           -6.555960293231e+01           
2580      1.040893932306e+02            1.938035132936e+01            5.093578738852e+00            -1.021423478342e+02           
2590      7.537456739681e+01            1.573966653106e+01            -1.041220258021e+00           -7.370552332167e+01           
2600      6.571232636220e+01            -4.659205735330e+01           4.070208897605e+01            -2.215016885950e+01           
2610      9.843407878959e+01            -5.911731669056e+00           2.319779406910e+01            -9.547869734216e+01           
2620      1.307880430562e+02            -3.234112229051e+01           -3.715151025188e+01           -1.211582820176e+02           
2630      8.701190621450e+01            1.833504481209e+01            6.639844160178e+00            -8.479864635917e+01           
2640      1.179475620453e+02            -2.998546922345e+00           1.069048192280e+00            -1.179045938238e+02           
2650      1.180809936883e+02            -1.602249153601e+01           -1.657387288122e+01           -1.158089270009e+02           
2660      9.085687422719e+01            6.112737964710e+00            4.718080314077e+01            -7.740528304905e+01           
2670      1.173615552068e+02            6.076498374376e+01            1.923478479983e+01            -9.854630609456e+01           
2680      1.081071019185e+02            4.690921612246e+01            -1.162962269268e+01           -9.670275489360e+01           
2690      8.775635032472e+01            -4.716364870784e+01           1.101510949749e+01            -7.318083509798e+01           
2700      1.181145712623e+02            -7.831729908083e+00           2.556414712359e+01            -1.150486433339e+02           
2710      1.025881892618e+02            2.730863962055e+01            9.542238720042e+00            -9.842520235333e+01           
2720      9.993591441241e+01            -9.274232993244e+00           -1.427817447623e+01           -9.847491724017e+01           
2730      1.143403871498e+02            3.922468830771e+00            2.867388715045e+00            -1.142371062912e+02           
2740      7.037298208162e+01            8.624635067063e+00            1.925567648628e+01            -6.713561796898e+01           
2750      9.005157570284e+01            -2.618586436453e+00           -1.832435417636e+01           -8.812858410106e+01           
2760      1.028813241323e+02            1.720508931242e+01            1.773452034598e+01            -9.987010836609e+01           
2770      1.011924431865e+02            1.616155078317e+01            4.851220724401e+01            -8.732285257969e+01           
2780      1.293705164262e+02            -2.395779998803e+01           6.042054270119e+01            -1.118575538790e+02           
2790      1.110715171386e+02            3.757670733442e+01            -1.624912472138e+01           -1.032513386410e+02           
2800      1.065561005719e+02            2.548485594814e+01            -7.236494852589e+00           -1.032102602877e+02           
2810      1.232499102332e+02            -1.840292777466e+01           -1.400395095814e+01           -1.210609845465e+02           
2820      1.165668024109e+02            2.802150842023e+00            -2.737690227469e+01           -1.132716760572e+02           
2830      9.129918562774e+01            -1.361938745599e+01           -3.760997530894e+00           -9.019927094597e+01           
2840      1.070660983912e+02            5.247062358668e+00            1.943083983863e+00            -1.069197932375e+02           
2850      1.066415783319e+02            3.526627807617e+01            -3.083270650080e+01           -9.580219240497e+01           
2860      7.368996991838e+01            -9.966645810623e+00           -6.206615090818e+00           -7.274857776597e+01           
2870      1.136941396591e+02            1.064228078464e+01            8.500313043215e-01            -1.131917695740e+02           
2880      1.047014306811e+02            2.002921933430e+01            -5.037048634912e+01           -8.957697284727e+01           
2890      1.311033344804e+02            -1.440796651838e+01           -6.187482997382e+00           -1.301622443984e+02           
2900      1.196519357557e+02            -1.428694860107e+00           -1.461561344590e+01           -1.187473300950e+02           
2910      7.639035823900e+01            1.107351172872e+01            -1.291893352025e+01           -7.447123825059e+01           
2920      1.104484448183e+02            -7.085960653740e+00           1.430155213806e+01            -1.092891290607e+02           
2930      8.138890011309e+01            -1.950451707968e+01           -3.078123079167e+01           -7.277528911696e+01           
2940      9.606235056673e+01            1.296712495564e+01            -5.414079013571e+00           -9.502903038138e+01           
2950      7.135096962254e+01            9.057472738172e+00            1.484610496532e+00            -7.075817256930e+01           
2960      6.695763547146e+01            8.649994823335e-01            -2.358314364797e+01           -6.266108887901e+01           
2970      1.279058498962e+02            -1.475393134754e+00           6.755823524322e+01            -1.085984093050e+02           
2980      3.509157179505e+01            1.563055775809e+01            -6.299340254293e+00           -3.078022721778e+01           
2990      1.012266757997e+02            1.690936021133e+00            7.377424174439e+00            -1.009433219256e+02           
3000      1.064949202271e+02            2.330113156870e+01            3.585500794790e+00            -1.038526335046e+02           
3010      1.150608318804e+02            3.604866760409e+00            -1.495051022594e+00           -1.149946294011e+02           
3020      9.895686954973e+01            2.853161710894e+01            2.067956382825e+01            -9.247034387361e+01           
3030      1.263356913587e+02            -1.638362158454e+01           1.300427093671e+01            -1.245920253959e+02           
3040      1.052013342918e+02            -1.415907764818e+01           -2.123121403054e+01           -1.020591828681e+02           
3050      6.820290741020e+01            4.117469724207e+00            -1.742864748584e+01           -6.580976575774e+01           
3060      8.966414707272e+01            -9.334709477275e+00           1.707179861601e+00            -8.916057428131e+01           
3070      9.746397273264e+01            1.047428674282e+01            1.497425282297e+01            -9.573550569383e+01           
3080      9.127649298199e+01            3.136268898848e+01            1.705389227376e+01            -8.400562284048e+01           
3090      1.060516911487e+02            1.596155957447e+01            -3.882592714906e+00           -1.047717294181e+02           
3100      9.967481573922e+01            2.948240718821e+00            3.662745412666e+01            -9.265423019761e+01           
3110      1.147048485361e+02            6.508849038817e+00            2.468257587647e+01            -1.118284740573e+02           
3120      7.920257866018e+01            1.131315707672e+01            1.053914899396e+01            -7.767874408011e+01           
3130      1.003930522893e+02            -4.213879199667e+00           -1.381598552089e+01           -9.934851138362e+01           
3140      8.881198350808e+01            3.393963592211e+01            1.038062318836e+01            -8.141199045801e+01           
3150      7.914745652126e+01            2.218517843480e+01            -1.167335050397e+01           -7.507243581777e+01           
3160      1.106066583784e+02            1.667319679373e+01            2.306102537843e+01            -1.068832376699e+02           
3170      1.122624061148e+02            1.833014055155e+01            3.481201058391e+01            -1.051426540142e+02           
3180      1.262625337314e+02            1.404740058721e+01            5.403755716650e+01            -1.132468117719e+02           
3190      1.333270391958e+02            -1.675186286803e+01           1.183894072272e+00            -1.322651611952e+02           
3200      1.213292082837e+02            -2.019566663692e+01           2.168012077808e+01            -1.176557869162e+02           
3210      8.089800745214e+01            2.244100793911e+01            1.612825305118e+01            -7.603136343589e+01           
3220      8.156569883370e+01            -2.090289549889e+01           -2.803219086343e+01           -7.369008387422e+01           
3230      7.659582396262e+01            -1.819150120057e+01           1.500052286274e+01            -7.287642860643e+01           
3240      9.748629980139e+01            4.523397981023e+01            -4.350218827570e-02           -8.635660847355e+01           
3250      1.072654001525e+02            -2.832104236309e+01           -2.919190060007e+01           -9.925531506529e+01           
3260      1.021638261574e+02            2.686704492096e+00            -1.668574712130e+01           -1.007562148808e+02           
3270      9.615234853466e+01            -2.964188543024e+01           -1.007163162372e+01           -9.091311782855e+01           
3280      1.138681073834e+02            -7.582909302870e+00           -1.933455099350e+01           -1.119581194173e+02           
3290      1.173618092040e+02            3.380300895578e+01            3.401842387613e+01            -1.071162811255e+02           
3300      1.005412631728e+02            -1.146329356511e+01           -6.482864120288e-01           -9.988352329467e+01           
3310      1.031783708493e+02            -1.649396945258e+01           4.939588107393e+01            -8.907172455800e+01           
3320      8.610560003797e+01            -1.263454132503e+01           8.224391846803e+00            -8.477559850661e+01           
3330      8.901693673696e+01            -7.775510782449e+00           -1.205761879194e+00           -8.866849833168e+01           
3340      8.861841437774e+01            -4.885125408349e+01           8.443309316234e+00            -7.345399151227e+01           
3350      8.031515220769e+01            1.490992543127e+01            2.412730021510e+00            -7.888216865440e+01           
3360      9.458181404065e+01            4.406826286959e+01            4.755263490164e+01            -6.886548241891e+01           
3370      6.253739863682e+01            5.250581303411e+01            -8.176210674944e+00           -3.297294959337e+01           
3380      1.010729881325e+02            3.221733048638e+01            -5.456377910649e-01           -9.579924230262e+01           
3390      1.063560951637e+02            -1.252491094883e+01           6.249192532155e+01            -8.514402418134e+01           
3400      1.124757582728e+02            -2.401115006543e+01           2.763377101736e+01            -1.063514718796e+02           
3410      4.569444032676e+01            1.085047420109e+01            1.126931659017e+01            -4.293310599034e+01           
3420      7.084436470033e+01            -3.234991033962e+00           -1.597488230528e+00           -7.075243369777e+01           
3430      8.387904413523e+01            9.422965147196e+00            1.215235903228e+01            -8.245739471281e+01           
3440      7.679142462445e+01            -3.128641577182e+01           4.054337033579e+01            -5.722165853784e+01           
3450      1.020464641999e+02            9.869765880763e+00            -2.463482102417e-02           -1.015680460100e+02           
3460      9.248352924697e+01            -5.935298911258e+00           9.096858483805e+00            -9.184346778370e+01           
3470      1.264833114949e+02            3.711718122364e+01            -2.167146559268e+01           -1.189566749863e+02           
3480      1.215975584441e+02            2.050561391245e-01            1.154635171661e+01            -1.210479489029e+02           
3490      1.066877048167e+02            6.854782953341e+00            9.644990709830e-01            -1.064628951854e+02           
3500      9.915381347240e+01            5.166479788446e+00            -3.402318160815e+01           -9.299037222193e+01           
3510      1.077265022694e+02            8.618210442096e+00            9.186794724706e+00            -1.069875158262e+02           
3520      9.303355414708e+01            1.856616623059e+00            -1.716715046281e+01           -9.141708875774e+01           
3530      1.132375230371e+02            4.109379355023e-01            6.498354508422e-01            -1.132349127588e+02           
3540      3.659433063413e+01            1.713413859573e+01            2.935797633649e+01            -1.355269547244e+01           
3550      9.314321917585e+01            1.897234610013e+01            -2.498898718347e+00           -9.115626619763e+01           
3560      1.068105570706e+02            -2.613806855044e+01           2.742165552179e+01            -9.986665751200e+01           
3570      1.142295841560e+02            1.689853313342e+01            -1.152277985285e+01           -1.123835531510e+02           
3580      8.649708535450e+01            3.111373321883e-01            4.106824261995e+01            -7.612521537896e+01           
3590      1.225151597957e+02            -1.697954826609e+01           -9.750901714181e+00           -1.209403953863e+02           
3600      1.246980121097e+02            -2.372729419523e+01           1.529392647793e+01            -1.214607160656e+02           
3610      1.248306257356e+02            1.032672179959e-01            1.168780506205e+01            -1.242822178361e+02           
3620      9.815526647741e+01            5.619635716536e+00            -2.411582158173e+01           -9.498054106554e+01           
3630      1.008459509796e+02            -1.974685357746e+00           4.280582541856e+01            -9.128892461270e+01           
3640      1.213487359061e+02            9.626571458089e-01            1.747297714289e+01            -1.200803233964e+02           
3650      9.162267179325e+01            -1.117864793463e-02           1.960165272243e+01            -8.950133558848e+01           
3660      1.093932174760e+02            5.694110382050e+00            -1.307124662176e+00           -1.092371024965e+02           
3670      1.238392202038e+02            -4.697188024093e-01           6.698038904448e+01            -1.041612178710e+02           
3680      6.807097318415e+01            -1.708314810043e+01           1.750512931729e+01            -6.352475020652e+01           
3690      1.123721359149e+02            5.231570792562e+00            1.060528365558e+01            -1.117481792053e+02           
3700      1.055995600576e+02            5.420776289902e+00            2.316695239506e+01            -1.028842776399e+02           
3710      1.053012835835e+02            -1.389450426517e+01           -5.555367243214e+00           -1.042326291060e+02           
3720      1.204570219293e+02            1.116966142008e+01            1.938290492606e+01            -1.183614624465e+02           
3730      1.134021262278e+02            -4.793351447679e+01           1.034203466126e+01            -1.022519571546e+02           
3740      1.211065242041e+02            -3.697941096185e+01           4.372800687009e+01            -1.067107060462e+02           
3750      1.153976278533e+02            2.300431603865e+01            1.094871575016e+01            -1.125501647319e+02           
3760      1.200097220142e+02            -3.635632341750e+01           -1.008466356213e+00           -1.143657908690e+02           
3770      1.229102194143e+02            -3.944654036049e+01           3.489683041834e+01            -1.110545078636e+02           
3780      1.147389219409e+02            3.458641354429e+01            -1.238257625363e+01           -1.086989972889e+02           
3790      1.314743750553e+02            -7.512247165973e+00           6.188598683284e+01            -1.157549224544e+02           
3800      1.003313144685e+02            -1.741079776995e+01           -2.355700151086e+01           -9.595991071172e+01           
3810      1.118968014965e+02            -2.151106023732e+00           -3.842888234922e+01           -1.050689674900e+02           
3820      1.305013374614e+02            -3.549871694977e+01           3.672768031176e+01            -1.200896235029e+02           
3830      8.713459706746e+01            2.373158948278e+01            7.060733782882e+00            -8.354277769608e+01           
3840      8.166080230689e+01            -2.284860264467e+01           1.397131029884e+01            -7.714421870189e+01           
3850      1.129608857216e+02            8.800833609649e+00            -5.675431642064e+01           -9.727103679106e+01           
3860      1.156760021232e+02            9.255498054207e+00            -3.699236366423e+00           -1.152457759455e+02           
3870      8.296911577287e+01            1.407817413839e+01            -6.826236982415e+00           -8.148056009700e+01           
3880      3.864974255427e+01            -2.721880603552e+01           8.479967647485e+00            -2.609653896994e+01           
3890      1.114109236575e+02            5.796681455402e+00            -4.567086322499e+01           -1.014542490318e+02           
3900      1.002190410959e+02            -4.383921044575e+00           2.810788052492e+01            -9.609674545399e+01           
3910      6.051279088039e+01            3.929862852938e+01            1.988042671085e+01            -4.149920830134e+01           
3920      1.201365046395e+02            6.704424510622e+00            3.727707854481e+01            -1.140098673542e+02           
3930      1.201899894792e+02            4.843035584820e+00            2.241685561833e+01            -1.179816221347e+02           
3940      9.686904176158e+01            7.517380425633e+00            2.527970347566e+01            -9.320963917711e+01           
3950      1.305002414513e+02            1.170415326755e+01            -2.217894837294e+01           -1.280680290478e+02           
3960      9.577834702498e+01            -1.660755209797e+01           -2.651067692267e+00           -9.429025831039e+01           
3970      9.360993336975e+01            -1.142718450311e+01           1.416870954011e+01            -9.182312753217e+01           
3980      1.078128843869e+02            4.271345535834e+00            2.075999028358e+01            -1.057090178299e+02           
3990      1.063025752304e+02            1.505224958373e+01            -2.556857471697e+01           -1.020779862165e+02           
4000      6.975321308352e+01            -2.612691925810e+01           -2.370053255941e+01           -6.017623768529e+01           
4010      1.003077546570e+02            -1.763118447116e+01           2.794353368537e+01            -9.470979835084e+01           
4020      9.624028210061e+01            1.061606530226e+01            1.580307035376e+01            -9.433850763976e+01           
4030      1.515057010241e+02            1.622946131489e+01            8.710447879092e+00            -1.503818809763e+02           
4040      8.947631333529e+01            8.972201057482e+00            1.759559458613e+00            -8.900794462726e+01           
4050      1.007850608304e+02            -3.512772062817e+01           2.154110391521e+01            -9.197636964005e+01           
4060      1.154790931644e+02            2.071291848020e+01            9.169540139843e+00            -1.132356635505e+02           
4070      5.610735516007e+01            9.701548491013e+00            9.463999792710e+00            -5.444582599115e+01           
4080      1.246418179913e+02            1.291689984680e+01            -1.828313038936e+01           -1.226151036117e+02           
4090      1.211088307985e+02            1.781608896944e+01            3.306170316927e+00            -1.197455849251e+02           
4100      1.121276087234e+02            1.289846428238e+01            2.443177981404e+01            -1.086706878248e+02           
4110      7.815168200514e+01            1.949015830653e+01            7.944662178102e+00            -7.526421109860e+01           
4120      8.125519277208e+01            9.555394701611e-01            -2.845531741296e+01           -7.610379890437e+01           
4130      8.026352479206e+01            -2.782687878911e+01           2.409811794417e+01            -7.132446242665e+01           
4140      1.054017838507e+02            -1.362421152309e+01           3.787427942115e+01            -9.741383812172e+01           
4150      8.642103959893e+01            -2.145186951765e+01           3.504906890474e+01            -7.602615437116e+01           
4160      1.006729366699e+02            -1.156933633471e+01           -7.274076665821e+00           -9.974105695840e+01           
4170      1.211660771575e+02            -2.189204113534e+01           2.408842096064e+01            -1.167120592067e+02           
4180      1.091880690177e+02            -2.836438948599e+01           3.800195908027e+01            -9.835317448343e+01           
4190      8.009707381945e+01            2.634063332919e+01            -1.189878257078e+00           -7.563264149816e+01           
4200      1.154514773120e+02            5.363996791365e+01            5.538590276598e+01            -8.593136348585e+01           
4210      9.387597984993e+01            1.351863723250e+01            -1.151001684290e+01           -9.218169857643e+01           
4220      1.318740878654e+02            3.342222132782e+01            4.630534759284e+01            -1.188677624765e+02           
4230      1.091882153338e+02            -1.608874313843e+01           -6.546984604508e+00           -1.077977537084e+02           
4240      7.757549125599e+01            3.786501352047e+01            -1.457920771540e+01           -6.611841118096e+01           
4250      9.883901732626e+01            3.423619811640e+01            5.396415667808e-01            -9.271862203212e+01           
4260      1.134589007871e+02            -7.243630348150e+00           1.012396601476e+00            -1.132229086374e+02           
4270      6.829485518569e+01            -2.980842850292e+00           -3.439780891975e+00           -6.814300938579e+01           
4280      2.978026809761e+01            -1.898501626263e+00           3.416507781234e+00            -2.952266136583e+01           
4290      8.209602117279e+01            -1.388017934072e+01           -2.796604282377e+01           -7.592758235748e+01           
4300      1.039721154359e+02            2.256303328111e+00            -2.063365081259e+00           -1.039271495233e+02           
4310      8.796205089387e+01            6.506760933812e+00            -7.195755067617e+00           -8.742542861555e+01           
4320      9.762509916574e+01            7.104268330869e+00            -2.643025234934e+00           -9.733038465049e+01           
4330      7.346911313838e+01            1.529275556580e+01            3.252107272031e+01            -6.407980993781e+01           
4340      1.047249747595e+02            1.187135681069e+01            4.507333176577e+00            -1.039522735369e+02           
4350      1.173567721263e+02            -2.452366343230e+01           6.181241213619e+01            -9.669760907936e+01           
4360      7.958151689223e+01            1.743353171913e+01            2.658132806773e+01            -7.295699281647e+01           
4370      8.241943625043e+01            -7.501998074724e+00           3.165353482572e+01            -7.572804784070e+01           
4380      7.684553331051e+01            1.839081065661e+01            -3.495665060623e+00           -7.453049308138e+01           
4390      1.068500703424e+02            1.435914248057e+00            -5.448771464243e+01           -9.190192944374e+01           
4400      9.439263364276e+01            4.461752614023e+01            -9.529142418919e+00           -8.263438202045e+01           
4410      1.432768897703e+02            7.963069508758e+00            2.452756286736e+00            -1.430344037386e+02           
4420      1.156019463916e+02            3.653505538654e+01            4.318392664713e+01            -1.008174003671e+02           
4430      1.406925115642e+02            1.019427756879e+01            1.181016598790e+01            -1.398248171622e+02           
4440      1.002992215823e+02            7.576427397168e+00            1.053129559822e+01            -9.945664085885e+01           
4450      8.439769106044e+01            3.449548467948e+00            -4.869557600533e+00           -8.418644950630e+01           
4460      1.219281986402e+02            6.908001574403e+00            1.444932508670e+01            -1.208717590773e+02           
4470      6.862421425708e+01            2.423726114288e+00            -3.045344574471e+01           -6.144913324367e+01           
4480      1.087811854968e+02            -5.357136354428e+01           4.551774753756e+00            -9.456604397294e+01           
4490      1.312686793134e+02            -1.400435313283e+01           3.879718337125e+01            -1.246199134347e+02           
4500      1.180782169514e+02            2.086936573487e+01            4.008877840299e+01            -1.090863178332e+02           
4510      1.201759879981e+02            3.836648809782e+01            1.905101207969e+01            -1.122824101144e+02           
4520      1.254738398372e+02            9.145870658080e+00            3.310959892461e+00            -1.250962632455e+02           
4530      7.785694331834e+01            1.116170261398e+01            3.267998466330e+01            -6.977921338077e+01           
4540      1.046587127075e+02            -1.987697414064e+01           -8.961314476121e+00           -1.023623313894e+02           
4550      9.671431258178e+01            3.593957070382e+01            -1.755110763661e+01           -8.805659621243e+01           
4560      8.252953598815e+01            -1.007052825119e+01           -7.643144387822e+00           -8.155544810145e+01           
4570      1.417999903268e+02            -1.166687973656e+01           2.644439392495e+01            -1.388229635321e+02           
4580      1.320987224142e+02            -4.543674255894e+00           1.343080037449e+01            -1.313356048032e+02           
4590      8.110387015200e+01            2.488881820595e+01            1.053119477847e+01            -7.646880683313e+01           
4600      7.529551300097e+01            1.075108437960e+01            2.281636739568e+01            -7.094534404460e+01           
4610      9.571048228851e+01            1.222831810883e+01            1.012215412276e+01            -9.438488571824e+01           
4620      1.219170929808e+02            9.472202278018e+00            6.892151943167e+00            -1.213530106198e+02           
4630      1.135396349913e+02            -1.513356863453e+01           4.804691782424e+01            -1.017532186318e+02           
4640      1.037256465589e+02            6.099249444613e+00            3.205486838730e+01            -9.845960757058e+01           
4650      1.470823566143e+02            -1.366479225092e+01           3.217533643946e+01            -1.428679138399e+02           
4660      7.195915169318e+01            -7.470156388223e+00           2.142736501333e+00            -7.153827616195e+01           
4670      1.303705602913e+02            1.212436407318e+01            2.022929531637e+00            -1.297897936766e+02           
4680      1.401344148675e+02            2.790486116152e+01            8.334728061089e+00            -1.370748162938e+02           
4690      1.173613311245e+02            2.810276377893e+01            5.904623708287e+01            -9.745490545708e+01           
4700      9.788921069679e+01            -1.681609724816e+01           1.796519604616e+01            -9.474580821970e+01           
4710      1.263391304168e+02            -1.106431935384e+00           4.903731475153e+00            -1.262390791335e+02           
4720      9.241232544214e+01            -2.934638616817e+01           2.808687229706e+01            -8.300575351782e+01           
4730      1.383401294535e+02            -1.195913359027e+01           -1.323528525677e+01           -1.371852680325e+02           
4740      1.068245888681e+02            -3.400005164822e+00           -3.585547394025e+01           -1.005699644041e+02           
4750      1.004875022680e+02            -5.862708240913e-01           -1.109671435227e+01           -9.987120370338e+01           
4760      1.020597223119e+02            1.967421527230e+01            -4.405169216850e+00           -1.000485215081e+02           
4770      1.197097255773e+02            1.653103846329e+01            -2.785310322344e+01           -1.152447300572e+02           
4780      9.317611104002e+01            1.429569389332e+00            1.322359006833e+01            -9.222190990002e+01           
4790      8.350144345363e+01            -2.332136506041e+01           7.367993675646e+00            -7.983932401865e+01           
4800      9.517742998678e+01            3.021743607242e+01            2.646662161905e+01            -8.628538506706e+01           
4810      9.253503010116e+01            -3.162610548651e+01           -3.792866371162e+00           -8.688000582568e+01           
4820      1.236092788702e+02            1.919532664726e+01            1.285725124389e+01            -1.214309859474e+02           
4830      1.188453270328e+02            -9.563210735558e+00           -9.187098784799e-01           -1.184563747973e+02           
4840      8.914494454492e+01            -1.881686140716e+01           1.633907280809e+01            -8.559077966973e+01           
4850      6.486900533865e+01            -8.361457704940e+00           -7.363404323294e+00           -6.390504014119e+01           
4860      8.372437326359e+01            -1.778190586224e+01           2.148005010042e+01            -7.894416982888e+01           
4870      1.044367714311e+02            -5.387717285491e+00           2.052928103392e+01            -1.022573241857e+02           
4880      1.256588468116e+02            1.484455020556e+01            -1.190935750452e+00           -1.247732614916e+02           
4890      1.089925221138e+02            -1.705805301303e+00           9.819422406375e+00            -1.085358882978e+02           
4900      1.137310965241e+02            2.071487790681e+01            2.149431517108e+00            -1.118080323323e+02           
4910      9.035881111437e+01            -3.069166817235e+01           -5.099885045222e+00           -8.483352770767e+01           
4920      8.609341522750e+01            -2.995627699527e+01           1.601676271234e+01            -7.910853889647e+01           
4930      1.006468886443e+02            6.428371823975e+00            -1.779424827554e+01           -9.885260218016e+01           
4940      1.168929814819e+02            2.001874485249e+01            -2.753443752072e+01           -1.118260869595e+02           
4950      1.026626633118e+02            2.191770342687e+00            3.012398829933e+01            -9.811913121295e+01           
4960      1.199649022976e+02            -2.180434102484e+00           -4.770390986139e+01           -1.100507177365e+02           
4970      1.332920992378e+02            3.735978441861e+01            -2.002548240944e+00           -1.279336547901e+02           
4980      1.059542959958e+02            4.138425486541e+01            1.865513629824e+01            -9.573736041323e+01           
4990      1.152102903940e+02            -3.040104980878e+00           1.870661570435e+01            -1.136407994659e+02           
5000      1.065432164689e+02            -1.569049691519e+01           2.320903609428e+01            -1.027939975177e+02           
