@    title "Magnitude of Electric Field"
@    xaxis  label "Residues"
@    yaxis  label "MV/cm"
#time     EField_per_residue            Std.Deviation         EField_residue_alignement   Std.Deviation
@type xydy
1         4.719467776117e+00            6.520877651719e-01            0.063036            0.030247                      
2         1.452744459211e+00            5.941421365458e-01            0.017905            0.011836                      
3         2.063343364856e+00            7.681417527524e-01            0.026435            0.016685                      
4         2.419956716647e+00            8.622512178984e-01            0.024322            0.017027                      
5         6.667040221941e+00            1.071591182431e+00            0.060293            0.036127                      
6         2.038631491612e+00            8.003220385592e-01            0.013028            0.010553                      
7         4.477247188362e+00            2.402454816122e+00            0.051664            0.053125                      
8         1.053036431775e+01            2.139995025199e+00            0.067307            0.057849                      
9         1.314271107597e+00            4.116242997327e-01            0.021475            0.011278                      
10        1.102485464293e+01            2.376697065421e+00            0.119473            0.052539                      
11        5.201533052355e+01            1.758606034372e+01            0.324820            0.245935                      
12        2.152439634807e+00            7.005253818782e-01            0.029271            0.017140                      
13        3.877710820695e-01            1.180710966451e-01            0.005815            0.002759                      
14        9.302434287814e+00            2.493557691115e+00            0.092424            0.071482                      
15        3.327119089228e-01            7.984095569035e-02            0.005352            0.002546                      
16        2.997105883744e+00            3.588354611048e-01            0.045947            0.019537                      
17        3.188494319827e-01            6.852078763135e-02            0.006025            0.001851                      
18        4.535645485491e-01            2.646769174212e-01            0.004388            0.004126                      
19        3.423808286814e+00            3.964329856338e-01            0.047236            0.019625                      
20        7.746954219159e+00            1.666734770558e+00            0.074388            0.051379                      
21        2.551915354088e-01            2.022126763785e-01            0.001884            0.002486                      
22        5.229452126518e+00            1.119694464385e+00            0.031718            0.026238                      
23        4.145136645479e-01            1.204980200928e-01            0.002826            0.002519                      
24        4.583317051583e-01            2.313089426123e-01            0.004872            0.003359                      
25        7.205896427013e-01            2.533451516264e-01            0.010138            0.004602                      
26        1.673476163419e+00            8.320179312711e-01            0.020996            0.020712                      
27        2.487027620024e+00            8.105722796443e-01            0.040034            0.016466                      
28        1.354246823185e+00            3.943840445776e-01            0.012767            0.008380                      
29        1.332105836781e+01            6.913154377531e+00            0.152224            0.092139                      
30        1.476420018342e+01            8.212924810809e+00            0.184458            0.153352                      
31        8.140757452606e+00            3.250291592131e+00            0.111782            0.070611                      
32        2.384549215709e+00            1.497401226034e+00            0.031675            0.027399                      
33        8.085877188259e-01            2.547001697627e-01            0.006991            0.005834                      
34        3.892347361852e-01            1.419766721261e-01            0.003480            0.002972                      
35        6.137917565045e+00            1.956372058536e+00            0.061488            0.034096                      
36        2.559085068671e-01            6.366124990518e-02            0.002644            0.002076                      
37        1.255999778339e-01            2.994629660574e-02            0.001248            0.001001                      
38        2.369562632682e-01            5.662778369482e-02            0.004359            0.001542                      
39        2.355820029176e-01            3.971644731502e-02            0.004352            0.001259                      
40        2.791691830335e-01            8.227287890814e-02            0.004817            0.002051                      
41        2.264351914371e-01            4.520307390471e-02            0.002935            0.001511                      
42        3.510083666046e-01            7.421008671172e-02            0.005091            0.002336                      
43        2.562784253371e+00            2.665898880897e-01            0.048255            0.012445                      
44        2.407473728362e-01            6.712418280636e-02            0.001729            0.001498                      
45        5.094176993304e+00            9.544980438908e-01            0.081559            0.026776                      
46        3.249158424306e-01            7.236290224983e-02            0.002512            0.001917                      
47        3.282921282640e+00            3.124189722167e-01            0.062040            0.014781                      
48        3.652691000878e+00            6.531702005809e-01            0.059838            0.017262                      
49        4.005612659523e-01            9.657463668036e-02            0.006095            0.002839                      
50        3.002550933461e-01            5.729899877186e-02            0.004424            0.001747                      
51        1.983271064349e-01            4.353160599209e-02            0.003586            0.001198                      
52        3.522945962822e+00            3.113156089590e-01            0.059608            0.018769                      
53        1.659848926227e-01            4.889244817895e-02            0.002521            0.001263                      
54        2.124975271331e-01            3.678239501185e-02            0.001479            0.001153                      
55        2.025032063492e-01            5.842116011251e-02            0.002017            0.001374                      
56        2.628441602296e-01            5.030315216148e-02            0.002436            0.001847                      
57        1.381895120992e-01            3.282218897758e-02            0.001325            0.001152                      
58        2.291261582167e-01            7.393920271222e-02            0.003398            0.001753                      
59        7.722460007641e-01            1.671999255607e-01            0.011339            0.004266                      
60        3.766634186901e+00            7.150920612708e-01            0.027561            0.027258                      
61        4.829042433698e+00            5.178715679023e-01            0.043417            0.030229                      
62        5.267746870728e+00            5.989845648913e-01            0.082892            0.028173                      
63        2.296036047901e+00            5.942761201800e-01            0.026998            0.013629                      
64        8.954872889865e+00            1.414794293948e+00            0.051746            0.052571                      
65        4.715305170604e+00            5.766775955746e-01            0.065430            0.027695                      
66        3.326196261054e+00            1.243948314615e+00            0.022667            0.020586                      
67        7.265278664121e+00            4.116541269884e+00            0.043740            0.041390                      
68        2.969668362088e+00            9.292928441364e-01            0.030450            0.020831                      
69        2.730391620195e+00            1.064985980862e+00            0.040449            0.023828                      
70        4.121566275725e+01            1.462845966129e+01            0.588275            0.299440                      
71        4.491320897109e+00            2.543296996051e+00            0.033119            0.031860                      
72        8.423121427963e+00            1.443928597416e+00            0.054268            0.041949                      
73        2.768867125278e+00            1.133817265480e+00            0.015066            0.018213                      
74        2.914599646418e+00            1.211321658511e+00            0.019756            0.015313                      
75        1.385039752674e+00            4.956028767336e-01            0.008062            0.007231                      
76        7.647803015838e+00            1.978496942598e+00            0.038429            0.036694                      
77        1.217564237495e+00            3.319842016784e-01            0.009862            0.007745                      
78        8.571749339584e-01            2.145290843314e-01            0.010206            0.005449                      
79        4.732810316487e-01            1.020150327068e-01            0.004388            0.002978                      
80        6.740217473597e+00            1.196318349892e+00            0.037553            0.039417                      
81        5.371429764048e-01            1.255846716406e-01            0.003617            0.003160                      
82        1.332141041296e-01            2.095383068273e-02            0.001290            0.000794                      
83        2.761883405866e+00            3.446649920270e-01            0.030898            0.020628                      
84        2.401713925036e-01            5.217126199180e-02            0.002424            0.001613                      
85        2.755751102259e+00            3.616788094346e-01            0.034160            0.021117                      
86        1.249939887090e-01            2.885797380154e-02            0.001796            0.001041                      
87        1.930832816435e-01            3.589124061476e-02            0.001171            0.000903                      
88        3.334469686047e-01            1.006778275849e-01            0.004087            0.003136                      
89        3.102342489026e+00            4.274959746085e-01            0.050930            0.022922                      
90        1.887279009337e-01            5.218118457108e-02            0.002219            0.001958                      
91        1.236962559703e-01            2.898573458887e-02            0.001252            0.000907                      
92        3.389547728862e+00            3.673483135286e-01            0.067102            0.022979                      
93        4.477925015711e-01            9.886705491919e-02            0.008754            0.004081                      
94        5.523378773465e-01            1.261691093101e-01            0.010832            0.004905                      
95        2.357285788453e+00            1.878747699194e-01            0.045958            0.013575                      
96        3.366634977606e+00            4.935037686119e-01            0.057682            0.023532                      
97        1.478188044501e+00            4.430965632184e-01            0.029219            0.016956                      
98        1.224929287297e+00            2.911794754461e-01            0.021172            0.011474                      
99        1.308038663346e+00            2.897488877576e-01            0.017948            0.012235                      
100       3.745387227295e+00            1.169874367126e+00            0.051131            0.036233                      
101       9.314386207531e+00            3.039595750288e+00            0.118062            0.081482                      
102       1.677450872216e+00            5.113782842235e-01            0.014194            0.013781                      
103       2.694685977799e+00            8.032232684863e-01            0.033734            0.022967                      
104       1.173643899656e+01            6.024825383330e+00            0.169734            0.101716                      
105       1.688991548313e+01            9.770862682765e+00            0.197439            0.153776                      
106       2.145821236281e+00            6.609866598518e-01            0.034947            0.021019                      
107       2.104855808496e+00            8.005528288685e-01            0.017700            0.018924                      
108       7.835077784612e+00            1.633806542515e+00            0.048844            0.048454                      
109       7.902557203883e-01            3.831754505343e-01            0.004893            0.005275                      
110       8.423006523802e-01            2.306419379117e-01            0.005531            0.006149                      
111       7.055420315890e-01            1.489600434804e-01            0.005879            0.005647                      
112       3.766598661595e-01            7.191740187115e-02            0.002453            0.002374                      
113       3.792806689647e-01            6.949069766530e-02            0.002953            0.002822                      
114       1.870833300377e-01            6.755376296108e-02            0.001316            0.001393                      
115       1.407836619951e-01            5.489803916766e-02            0.002028            0.001469                      
116       2.137102540204e-01            6.181800012931e-02            0.001468            0.001347                      
117       1.879229484172e-01            4.925003147774e-02            0.002104            0.001496                      
118       1.703411660797e-01            2.914806355268e-02            0.001297            0.001070                      
119       1.808054647494e+00            1.345562714465e-01            0.025286            0.012954                      
120       1.744906506629e-01            3.253829305463e-02            0.001388            0.001261                      
121       1.749229035759e-01            2.617481960192e-02            0.001625            0.001433                      
122       1.552560861042e-01            7.005370734925e-02            0.001917            0.001600                      
123       1.223127645074e-01            6.900510221856e-02            0.001326            0.001484                      
124       2.060932026423e+00            2.303553725277e-01            0.039838            0.014167                      
125       1.521445622879e+00            1.112097045149e-01            0.026148            0.009824                      
126       2.572727406193e-01            3.154909343203e-02            0.003855            0.001882                      
127       2.242016143272e+00            2.397012552978e-01            0.037000            0.012765                      
128       1.696492082402e+00            1.257590105712e-01            0.026852            0.010703                      
129       1.678594633192e-01            2.781488269800e-02            0.001080            0.000989                      
130       1.961240961998e-01            3.624442900000e-02            0.001212            0.001023                      
131       1.514656751901e-01            3.131584669293e-02            0.000884            0.000732                      
132       2.602231191275e-01            4.636618586204e-02            0.003048            0.001889                      
133       2.762493094054e-01            6.680875324022e-02            0.001791            0.001458                      
134       1.842054167692e-01            4.577869841080e-02            0.001212            0.001063                      
135       2.621633758628e+00            4.778594423831e-01            0.026220            0.017386                      
136       4.294116949624e-01            1.520401275429e-01            0.002928            0.003180                      
137       7.664417631047e+00            2.464291812830e+00            0.043042            0.037841                      
138       1.351690402463e+00            6.657984958193e-01            0.010613            0.007981                      
139       3.706466526948e-01            1.043821973296e-01            0.002477            0.002847                      
140       4.644303663320e-01            2.020491050267e-01            0.002733            0.002618                      
141       9.614041454810e-01            5.296465322493e-01            0.006474            0.006667                      
142       1.033056815148e+00            3.341308123761e-01            0.006059            0.005438                      
143       3.505956416636e-01            8.662644383428e-02            0.005770            0.002199                      
144       6.052054552205e-01            1.982247864317e-01            0.008121            0.005087                      
145       2.919336593278e+01            8.477992146702e+00            0.205297            0.127877                      
146       4.449134080167e-01            8.839576559398e-02            0.007275            0.003636                      
147       3.345336513023e+00            3.786089289664e-01            0.029733            0.014640                      
148       7.611162335904e+00            1.268538991605e+00            0.075183            0.033375                      
149       6.528270173322e-01            1.516075223219e-01            0.004808            0.003183                      
150       3.415028336120e-01            6.495304574836e-02            0.001776            0.001717                      
151       3.627989893625e-01            1.094598957852e-01            0.003929            0.002118                      
152       4.621812953922e-01            1.094368015200e-01            0.006145            0.003712                      
153       2.990077517276e-01            6.029120310472e-02            0.003357            0.001905                      
154       2.463143355161e+00            2.070140547885e-01            0.039880            0.012790                      
155       1.014700535243e-01            4.284009688502e-02            0.000845            0.000803                      
156       2.001515255655e-01            3.629492456495e-02            0.002622            0.001206                      
157       2.727977702654e-01            6.371086339378e-02            0.004377            0.001847                      
158       4.276102762784e-01            1.000691348157e-01            0.004631            0.002024                      
159       2.445242540740e+00            2.300029631566e-01            0.037717            0.011973                      
160       2.211848144873e-01            3.916980023006e-02            0.003409            0.002122                      
161       4.644853040724e-01            2.479638683748e-01            0.004363            0.003547                      
162       2.787205332530e+00            3.745348829544e-01            0.040619            0.015312                      
163       3.238085898232e-01            1.503955275764e-01            0.003616            0.003200                      
164       2.133201843073e+00            2.229523996999e-01            0.027892            0.010857                      
