@    title "Electric Field"
@    xaxis  label "Time (ps)"
@    yaxis  label "MV/cm"
#time      Magnitude                     Efield_X                      Efield_Y                     Efield_Z
@type xy
10        5.144717760829e+00            -6.097979864209e-01           -7.565676916984e-01           -5.052115654082e+00           
20        4.948955545938e+00            7.896867825931e-02            -1.544747700079e+00           -4.701029619842e+00           
30        5.355963356562e+00            -1.788803633619e+00           5.571754877432e-02            -5.048110596247e+00           
40        4.125681111605e+00            -8.470600684612e-01           -1.494263603212e+00           -3.751121186951e+00           
50        4.792110270265e+00            -2.711171897332e+00           -4.333898957713e-01           -3.927599901179e+00           
60        6.339499363312e+00            -4.503723477516e+00           -1.213327133149e+00           -4.293432692318e+00           
70        3.277512376187e+00            -1.602758215920e+00           -8.288051356230e-01           -2.736116869675e+00           
80        4.991767297234e+00            -2.326712353914e+00           -3.430694668569e-02           -4.416217092183e+00           
90        4.912219530862e+00            -1.511420409618e+00           -4.284307674868e-01           -4.654240662261e+00           
100       5.338735239839e+00            -8.019911576398e-01           -8.365544315409e-01           -5.211437501039e+00           
110       3.408269735224e+00            -1.684708136501e+00           6.319675708607e-01            -2.894594630036e+00           
120       5.539522010358e+00            -1.630060795031e+00           -1.340402587525e+00           -5.121769890488e+00           
130       4.519167606189e+00            -9.495854588533e-01           -2.137648032504e+00           -3.866733013578e+00           
140       5.458910024320e+00            -1.836529477300e+00           -2.544783868256e+00           -4.466646750807e+00           
150       6.967790304432e+00            -2.975243943990e+00           8.084886180711e-02            -6.300118146657e+00           
160       6.861806940202e+00            -2.110055267796e+00           -1.734580068715e+00           -6.294703586085e+00           
170       6.448351709181e+00            -3.650276519557e+00           9.589050764278e-01            -5.228500946779e+00           
180       6.713413647910e+00            -4.441847035800e+00           -4.187116311067e-01           -5.016432825074e+00           
190       7.168641064073e+00            -4.466453676902e+00           5.830223620132e-01            -5.576763504310e+00           
200       6.246202434545e+00            -2.922637077541e+00           -9.081668851148e-02           -5.519509914421e+00           
210       6.372374856334e+00            -3.820455160740e+00           -1.906775855542e+00           -4.730273724758e+00           
220       4.925876807070e+00            -3.237040923253e+00           2.088625488898e+00            -3.069767409225e+00           
230       4.908550449094e+00            -2.243194771022e+00           -9.213905020202e-01           -4.267667310528e+00           
240       6.708101219162e+00            -5.296875560960e+00           -1.558689411021e+00           -3.809490593006e+00           
250       6.198647235116e+00            -4.665705214111e+00           -2.293530009040e+00           -3.375521070600e+00           
260       4.661686120881e+00            -2.746542805785e+00           -1.275617130019e+00           -3.544096646991e+00           
270       5.459830003370e+00            -3.082468350911e+00           -2.134395450481e+00           -3.968940487372e+00           
280       4.184625347325e+00            -3.020519962018e+00           -4.098914910254e-01           -2.866973564948e+00           
290       6.166357765027e+00            -2.871294729668e+00           8.399132820930e-01            -5.392047880003e+00           
300       6.002593413365e+00            -4.752793797784e+00           -4.955322708248e-01           -3.632702378464e+00           
310       6.490617850080e+00            -4.350510751682e+00           2.327176981119e-01            -4.811134871137e+00           
320       4.736979760315e+00            -3.096848131233e+00           -6.260200732032e-01           -3.529391982998e+00           
330       5.247707734962e+00            -3.623995121226e+00           -1.214502123498e+00           -3.595842102336e+00           
340       5.469568120209e+00            -2.585628897960e+00           -4.256936379759e+00           -2.260352026196e+00           
350       5.427674895981e+00            -2.149833188855e+00           -2.272637982290e+00           -4.435424290642e+00           
360       4.304376358364e+00            -1.208895571842e+00           -2.885532809421e+00           -2.956336878060e+00           
370       6.765448585270e+00            -1.509592885873e+00           -1.258240621834e+00           -6.473735738846e+00           
380       6.544323172112e+00            -1.052675449282e+00           -2.393775506274e+00           -5.999156524470e+00           
390       4.179464020066e+00            5.733605129190e-01            -2.912389911095e+00           -2.942305596468e+00           
400       4.039041987571e+00            -2.546192711326e+00           5.102301887378e-01            -3.093610836653e+00           
410       2.672603209561e+00            -2.235325568291e-01           -1.820171561779e+00           -1.944175042913e+00           
420       2.406629684580e+00            -1.678494799631e-01           -1.707822626208e+00           -1.687315876827e+00           
430       2.833331594614e+00            -3.218633287371e-01           4.555296586294e-01            -2.777888524178e+00           
440       5.690747150787e+00            -1.189043108144e+00           4.489261046439e-01            -5.547003242629e+00           
450       5.907759532982e+00            -1.362077915972e+00           -1.178505344073e+00           -5.626499053972e+00           
460       5.144766270672e+00            -1.618048727081e+00           -1.493223330634e+00           -4.649819607414e+00           
470       5.979384479072e+00            2.435997704366e+00            -7.358001706690e-01           -5.410873500807e+00           
480       5.119982124419e+00            9.989819211026e-01            3.405503761962e-02            -5.021463166259e+00           
490       5.311386952098e+00            5.705007035978e-02            -7.535078473338e-01           -5.257356994573e+00           
500       5.001299543646e+00            -1.416514457541e+00           8.085389982063e-01            -4.727869351540e+00           
510       5.234863825657e+00            -6.302935338399e-01           7.305600317044e-01            -5.145173600031e+00           
520       5.731971875380e+00            -6.453779865150e-01           -1.740939529793e+00           -5.422925261173e+00           
530       4.096876740096e+00            6.371854937605e-01            -1.096366111381e+00           -3.895686719937e+00           
540       5.941806808652e+00            -6.158278308073e-01           -1.925403766920e+00           -5.587364724848e+00           
550       5.840840782627e+00            2.014111200918e+00            -2.819192815367e+00           -4.702225960980e+00           
560       6.387401216176e+00            6.553827310472e-02            -3.429207647650e+00           -5.388425924188e+00           
570       5.637710218926e+00            1.913800727188e+00            -2.969326863170e+00           -4.393659211733e+00           
580       7.825759478677e+00            1.554508742210e+00            -2.552183601068e+00           -7.232729281186e+00           
590       5.970196525032e+00            7.983507519135e-01            -3.539168584509e+00           -4.741325590471e+00           
600       9.916639676038e+00            1.476310148608e+00            -4.665333641193e+00           -8.625248566033e+00           
610       7.472098601222e+00            4.463242988540e-01            -3.359445193757e+00           -6.659367846634e+00           
620       5.968528241607e+00            1.964062836219e-01            -1.991614048684e+00           -5.623008751878e+00           
630       6.481325902621e+00            1.313744460507e+00            -2.177745961788e+00           -5.961466553994e+00           
640       5.600401471326e+00            8.229282643216e-01            -1.979523882235e+00           -5.173854550668e+00           
650       4.417181042168e+00            3.384630199675e-01            -2.520832166737e+00           -3.611417496018e+00           
660       6.671309103338e+00            1.321055559557e+00            -4.352799139150e+00           -4.879991497437e+00           
670       4.906993723376e+00            -1.390494831119e+00           -2.462774759806e+00           -4.009969078228e+00           
680       6.706229810268e+00            -8.497800788152e-01           -3.817192930601e+00           -5.447974872954e+00           
690       7.177904747762e+00            2.458544749530e+00            -5.050445135889e+00           -4.468878854017e+00           
700       7.319945728258e+00            8.230646708153e-01            -3.196376704894e+00           -6.533555385295e+00           
710       7.510511152496e+00            1.281078340778e+00            -2.596368875799e+00           -6.930042187269e+00           
720       5.744571175118e+00            5.382736959034e-01            -4.628402509238e+00           -3.359799045595e+00           
730       5.677079974104e+00            2.049272219850e+00            -3.118695659462e+00           -4.278254058021e+00           
740       5.375073988914e+00            -3.437433217676e-01           -4.013975188269e+00           -3.558267008390e+00           
750       6.751852525489e+00            1.375088182967e+00            -3.054537133045e+00           -5.862290330397e+00           
760       8.543412143036e+00            -2.978753437243e+00           -3.429268133486e+00           -7.235816406912e+00           
770       6.499523427174e+00            -2.233880835666e+00           -2.822087559083e+00           -5.411968495963e+00           
780       6.616362838744e+00            -7.827339569729e-01           -4.531808725430e+00           -4.756710464453e+00           
790       6.618567097391e+00            -1.045851692757e+00           -4.246842050407e+00           -4.967490036056e+00           
800       7.717899987364e+00            -3.948013372846e+00           -3.968794041566e+00           -5.312988281412e+00           
810       6.073902723496e+00            -3.169304111375e+00           -2.730821241616e+00           -4.403455585158e+00           
820       3.849043807924e+00            -3.189796477641e+00           -2.086376936280e+00           -5.360671098865e-01           
830       6.775028272420e+00            -5.086210561163e+00           -2.173626212320e+00           -3.912393041185e+00           
840       7.509621099120e+00            -1.270762257468e+00           -1.897317532412e+00           -7.154002971662e+00           
850       7.616418611785e+00            -1.393960531293e-01           -5.545306294853e+00           -5.219193357846e+00           
860       6.078203567258e+00            2.262628714588e-01            -4.586505097628e+00           -3.982126907502e+00           
870       8.566612494130e+00            -3.488921519499e+00           -5.482834764196e+00           -5.581469269277e+00           
880       8.987551108129e+00            -3.169257651208e+00           -3.695016800656e+00           -7.555046770494e+00           
890       7.255457335852e+00            -3.697098385955e+00           -8.810877122421e-01           -6.180356714646e+00           
900       7.105488155094e+00            -4.651697239686e+00           -6.308956592429e-01           -5.334008378286e+00           
910       6.572114047409e+00            -3.084222905155e+00           -3.088190766884e+00           -4.913586257592e+00           
920       7.422441182783e+00            -3.297914013859e+00           -9.729440310618e-01           -6.577976602382e+00           
930       7.536893340661e+00            -1.176103670345e+00           -2.289213591839e+00           -7.083857883670e+00           
940       6.249473048045e+00            -2.982370402721e+00           -3.883086479004e-01           -5.478192818182e+00           
950       5.146877868526e+00            -1.982481541032e-01           -1.571028464092e+00           -4.897235855861e+00           
960       4.451730931962e+00            -1.406197453511e+00           -1.407265372904e+00           -3.982476764848e+00           
970       4.390888472369e+00            1.559695775431e+00            -1.223398681180e+00           -3.917977326603e+00           
980       3.495556709704e+00            9.527534780457e-02            -9.366799387004e-01           -3.366373421250e+00           
990       4.540558173496e+00            -7.318137296071e-01           -1.476520143215e+00           -4.230957983570e+00           
1000      5.417007971181e+00            1.456774293777e-01            -2.697370677955e+00           -4.695417433213e+00           
1010      4.228364647774e+00            -9.362984633801e-01           -5.379243269836e-02           -4.123047314329e+00           
1020      4.745412968492e+00            -1.560139653497e+00           -1.939208432960e+00           -4.040343940391e+00           
1030      2.863830718312e+00            -1.598939362692e-01           -1.050045049959e+00           -2.659579986643e+00           
1040      5.848642367314e+00            -1.226333329283e+00           -1.828333314914e+00           -5.418479620318e+00           
1050      4.553468373308e+00            3.417167530312e-01            -8.278892762206e-01           -4.464516013380e+00           
1060      5.049635747054e+00            2.866071810233e-01            -1.776914154998e+00           -4.717971342376e+00           
1070      6.714149430720e+00            3.997179872977e-02            -4.329961536220e-01           -6.700053668763e+00           
1080      4.196615048363e+00            1.523961934486e+00            9.424573109169e-01            -3.794850735337e+00           
1090      3.782201920398e+00            -7.778536225197e-01           -2.170572770188e-01           -3.694980547593e+00           
1100      3.968788034834e+00            -1.194222652859e+00           -4.238202069050e-01           -3.761048677306e+00           
1110      4.972128927836e+00            7.052610544464e-02            -1.958792208594e+00           -4.569488508249e+00           
1120      2.849486594334e+00            -1.009468265797e+00           7.837993726829e-02            -2.663532289474e+00           
1130      5.420324575377e+00            1.023208564672e+00            -3.756415089412e+00           -3.771247593524e+00           
1140      5.073329342933e+00            1.019398044753e-01            -2.489601606275e+00           -4.419294371296e+00           
1150      4.994003026358e+00            1.085452761731e+00            -1.349597760189e+00           -4.684062810746e+00           
1160      5.048637517016e+00            1.771498950094e+00            -3.900387565800e+00           -2.671611701686e+00           
1170      4.832913660732e+00            2.930971914364e-01            -1.328255523731e+00           -4.637551698055e+00           
1180      4.209021465935e+00            2.657020513712e-01            -2.006877490416e+00           -3.690217725156e+00           
1190      3.493526436819e+00            -1.033038396577e+00           -2.928160413466e+00           -1.601073149161e+00           
1200      5.328369658944e+00            1.429565101889e+00            -2.559733572895e+00           -4.449228121552e+00           
1210      3.899799714916e+00            1.667751937648e+00            -3.269908810880e+00           -1.317094400361e+00           
1220      3.249272443181e+00            -1.723494408737e-01           -6.470122764378e-01           -3.179534902212e+00           
1230      4.089087020885e+00            -7.148560340008e-01           -1.288036105502e+00           -3.814521792564e+00           
1240      4.673163793540e+00            -6.366827460730e-02           -2.717668095378e+00           -3.801142764410e+00           
1250      4.267689109418e+00            -1.345502696795e+00           -1.908408697710e+00           -3.572221867419e+00           
1260      4.787988177523e+00            2.619843285905e-02            -1.319033599712e+00           -4.602639980821e+00           
1270      3.463056314052e+00            8.209342953289e-01            -2.982167110744e+00           -1.557403364785e+00           
1280      4.985866059756e+00            -2.213498220568e-01           -3.336460627368e+00           -3.698363841501e+00           
1290      4.576564766537e+00            -5.072139776609e-01           -2.779464794855e+00           -3.600313111013e+00           
1300      4.324086497826e+00            7.696725533620e-01            -4.212823299765e+00           -5.978695896581e-01           
1310      3.201418263356e+00            7.177843778080e-01            -2.591058345782e+00           -1.737895604655e+00           
1320      5.395882306312e+00            1.826121175068e+00            -2.664466995870e+00           -4.322203482653e+00           
1330      5.676078222556e+00            2.299428027888e-01            -4.324865272929e+00           -3.668859586715e+00           
1340      3.933512195102e+00            4.358849027364e-01            -1.855038724884e+00           -3.441126831398e+00           
1350      5.454012607550e+00            2.764461947567e+00            -3.670877320634e+00           -2.937458656836e+00           
1360      6.292001457304e+00            7.646333688289e-01            -4.475781796403e+00           -4.355685418046e+00           
1370      5.222412734602e+00            -1.338724855725e+00           -2.391872804509e+00           -4.445262086565e+00           
1380      4.556755211515e+00            -2.086343792038e-01           -3.689708355189e+00           -2.665809822012e+00           
1390      6.133545348061e+00            5.457696376309e-03            -3.274731705287e+00           -5.186181736948e+00           
1400      4.356626873511e+00            3.113226561229e-01            -1.469318480501e+00           -4.089545099598e+00           
1410      5.692820971166e+00            2.718837021526e-01            -3.129671487986e+00           -4.747572668168e+00           
1420      4.998542473938e+00            -7.613687697979e-01           -2.259851896096e+00           -4.393041528127e+00           
1430      6.322052593617e+00            -4.613255075602e-01           -5.613824056577e+00           -2.870628369247e+00           
1440      5.336482104409e+00            -3.118128810015e+00           -1.258122290991e+00           -4.143964560146e+00           
1450      5.431513416888e+00            -1.061780138521e+00           -1.861480867763e+00           -4.990876667904e+00           
1460      6.050520363399e+00            -1.539252560638e+00           -3.565107089051e+00           -4.639990265731e+00           
1470      5.814319859073e+00            -2.178795754380e+00           -2.584177443912e+00           -4.730876390551e+00           
1480      3.939634961819e+00            5.827344267650e-01            -2.986042566886e+00           -2.502937076514e+00           
1490      4.215967509296e+00            -2.014426725247e+00           -2.156717920940e+00           -3.010819625542e+00           
1500      7.656120603793e+00            -3.971383039409e+00           -4.441275275273e+00           -4.808260952087e+00           
1510      5.546170965225e+00            -1.608124770887e+00           -4.174458311607e+00           -3.278390596225e+00           
1520      4.551964843962e+00            1.900380638960e-01            -3.711325210098e+00           -2.628751540148e+00           
1530      5.363093016315e+00            -1.634294167904e-01           -3.023733295486e+00           -4.426408757124e+00           
1540      4.972157806008e+00            -1.243834877982e+00           -3.119682040194e+00           -3.666444055520e+00           
1550      5.122748132230e+00            -1.203872345052e+00           -3.970281870060e+00           -3.005012757935e+00           
1560      7.068402129713e+00            -8.332133987394e-01           -5.694895204534e+00           -4.103197863724e+00           
1570      5.304227590636e+00            7.084327201063e-01            -3.479649041594e+00           -3.940177148515e+00           
1580      7.078922258114e+00            2.754008121424e+00            -4.916715147487e+00           -4.283980831193e+00           
1590      6.314302296612e+00            1.968470148695e+00            -4.396892301833e+00           -4.082018722737e+00           
1600      6.706054362664e+00            2.308444435573e+00            -4.261891939678e+00           -4.634493121948e+00           
1610      5.704132549814e+00            1.851708537350e+00            -2.181874020334e+00           -4.934341840403e+00           
1620      4.606247488024e+00            2.523198309517e+00            -2.549310138412e+00           -2.889983396140e+00           
1630      7.467720619396e+00            5.937007104162e+00            -3.189843296443e+00           -3.216161942226e+00           
1640      6.723372891922e+00            1.535217492779e+00            -4.157135439127e+00           -5.056191771923e+00           
1650      6.021262432448e+00            2.432568512965e+00            -1.630994458048e+00           -5.260995037820e+00           
1660      6.798149502538e+00            2.226376768507e+00            -1.799021403625e+00           -6.166166161628e+00           
1670      7.088795262343e+00            1.790110453410e+00            -2.066216838567e+00           -6.540433533951e+00           
1680      5.010456374902e+00            4.749476617613e-01            -3.953012276657e-01           -4.972206224886e+00           
1690      6.952367085798e+00            3.517339294638e+00            -2.872362107988e+00           -5.264339303529e+00           
1700      5.102252221828e+00            2.411500491672e+00            4.038233291276e-01            -4.478232891740e+00           
1710      3.519372355501e+00            1.324207890147e+00            -6.224455208719e-01           -3.200783781183e+00           
1720      4.486127632212e+00            1.636434765733e+00            1.918061982124e+00            -3.710587638465e+00           
1730      5.133181018093e+00            6.863874081505e-01            -6.518726698406e-01           -5.045144369862e+00           
1740      5.446497566621e+00            2.015072301234e+00            1.302252154971e+00            -4.889576534720e+00           
1750      4.091991306733e+00            7.697848666374e-01            7.251202335019e-01            -3.952976696167e+00           
1760      5.041359376845e+00            1.658596188375e+00            1.523351037625e+00            -4.510406264027e+00           
1770      4.917219179411e+00            3.340444332753e+00            5.896151625829e-01            -3.559891863273e+00           
1780      4.981113725880e+00            1.410093113640e+00            1.487769432721e-01            -4.775038929911e+00           
1790      6.062426140181e+00            1.122034117264e+00            -2.747953281273e+00           -5.286095242122e+00           
1800      6.195976315647e+00            3.835161568406e+00            -1.422053516312e+00           -4.653968418997e+00           
1810      6.724037149352e+00            3.621071650893e+00            -1.669205687388e+00           -5.414265237146e+00           
1820      4.999687234382e+00            1.957992732211e+00            -1.723294521906e-01           -4.597112078486e+00           
1830      5.281900508735e+00            3.911667289769e+00            -8.250460222492e-01           -3.452047372140e+00           
1840      5.525517387736e+00            3.220562416511e+00            -1.139756893412e-02           -4.489898686936e+00           
1850      5.993573881416e+00            3.689568130768e+00            -5.396801378893e-01           -4.692415180818e+00           
1860      6.543020469575e+00            2.927966464895e+00            -2.650046521995e-01           -5.845331622761e+00           
1870      5.677285661636e+00            2.951618087912e+00            -2.933642656628e-01           -4.840811972651e+00           
1880      6.337037197906e+00            2.448804936333e+00            -9.348517447384e-01           -5.769527454376e+00           
1890      6.648131624215e+00            5.097460220858e-01            4.935474791459e-01            -6.610160661564e+00           
1900      5.659684751872e+00            1.661033282059e+00            -1.043213232241e+00           -5.308927017632e+00           
1910      5.437390679357e+00            1.498120909482e+00            -1.431772074205e+00           -5.027015005753e+00           
1920      7.153270400825e+00            1.799185907733e+00            -2.473518297014e-01           -6.918888969269e+00           
1930      4.751322385843e+00            1.137451685490e+00            1.394926222651e+00            -4.397209218441e+00           
1940      6.866033427005e+00            2.575608490359e-01            4.504687723506e-01            -6.846397250739e+00           
1950      7.521798839379e+00            -1.177562544902e+00           -6.310036303313e-01           -7.402204985775e+00           
1960      6.777512558024e+00            -8.372518892791e-01           -1.356575574699e+00           -6.587365820887e+00           
1970      6.317389999799e+00            -1.645944662993e+00           -3.968978513593e-02           -6.099074298357e+00           
1980      7.082711548592e+00            -2.003802274479e+00           -1.256222002699e+00           -6.676187954611e+00           
1990      5.138595134994e+00            1.978719320289e-01            -1.226343504745e+00           -4.986189754539e+00           
2000      7.623227155658e+00            -3.188813190419e-01           -9.759778037465e-03           -7.616548543656e+00           
2010      7.282245510813e+00            -5.693639056518e-03           7.101134360012e-01            -7.247537938517e+00           
2020      8.234301206705e+00            -7.790884841523e-01           -2.189933632495e+00           -7.899425813429e+00           
2030      7.763200892818e+00            -7.341319247019e-01           6.938205971915e-01            -7.697204128663e+00           
2040      6.659716792163e+00            6.081527383329e-02            -7.669430299008e-01           -6.615128694377e+00           
2050      6.898234769208e+00            -6.793560364979e-01           -2.654281150025e+00           -6.330790620721e+00           
2060      8.774444725666e+00            -2.918743776328e+00           -2.186723745618e+00           -7.980604881353e+00           
2070      6.952869178563e+00            -1.505750734001e+00           -9.829513966964e-01           -6.716316780275e+00           
2080      7.259621014155e+00            -3.599580107498e+00           -5.385974384355e-01           -6.281324153248e+00           
2090      9.903764067320e+00            -2.450138460168e+00           -3.478555761782e+00           -8.943210499553e+00           
2100      1.015568804947e+01            -1.694288064975e+00           -1.591760088559e+00           -9.886034975227e+00           
2110      9.431501206870e+00            -1.194385717847e+00           -3.030721425102e+00           -8.851066908324e+00           
2120      9.998717137138e+00            -3.599000496908e+00           -1.768411638474e+00           -9.159380988291e+00           
2130      9.298440532487e+00            -4.293058027566e+00           -1.616628865393e+00           -8.088087550202e+00           
2140      1.153617072637e+01            -4.487949506184e+00           -3.603272728817e+00           -9.997898274117e+00           
2150      1.123725815622e+01            -5.628402820053e+00           -1.119905888552e+00           -9.661411044232e+00           
2160      1.133471904176e+01            -6.317897622174e+00           -2.058351923577e+00           -9.182767161918e+00           
2170      1.042446871847e+01            -3.442188258214e+00           -2.308032271884e+00           -9.565243075291e+00           
2180      8.629209029718e+00            -4.134157409123e+00           -9.055682985236e-01           -7.520102196903e+00           
2190      9.598474619428e+00            -3.830448055718e+00           -6.762229926180e-01           -8.775027360442e+00           
2200      1.036987497711e+01            -4.928070960675e+00           -4.109995935030e+00           -8.145941140311e+00           
2210      1.051974897521e+01            -5.716187851557e+00           -2.602418430274e+00           -8.439059974952e+00           
2220      9.839118851333e+00            -4.368962771438e+00           -3.928104181494e+00           -7.892428118885e+00           
2230      1.152409760110e+01            -4.513723786884e+00           -2.980805124821e+00           -1.017575176109e+01           
2240      1.272661869825e+01            -7.871355804816e+00           -1.865366400397e+00           -9.824916766918e+00           
2250      1.160559179286e+01            -7.199487777216e+00           -1.948132923261e+00           -8.891676710362e+00           
2260      1.000670775439e+01            -6.123986213480e+00           -2.054459085366e-01           -7.911307408862e+00           
2270      1.030566944414e+01            -6.750846580966e+00           -2.110483266505e+00           -7.495248729286e+00           
2280      9.858880746728e+00            -6.308783143879e+00           4.901254905701e-01            -7.560195885373e+00           
2290      7.875906942589e+00            -3.978145068716e+00           3.908863705761e-01            -6.786124065022e+00           
2300      9.014435304913e+00            -4.641113695442e+00           -8.347284582631e-01           -7.682664637572e+00           
2310      8.309311606089e+00            -5.024421664613e+00           -2.603632960651e+00           -6.084483684707e+00           
2320      7.537702448886e+00            -4.666722384769e+00           -2.219854391054e+00           -5.487340601235e+00           
2330      7.874542945892e+00            -3.267815870078e+00           -1.705095962451e+00           -6.958624419006e+00           
2340      8.775432665816e+00            -4.774713994612e+00           -3.609861135583e+00           -6.417104278702e+00           
2350      7.979650324097e+00            -2.074054519648e+00           -6.941094979548e-01           -7.674068617704e+00           
2360      6.751303681316e+00            -1.354876155464e-01           -1.958964985798e+00           -6.459427272429e+00           
2370      6.315954891164e+00            -1.008359922673e+00           -9.318063965796e-01           -6.164919569050e+00           
2380      7.916968763886e+00            -3.340987911932e+00           -2.287615506085e+00           -6.803161726505e+00           
2390      7.507112246573e+00            -2.278585544563e+00           -9.269770100353e-01           -7.092636732670e+00           
2400      6.098386399037e+00            -2.022965150121e+00           2.857664713071e-01            -5.745978262858e+00           
2410      8.391594848541e+00            -2.059394186736e+00           3.941722352741e-01            -8.125416169935e+00           
2420      8.957008048259e+00            -3.159006524860e+00           9.691200760950e-01            -8.325231361985e+00           
2430      6.578700618384e+00            -3.648557385943e+00           -1.302534549522e+00           -5.317023093340e+00           
2440      7.720938856863e+00            -3.134623631641e+00           -2.144471014976e+00           -6.722222518283e+00           
2450      1.011450846801e+01            -3.234007368769e+00           -1.791204807543e+00           -9.414672762538e+00           
2460      8.800150055510e+00            -4.454650986307e+00           -7.397298671563e-01           -7.553246011703e+00           
2470      8.703495416870e+00            -3.712094811327e+00           -1.498515230489e+00           -7.728236324492e+00           
2480      9.851449995006e+00            -4.317865271708e+00           -1.169239410079e+00           -8.777242488470e+00           
2490      8.213795852211e+00            -3.764037060715e+00           -4.950654047373e-01           -7.283774952069e+00           
2500      7.392030318745e+00            -3.949134873859e+00           1.360168193658e-01            -6.247235020885e+00           
2510      1.087865714355e+01            -5.361811375345e+00           -9.251286132452e-01           -9.420206848638e+00           
2520      1.038698842128e+01            -4.422721582433e+00           -4.774801471851e-01           -9.386217287973e+00           
2530      7.642549625741e+00            -2.556551676254e+00           -1.904895872723e-01           -7.199744580587e+00           
2540      8.994711530900e+00            -2.277259479015e+00           -8.956263123384e-01           -8.655447897018e+00           
2550      1.094234776286e+01            -5.418601174791e+00           3.893841824825e-01            -9.498532298748e+00           
2560      1.065938809838e+01            -5.449658767078e+00           -2.239746341939e+00           -8.882978682748e+00           
2570      1.003448810800e+01            -6.428756143214e+00           -3.995202161577e-01           -7.694311511606e+00           
2580      1.123029596138e+01            -6.769282225543e+00           -1.561386257669e+00           -8.823742884141e+00           
2590      9.240069751843e+00            -4.319079229951e+00           6.877997305610e-01            -8.139494772710e+00           
2600      9.687478621137e+00            -4.645560862354e+00           -2.649547100118e+00           -8.077493823793e+00           
2610      9.432341864899e+00            -3.892302013101e+00           -2.966280532486e+00           -8.063512751756e+00           
2620      9.261131135357e+00            -5.314054444695e+00           -3.239469516819e+00           -6.858222256145e+00           
2630      1.026057331184e+01            -3.970427168680e+00           -3.735992287212e+00           -8.692377949435e+00           
2640      1.137187801559e+01            -4.348453588500e+00           -6.236425726991e+00           -8.456805256233e+00           
2650      1.373699159013e+01            -4.331076529024e+00           -7.030815905943e+00           -1.097790242915e+01           
2660      1.312122573931e+01            -4.017401736478e+00           -5.573582186874e+00           -1.117865062500e+01           
2670      1.210497670516e+01            -5.087174012752e+00           -4.212611461916e+00           -1.014421146602e+01           
2680      1.236798611150e+01            -3.749137965431e+00           -4.767250638897e+00           -1.077888520750e+01           
2690      1.229854577418e+01            -5.077981529964e+00           -3.401081518142e+00           -1.067244003253e+01           
2700      1.281308174120e+01            -6.204179972925e+00           -4.806429995715e+00           -1.012824986197e+01           
2710      1.320089134960e+01            -4.211897605485e+00           -3.369268925026e+00           -1.204871270700e+01           
2720      1.306503053041e+01            -3.170445619334e+00           -3.614975808168e+00           -1.214805528641e+01           
2730      1.214529863854e+01            -2.506978401198e+00           -4.000457042773e+00           -1.119016004193e+01           
2740      1.378209249537e+01            -4.904432737699e+00           -5.197502411470e+00           -1.178467571700e+01           
2750      1.247214185231e+01            -2.137144764199e+00           -4.287289390749e+00           -1.151547151969e+01           
2760      1.313303429908e+01            -5.594494996290e+00           -2.452259686671e+00           -1.162603277418e+01           
2770      1.420129983494e+01            -7.080527593823e+00           -4.201798446919e+00           -1.157099545443e+01           
2780      1.228689373368e+01            -5.605158248783e+00           -4.398994030353e+00           -1.000993557171e+01           
2790      1.124899610638e+01            -4.429138047268e+00           -4.064195514793e+00           -9.508152521769e+00           
2800      1.230638981980e+01            -5.338257623718e+00           -4.120092780682e+00           -1.029441943085e+01           
2810      1.273040295262e+01            -4.442172562432e+00           -3.190170957790e+00           -1.149578494587e+01           
2820      1.152746878382e+01            -3.920953759254e+00           -5.189980987858e+00           -9.516971972500e+00           
2830      1.117225123067e+01            -1.536563634766e+00           -5.099650065641e+00           -9.820984623012e+00           
2840      1.234921643339e+01            -1.631692248963e+00           -6.286003597855e+00           -1.050366058529e+01           
2850      1.319024272582e+01            -2.322326454943e+00           -5.047224322709e+00           -1.196306104804e+01           
2860      1.106100943592e+01            -2.563083334981e+00           -3.248954486875e+00           -1.025772042423e+01           
2870      1.008318870158e+01            -2.607328425722e+00           -3.544181018028e+00           -9.072558282183e+00           
2880      1.085729434886e+01            -2.540807702668e+00           -4.583939983946e+00           -9.508555674725e+00           
2890      1.067911909430e+01            -1.748248559689e+00           -5.391085103228e+00           -9.051155341366e+00           
2900      1.074719175218e+01            -6.601760026656e-01           -7.105969258847e+00           -8.035639308473e+00           
2910      1.080804658012e+01            -2.090656211504e+00           -6.049178961673e+00           -8.709217035587e+00           
2920      1.030106721074e+01            -2.564537086673e+00           -5.705382034821e+00           -8.184360148969e+00           
2930      9.164086997798e+00            -2.262881486405e+00           -3.650131648302e+00           -8.095455319608e+00           
2940      1.045333694565e+01            -3.618415383936e+00           -4.877843393781e+00           -8.507994313250e+00           
2950      9.412499406607e+00            -3.615985038765e+00           -4.687920407412e+00           -7.317321882531e+00           
2960      9.270316858462e+00            -2.597796706584e+00           -4.210874135133e+00           -7.839564142579e+00           
2970      9.384106687766e+00            -3.264828206257e+00           -3.688952436324e+00           -7.987113686029e+00           
2980      9.572147230095e+00            -3.090887162156e+00           -2.632284458507e+00           -8.668534920904e+00           
2990      9.865882542497e+00            -2.961383258605e+00           -5.279535340681e+00           -7.790529771748e+00           
3000      1.032759826907e+01            -2.518956843046e+00           -5.078738702159e+00           -8.632528924101e+00           
3010      9.776427212256e+00            -1.720135861997e+00           -5.210367614308e+00           -8.091460373540e+00           
3020      1.194839706424e+01            -1.055607246065e+00           -4.916638812674e+00           -1.083865990482e+01           
3030      1.190390392932e+01            -5.622041586705e+00           -5.568599513661e+00           -8.893046531555e+00           
3040      1.058168213454e+01            -2.608726525977e+00           -4.472097167827e+00           -9.228590880011e+00           
3050      8.660746538117e+00            -2.599411727844e+00           -4.002562351060e+00           -7.227107574440e+00           
3060      7.955920686166e+00            -3.181116356992e+00           -4.761696362758e+00           -5.522990171703e+00           
3070      9.164861950439e+00            -3.158763377994e+00           -4.656866420815e+00           -7.233982556734e+00           
3080      1.082154210641e+01            -4.072514204632e+00           -5.009547447124e+00           -8.684747318652e+00           
3090      8.027381958437e+00            -3.272741201615e+00           -4.540704246897e+00           -5.754131652657e+00           
3100      1.012376811305e+01            -3.530577065591e+00           -4.800719452694e+00           -8.184057619981e+00           
3110      9.890082525738e+00            -4.180075600892e+00           -4.586273398375e+00           -7.701090614459e+00           
3120      1.058024669608e+01            -3.496671098420e+00           -6.670159479175e+00           -7.431277407138e+00           
3130      8.939739478998e+00            -2.413535518248e+00           -4.313080502421e+00           -7.449236526929e+00           
3140      8.298781696525e+00            -2.481215912216e+00           -4.655376863434e+00           -6.406310287751e+00           
3150      8.544928970103e+00            -2.554783739265e+00           -3.030048583209e+00           -7.570184722521e+00           
3160      8.597069141656e+00            -4.131736875276e+00           -4.672215521941e+00           -5.916819275289e+00           
3170      7.912408700480e+00            -3.701478716188e+00           -4.231360555616e+00           -5.567841108132e+00           
3180      9.039103366360e+00            -3.085622246341e+00           -3.818736846618e+00           -7.589570074577e+00           
3190      9.154565635760e+00            -3.523637238997e+00           -5.091530279124e+00           -6.742875647982e+00           
3200      7.961172677153e+00            -2.589650654397e+00           -2.432164279503e+00           -7.124503968779e+00           
3210      8.047351164195e+00            -2.311669122939e+00           -1.415876394414e+00           -7.577027165166e+00           
3220      8.152232836919e+00            -3.832694903818e+00           -3.064732347321e+00           -6.509743899792e+00           
3230      1.000326080896e+01            -2.084825574085e+00           -5.316177447887e+00           -8.213220225971e+00           
3240      8.041099719279e+00            -3.294171926641e+00           -4.537615901129e+00           -5.763484878695e+00           
3250      7.522518699628e+00            -2.665981028476e+00           -4.150554145767e+00           -5.679237010825e+00           
3260      1.008661638637e+01            -3.830609713678e+00           -4.834562333370e+00           -7.980806124198e+00           
3270      8.595376169143e+00            -1.390149084179e+00           -5.161806971700e+00           -6.730804246131e+00           
3280      8.815857225050e+00            -3.138542995234e+00           -3.983586679934e+00           -7.211097256519e+00           
3290      9.712271571108e+00            -2.053373402047e+00           -5.820495952517e+00           -7.498913495263e+00           
3300      8.736995734616e+00            -3.542180236580e+00           -4.801721927227e+00           -6.382125051413e+00           
3310      9.283309704974e+00            -4.222900546914e+00           -4.056932583256e+00           -7.203349780780e+00           
3320      8.681031618423e+00            -3.756665949210e+00           -5.349058589748e+00           -5.712735168862e+00           
3330      7.446930043255e+00            -1.780081048355e+00           -3.911423604864e+00           -6.081845436522e+00           
3340      9.560929170371e+00            -2.671688927902e+00           -4.605563535378e+00           -7.941173049051e+00           
3350      7.460354693685e+00            -7.682181986684e-01           -3.589773070297e+00           -6.494633342891e+00           
3360      8.657480434282e+00            9.055278692182e-02            -4.856321441844e+00           -7.166582847930e+00           
3370      9.320446949358e+00            1.088583047575e+00            -4.258182869520e+00           -8.219099520875e+00           
3380      9.746610165664e+00            -1.058771213900e+00           -4.200549211392e+00           -8.731025115112e+00           
3390      9.377435330480e+00            -1.463500736810e+00           -5.674976547799e+00           -7.320457646393e+00           
3400      1.080098763421e+01            -2.286503316067e+00           -4.464314285094e+00           -9.565727072417e+00           
3410      1.095525887776e+01            -2.295574224532e+00           -4.544332057215e+00           -9.700365055618e+00           
3420      1.031708260848e+01            -2.616522831503e+00           -4.251192274563e+00           -9.029029076652e+00           
3430      1.006567527866e+01            -1.189927034806e+00           -3.444469646156e+00           -9.382831199803e+00           
3440      8.596290450066e+00            -8.611059105721e-01           -4.047278977322e+00           -7.534868213340e+00           
3450      1.100702975807e+01            1.239345324900e-01            -2.782361813900e+00           -1.064884064409e+01           
3460      9.350102266889e+00            5.875815979781e-01            -3.833191519641e+00           -8.507984663876e+00           
3470      9.073895814634e+00            -3.005250910518e-01           -2.289824228848e+00           -8.775076918493e+00           
3480      9.690331030433e+00            -1.352919597847e+00           -3.725252678940e+00           -8.842771992944e+00           
3490      1.028985978005e+01            8.396834037168e-01            -2.585923156779e+00           -9.924169864619e+00           
3500      8.068334233057e+00            -4.301060919112e-01           -3.856023267707e+00           -7.074186215030e+00           
3510      1.132161203527e+01            -3.086371534712e-01           -4.049598243136e+00           -1.056808384968e+01           
3520      1.184817575617e+01            -2.388940012081e+00           -2.773464714212e+00           -1.126854595086e+01           
3530      9.196763895992e+00            -2.190719201388e+00           -4.319319279760e+00           -7.818228475735e+00           
3540      8.708314075761e+00            -1.358297864167e+00           -3.235236332248e+00           -7.970132171351e+00           
3550      9.746102586791e+00            -1.182103833772e+00           -2.526985378654e+00           -9.338280947504e+00           
3560      8.356287365624e+00            1.121944703722e+00            -4.213789813020e+00           -7.128306533137e+00           
3570      9.445417252133e+00            2.059170711325e+00            -4.258432010484e+00           -8.175663878891e+00           
3580      1.099157578874e+01            1.920764823953e-01            -4.475453977440e+00           -1.003733812523e+01           
3590      1.011788322921e+01            -1.534612457647e-01           -5.818760219082e+00           -8.275870963155e+00           
3600      9.761563147326e+00            -1.697419440418e+00           -5.262023910867e+00           -8.044749013114e+00           
3610      9.953374310921e+00            -3.017033765224e+00           -6.392506732119e+00           -7.007355072538e+00           
3620      9.042366958576e+00            1.683562994130e-01            -3.696785929108e+00           -8.250444240424e+00           
3630      1.012941792861e+01            5.137740950223e-01            -5.171539558562e+00           -8.694614559937e+00           
3640      1.203516171779e+01            2.035763649283e+00            -6.856115794421e+00           -9.679589875154e+00           
3650      9.463242831048e+00            1.737384001750e+00            -5.728399013780e+00           -7.329386498798e+00           
3660      9.575203436411e+00            -4.463456848745e-01           -5.681090054275e+00           -7.694836721690e+00           
3670      9.562492624675e+00            1.188155856193e+00            -5.631637863609e+00           -7.636373866668e+00           
3680      8.586799047324e+00            8.543078419152e-01            -7.165542200413e+00           -4.653845825172e+00           
3690      1.022773245068e+01            6.832056615691e-02            -5.307931805528e+00           -8.742293939857e+00           
3700      1.178133433110e+01            -1.922294553391e+00           -5.972563770415e+00           -9.971614928364e+00           
3710      1.004029921959e+01            1.550763098956e-01            -3.592055947536e+00           -9.374470322464e+00           
3720      1.036136543502e+01            1.875210448503e+00            -4.866624705951e+00           -8.953068938824e+00           
3730      1.117856514850e+01            1.068124382155e+00            -6.433859702897e+00           -9.078814812903e+00           
3740      1.109438173046e+01            -2.036864519325e+00           -5.322331016729e+00           -9.518890768331e+00           
3750      9.347818188934e+00            8.460261664809e-01            -3.972491648896e+00           -8.419338140165e+00           
3760      9.269349611861e+00            5.252463154827e-01            -3.924395490385e+00           -8.381174056780e+00           
3770      1.022332924117e+01            2.557907555968e+00            -4.959643984413e+00           -8.565950108206e+00           
3780      1.209764256599e+01            2.443405124145e+00            -5.442146586773e+00           -1.052453170369e+01           
3790      1.206653960372e+01            1.043125553001e+00            -5.183973749241e+00           -1.084618288874e+01           
3800      1.169881448186e+01            1.084994106287e+00            -5.384634896865e+00           -1.032912170022e+01           
3810      1.020032193761e+01            1.083075796383e+00            -6.150903709993e+00           -8.064731737667e+00           
3820      1.121808632890e+01            4.857849640058e-02            -6.562599158161e+00           -9.098098334364e+00           
3830      1.238223747273e+01            -8.340740148622e-01           -5.958629471721e+00           -1.082214674580e+01           
3840      1.082132731855e+01            5.434639541836e-01            -7.775008790633e+00           -7.506997413833e+00           
3850      1.082022510020e+01            -1.733463279093e+00           -8.075539755431e+00           -6.989852211416e+00           
3860      8.871283434662e+00            8.031408302094e-02            -6.128633995649e+00           -6.413506433578e+00           
3870      1.134606562641e+01            -1.702019642918e-01           -6.624440509982e+00           -9.209833028875e+00           
3880      8.998388166636e+00            6.393028375524e-01            -4.646222388721e+00           -7.679511637722e+00           
3890      8.556597394533e+00            3.295740331339e-01            -5.507432708723e+00           -6.540254191368e+00           
3900      1.016453212906e+01            -1.451750975680e+00           -7.145796287878e+00           -7.081506048822e+00           
3910      1.022306138404e+01            -2.324233181223e-01           -6.684164066826e+00           -7.731682494175e+00           
3920      9.639024870442e+00            2.390841278983e-01            -7.032980005322e+00           -6.587171735846e+00           
3930      9.739929557196e+00            -7.016303700874e-01           -6.824105211495e+00           -6.914154370952e+00           
3940      1.017894296047e+01            -2.241845984142e+00           -6.293033068578e+00           -7.680022211797e+00           
3950      1.081131862465e+01            -2.216897072192e+00           -7.067731339866e+00           -7.875096918931e+00           
3960      9.261127784282e+00            4.316817165380e-01            -6.052498783282e+00           -6.996384581395e+00           
3970      1.084337751247e+01            2.601673030896e-02            -6.347268327736e+00           -8.791492693702e+00           
3980      1.221217771874e+01            -2.033574085040e+00           -6.849514622800e+00           -9.903838170465e+00           
3990      9.287358912670e+00            -2.376718873110e+00           -5.134286139722e+00           -7.365144180966e+00           
4000      8.994501076938e+00            5.029202392384e-01            -5.990836625411e+00           -6.690141805944e+00           
4010      1.046686139960e+01            -1.141774976580e+00           -7.510138854516e+00           -7.200649404546e+00           
4020      1.081446221112e+01            -1.745642241171e+00           -6.451243705280e+00           -8.502163297455e+00           
4030      1.009084610212e+01            -1.338560221267e+00           -6.948669579822e+00           -7.193707157040e+00           
4040      1.021327266552e+01            -1.992900464308e+00           -4.774033994104e+00           -8.806127736001e+00           
4050      9.743842094383e+00            7.129691417686e-01            -4.808189434538e+00           -8.444847430520e+00           
4060      1.068181241025e+01            -4.709420769325e-01           -6.482295795645e+00           -8.476978892613e+00           
4070      7.237852793884e+00            -7.191983528885e-01           -3.179915427983e+00           -6.461996956515e+00           
4080      8.086489472159e+00            -8.275439597959e-01           -3.792514505612e+00           -7.093892915929e+00           
4090      9.902688220126e+00            -1.103754615268e+00           -6.074189405090e+00           -7.742685761761e+00           
4100      6.968424314564e+00            -1.465488132814e+00           -2.800142484938e+00           -6.210513990358e+00           
4110      7.976349305325e+00            -6.508951205195e-01           -3.939627320847e+00           -6.904912769578e+00           
4120      9.210648434039e+00            -3.336753444312e+00           -4.529505363696e+00           -7.292852815435e+00           
4130      9.996142594571e+00            -2.446063956538e+00           -4.748062527329e+00           -8.449588163224e+00           
4140      1.116273566451e+01            -1.146634500453e+00           -6.460505822946e+00           -9.030712117532e+00           
4150      1.112894975045e+01            -9.773034745675e-01           -6.236146307607e+00           -9.165635804288e+00           
4160      8.711452662856e+00            7.898052201940e-01            -4.724771310339e+00           -7.276135737899e+00           
4170      1.031711719680e+01            -1.246264323926e+00           -6.676632045164e+00           -7.766100502881e+00           
4180      9.568934455417e+00            -2.971237548365e+00           -5.686816909988e+00           -7.099039898150e+00           
4190      1.084853289444e+01            -2.281375998913e+00           -4.586582786586e+00           -9.562910009782e+00           
4200      1.021033199712e+01            -2.316061206582e+00           -5.040973859005e+00           -8.571774759736e+00           
4210      9.506939953730e+00            -9.412792554847e-01           -5.190125710490e+00           -7.909392881653e+00           
4220      9.941820244653e+00            -1.626442820635e+00           -4.782457501807e+00           -8.562860139674e+00           
4230      9.964052679578e+00            -3.015915253981e+00           -3.668983647732e+00           -8.759289924125e+00           
4240      9.520819495326e+00            -2.780241084087e+00           -3.004210770179e+00           -8.595986332311e+00           
4250      1.129322209050e+01            -2.970360494347e+00           -5.166964281435e+00           -9.592512905039e+00           
4260      1.054814683478e+01            -3.062132564823e+00           -5.552129437876e+00           -8.429745222050e+00           
4270      9.726393565855e+00            -2.853002919934e+00           -5.832767935195e+00           -7.241679663650e+00           
4280      1.104943263158e+01            -2.734474135888e+00           -6.678860076841e+00           -8.366925406263e+00           
4290      1.281365622983e+01            -4.445911874706e+00           -5.646499425090e+00           -1.060852005801e+01           
4300      1.020723128758e+01            -2.597218879311e+00           -4.161334804146e+00           -8.951274618669e+00           
4310      1.006950370215e+01            -5.410009807818e+00           -3.925298191269e+00           -7.531184023553e+00           
4320      9.176363967227e+00            -4.319365556273e+00           -4.036008009370e+00           -7.018502418509e+00           
4330      1.107743503187e+01            -4.956086211136e+00           -5.215862044530e+00           -8.422681252750e+00           
4340      1.124263811055e+01            -3.510422033392e+00           -5.202971464648e+00           -9.327536479177e+00           
4350      1.107353531946e+01            -2.241492738861e+00           -5.645324016660e+00           -9.259007048270e+00           
4360      1.080335285191e+01            -1.716816434261e+00           -4.941039644970e+00           -9.452571152909e+00           
4370      9.807430272890e+00            -2.439374819621e+00           -2.998223279474e+00           -9.013645001519e+00           
4380      1.367147560600e+01            -2.607697089905e+00           -6.594816054115e+00           -1.168835156663e+01           
4390      1.046733222006e+01            -3.037052268926e+00           -4.512135594590e+00           -8.943265046778e+00           
4400      1.196305302349e+01            -4.029654780337e+00           -4.830288153226e+00           -1.017569832252e+01           
4410      1.140425301204e+01            -2.347603336637e+00           -6.889016539588e+00           -8.779931460653e+00           
4420      1.034401615387e+01            -2.013278120875e+00           -6.608800747222e+00           -7.698644951100e+00           
4430      1.066862626374e+01            -3.391365235297e+00           -6.003302577041e+00           -8.141166155080e+00           
4440      1.130755817124e+01            -1.585482399710e+00           -7.735894634447e+00           -8.093395551983e+00           
4450      1.253217959102e+01            -7.000890773123e-01           -6.272917052762e+00           -1.082662977267e+01           
4460      1.083240233215e+01            -4.346081937768e-01           -7.288801540333e+00           -8.001589098993e+00           
4470      1.149677346327e+01            -1.679202700015e-01           -8.128909467418e+00           -8.128249117685e+00           
4480      1.022230532877e+01            -1.083874236513e+00           -6.061497777118e+00           -8.159594816660e+00           
4490      1.047382923428e+01            6.174472074590e-01            -7.738714341527e+00           -7.030800673835e+00           
4500      1.118824987553e+01            5.849278752035e-01            -6.868625447885e+00           -8.812308387404e+00           
4510      1.013458354750e+01            1.004749715646e+00            -6.985159291051e+00           -7.273775592418e+00           
4520      9.869386145506e+00            -3.110508108895e-01           -6.537067385292e+00           -7.387474553750e+00           
4530      9.200550444677e+00            -2.113550734167e+00           -5.673598817612e+00           -6.927720276970e+00           
4540      9.252733374434e+00            8.511260143255e-02            -5.837767296456e+00           -7.178182481371e+00           
4550      9.962347655592e+00            -6.063479346730e-03           -6.261042155084e+00           -7.749044146045e+00           
4560      1.024769577511e+01            -2.973618042631e+00           -5.815429597750e+00           -7.896432297527e+00           
4570      8.703518945303e+00            -1.847423359921e+00           -6.780061926545e+00           -5.135078308330e+00           
4580      8.958760188372e+00            -2.535144311319e+00           -4.635568196390e+00           -7.234910844658e+00           
4590      7.157722851860e+00            5.958888528374e-01            -3.952960318426e+00           -5.937340955348e+00           
4600      9.879169952858e+00            -1.217639213015e+00           -6.206401204452e+00           -7.589198758351e+00           
4610      6.385713288649e+00            -1.808578864492e+00           -3.030578542668e+00           -5.321839004748e+00           
4620      7.480976381940e+00            -1.258636936825e+00           -3.959466556789e+00           -6.221210917022e+00           
4630      7.144504543657e+00            2.006824945020e-02            -3.003266093323e+00           -6.482587077117e+00           
4640      8.283515113530e+00            -1.908486381809e+00           -3.252137536974e+00           -7.375493461941e+00           
4650      7.422907029518e+00            -2.004953163740e+00           -3.354402031390e+00           -6.310918997411e+00           
4660      7.104184941956e+00            -2.196572592711e+00           -2.335953084914e+00           -6.339387645471e+00           
4670      1.009546185659e+01            -3.253788650315e+00           -4.979255086473e+00           -8.157096805903e+00           
4680      7.190910651965e+00            1.391596883222e+00            -2.492463583567e+00           -6.600021166916e+00           
4690      5.587353368772e+00            -3.808839832814e-01           -2.802133423226e+00           -4.818868470631e+00           
4700      7.253596097474e+00            -2.311747165711e+00           -2.769975500619e+00           -6.292671699134e+00           
4710      6.095028216954e+00            -8.171279560624e-01           -3.765529526639e+00           -4.722547856073e+00           
4720      6.585025062651e+00            -3.308222869253e-01           -2.667444269693e+00           -6.011476753535e+00           
4730      4.507847977193e+00            -4.743366930091e-01           -1.690543001352e+00           -4.151838441910e+00           
4740      7.863357823243e+00            -3.424184713328e-01           -5.224959444770e+00           -5.866425201718e+00           
4750      6.457271736288e+00            1.589595839989e+00            -3.446077347294e+00           -5.224375011254e+00           
4760      7.522439312410e+00            1.337102332219e-01            -4.577507114029e+00           -5.967884332278e+00           
4770      6.906151240346e+00            -1.129661776449e+00           -3.446274220863e+00           -5.877242824657e+00           
4780      5.417714767140e+00            8.191584638893e-02            -2.068228898488e+00           -5.006730701331e+00           
4790      5.721746381634e+00            9.742873929809e-01            -3.957090949940e+00           -4.016288951946e+00           
4800      7.768053049612e+00            -1.381992856613e+00           -5.391057868030e+00           -5.419339349904e+00           
4810      9.320175265563e+00            -6.076700620562e-01           -5.128093940975e+00           -7.758805101885e+00           
4820      7.951924760204e+00            2.827638929351e+00            -3.631284690221e+00           -6.484700222502e+00           
4830      7.650656126928e+00            3.562766494867e-01            -3.149453327405e+00           -6.963228407860e+00           
4840      6.711220024577e+00            6.703982061174e-01            -5.108796828248e+00           -4.300143652391e+00           
4850      6.940286049857e+00            7.804555637956e-01            -2.210053466793e+00           -6.532543397537e+00           
4860      8.228074577798e+00            -2.037861496663e+00           -4.582546799272e+00           -6.522928530247e+00           
4870      8.738096897093e+00            -1.159872567249e+00           -4.763248221730e+00           -7.233291048266e+00           
4880      4.058358873233e+00            -1.901913071181e+00           -2.151252555373e+00           -2.867946278546e+00           
4890      4.163705973451e+00            -1.937279091037e+00           -2.532895344995e+00           -2.677281891786e+00           
4900      6.085248910543e+00            -6.320825513206e-01           -4.352837677017e+00           -4.205178962794e+00           
4910      5.711410894677e+00            -2.124118955125e+00           -3.312006387575e+00           -4.139921105647e+00           
4920      6.153646964812e+00            -7.604522298619e-01           -3.228671535875e+00           -5.183122947324e+00           
4930      7.587142457900e+00            -1.859370313335e+00           -2.725714920058e+00           -6.832126381218e+00           
4940      7.151272832971e+00            -3.340889658176e+00           -1.756650813883e+00           -6.073988585894e+00           
4950      7.669571729493e+00            -4.549940541906e+00           -1.270651414866e+00           -6.042004349623e+00           
4960      7.930973365333e+00            -3.365293292230e+00           -2.815110625451e+00           -6.606836742751e+00           
4970      8.589469219672e+00            -1.269124970261e+00           -6.343660162688e+00           -5.650334417172e+00           
4980      8.162546721426e+00            -1.757181921463e+00           -4.536944282637e+00           -6.554053497691e+00           
4990      8.372429593612e+00            -1.489654926001e+00           -5.409518150761e+00           -6.214146673359e+00           
5000      8.272513704194e+00            -2.391291048975e+00           -2.430572413906e+00           -7.537143215167e+00           
