@    title "Magnitude of Electric Field"
@    xaxis  label "Residues"
@    yaxis  label "MV/cm"
#time     EField_per_residue            Std.Deviation         EField_residue_alignement   Std.Deviation
@type xydy
21        1.699748040408e+00            5.761966120725e-01            0.115025            0.107698                      
22        1.045779432019e+00            1.154697298877e-01            0.111988            0.049701                      
23        7.876874311090e+00            7.526661517211e-01            0.899831            0.381517                      
24        1.581013763610e-01            2.747733768801e-02            0.017621            0.008267                      
25        1.680294921830e-01            6.621789309316e-02            0.008127            0.007427                      
26        3.432686085591e-02            1.369931801764e-02            0.002363            0.002193                      
27        2.062152365873e-01            2.562256284995e-02            0.023396            0.011074                      
28        9.438184888571e-02            1.764679510337e-02            0.010685            0.004887                      
29        4.567543802865e-02            1.116660666518e-02            0.004948            0.002430                      
30        1.637653319798e-01            1.877713602703e-02            0.018832            0.008314                      
31        1.179839011933e-01            2.504345914859e-02            0.012862            0.006832                      
32        2.187808805269e-02            8.958784913642e-03            0.002235            0.001586                      
33        7.778703108998e-02            9.263307881220e-03            0.008921            0.003754                      
34        1.410474084641e-01            2.369585557155e-02            0.016111            0.007355                      
35        1.029570354078e-01            9.253990197642e-03            0.011896            0.005064                      
36        4.201535118878e-02            6.121062492374e-03            0.004753            0.002105                      
37        1.528648410664e-01            2.243847627074e-02            0.017808            0.008090                      
38        1.639890239722e-01            5.821224535843e-03            0.018907            0.007704                      
39        6.498548791570e-02            7.094817063858e-03            0.007447            0.003049                      
40        5.575363764206e-02            4.150027159107e-03            0.006434            0.002732                      
41        1.167399706258e-01            4.879508311189e-03            0.013522            0.005586                      
42        2.860072764775e-02            7.990996323193e-03            0.003172            0.001635                      
43        1.085998826662e-01            5.145673564967e-03            0.012516            0.005260                      
44        1.057533178726e-01            5.145928789233e-03            0.012045            0.004939                      
45        8.059349957519e-02            4.173517337973e-03            0.009286            0.003845                      
46        3.052153833210e+00            2.170478445630e-02            0.353539            0.145366                      
47        2.016342094686e-02            4.537374778170e-03            0.002271            0.001101                      
48        7.648218961759e-02            4.681813743837e-03            0.008857            0.003701                      
49        2.553506664373e+00            1.163046111291e-02            0.295739            0.121559                      
50        1.323922665042e-01            2.385295963262e-03            0.015344            0.006331                      
51        1.387060780777e-01            2.567330466384e-03            0.016104            0.006610                      
52        3.168818948356e+00            1.487550853058e-02            0.366978            0.150814                      
53        1.653064805766e-01            3.418902821236e-03            0.019182            0.007858                      
54        2.005718408080e-01            3.745150261664e-03            0.023272            0.009540                      
55        2.821504373830e-01            8.479462916361e-03            0.032703            0.013392                      
56        2.345495732906e-01            6.639517893560e-03            0.027214            0.011193                      
57        2.264019087948e-01            9.569459183880e-03            0.026285            0.010977                      
58        3.242375435918e-01            6.782193825115e-03            0.037586            0.015446                      
59        3.196046890746e-01            1.191341851050e-02            0.037068            0.015173                      
60        2.636721000126e-01            1.614879824446e-02            0.030535            0.012795                      
61        4.672881950676e-01            1.221789133921e-02            0.054392            0.022000                      
62        2.173113549371e-01            3.642488982265e-02            0.025173            0.010861                      
63        3.134638814941e-01            3.904541539105e-02            0.036373            0.015911                      
64        2.038205107080e-02            1.077972966618e-02            0.002037            0.001861                      
65        2.252186008869e-02            9.545418826136e-03            0.002497            0.001835                      
66        1.553012545305e-02            8.389028706134e-03            0.001525            0.001358                      
67        8.470800286072e-02            6.056657406536e-03            0.009791            0.004095                      
68        4.026420552048e+00            2.774734048841e-02            0.466583            0.191644                      
69        1.000843468817e-01            4.109004066259e-03            0.011613            0.004800                      
70        1.807051612329e-01            1.262095892770e-02            0.020977            0.008934                      
71        1.944178813796e-02            5.702430820012e-03            0.002114            0.001136                      
72        9.908945204429e-02            1.845406229640e-02            0.011292            0.005295                      
73        1.078761103560e-01            8.185764286875e-03            0.012302            0.004785                      
74        2.768972672970e+00            2.214643874916e-02            0.320866            0.132154                      
75        1.213025287812e-01            4.061047053337e-03            0.014045            0.005791                      
76        1.249730523644e-01            2.961002773510e-03            0.014437            0.005934                      
77        3.037922798288e+00            2.078962018122e-02            0.351795            0.144581                      
78        1.758579401834e-01            5.765699156105e-03            0.020354            0.008391                      
79        1.848428092698e-01            6.039076465510e-03            0.021410            0.008859                      
80        2.319340195221e-01            7.990963783119e-03            0.026885            0.011125                      
81        2.938175352902e-01            6.140917876276e-03            0.034050            0.013987                      
82        2.939542788043e-01            1.149990297633e-02            0.034043            0.014144                      
83        3.470940925079e-01            1.779334500911e-02            0.040268            0.016715                      
84        3.579129679301e-01            1.539527629429e-02            0.041613            0.017390                      
85        4.495791083143e-01            2.124346064352e-02            0.052370            0.022075                      
86        4.105908956507e-01            4.615203684077e-02            0.048090            0.023021                      
87        3.013407501541e-01            2.602276237971e-02            0.035197            0.015869                      
88        4.078155981295e-01            4.598463437971e-02            0.046758            0.020646                      
89        6.546128325421e-01            6.310254621911e-02            0.074319            0.033912                      
90        5.792286288194e-01            4.491947286749e-02            0.066535            0.028453                      
91        2.195276502435e-01            3.384970993661e-02            0.025334            0.012037                      
92        3.911900398161e-01            1.002665740724e-01            0.045203            0.023020                      
93        4.541421761201e-01            7.158513217868e-02            0.052352            0.023808                      
94        2.917093726226e-01            4.009486072574e-02            0.032764            0.015282                      
95        2.902891447591e-01            5.268996720066e-02            0.033697            0.015163                      
96        2.180814161807e+00            7.265227112576e-01            0.208672            0.124962                      
97        1.481533762064e+01            1.005379303876e+00            1.644844            0.806839                      
98        4.136360654128e-01            3.255464409076e-02            0.048226            0.020611                      
99        1.153565587261e+00            6.183200567870e-02            0.133860            0.056822                      
100       1.328827558188e+00            7.327220743119e-02            0.151016            0.064419                      
101       5.214635587044e-01            1.842340674117e-01            0.033980            0.028510                      
102       5.022811398583e-01            1.730623679408e-02            0.058006            0.023804                      
103       3.205909966584e-01            1.658260431728e-01            0.026501            0.029394                      
104       6.787695059528e-01            3.025750787186e-02            0.077776            0.033626                      
105       2.851816948384e-01            2.294495950617e-02            0.032443            0.014722                      
106       4.929393628624e-01            3.484989155013e-02            0.057117            0.025945                      
107       3.880392333782e-01            1.278975340873e-02            0.043988            0.018659                      
108       2.425367633572e-01            1.861555071908e-02            0.027118            0.012189                      
109       2.011787862813e-01            3.460093138821e-02            0.017163            0.009418                      
110       1.817176434927e-01            5.527137337425e-02            0.009460            0.010594                      
111       1.434914328517e-01            1.839119493582e-02            0.015088            0.007052                      
112       6.466768885513e-01            6.504521440192e-02            0.066948            0.029579                      
1         7.469442920671e-02            2.302131914066e-02            0.006847            0.003923                      
2         8.249971390425e-02            1.736745008273e-02            0.008938            0.006035                      
3         5.620099846892e-02            1.151395446211e-02            0.004229            0.002907                      
4         8.267250577775e-02            2.248952062382e-02            0.006980            0.004207                      
5         6.447229182211e-02            1.499600945003e-02            0.006792            0.004941                      
6         7.387800684262e-02            1.566030529440e-02            0.005578            0.003475                      
7         6.396450193078e-02            6.969136575121e-03            0.005229            0.003248                      
8         6.584208917003e-02            1.752478970373e-02            0.006823            0.004355                      
9         6.901516250524e-02            1.566395450329e-02            0.005694            0.003340                      
10        6.570050007949e-02            1.039485953880e-02            0.005274            0.004250                      
11        9.448401729370e-02            1.621338476159e-02            0.008334            0.005522                      
12        8.184949930661e-02            2.052683723939e-02            0.003970            0.004091                      
13        8.028220028591e-02            2.543357948624e-02            0.007842            0.005917                      
14        6.977243978952e-02            2.099575225358e-02            0.006908            0.006002                      
15        7.242904837169e-02            1.679578137416e-02            0.004916            0.003460                      
16        8.061595235396e-02            2.824909339583e-02            0.006091            0.003288                      
17        8.545547682483e-02            1.579762981302e-02            0.009060            0.004632                      
18        5.380486472694e-02            1.349583866627e-02            0.005429            0.003247                      
19        5.725822529520e-02            8.865687810682e-03            0.005619            0.002539                      
20        6.368027831758e-02            1.449167169781e-02            0.006331            0.004678                      
21        5.874262890939e-02            1.447259537930e-02            0.005766            0.004378                      
22        6.455272747309e-02            1.348674137453e-02            0.006404            0.004386                      
23        6.177308371507e-02            1.467502046275e-02            0.004645            0.003640                      
24        6.226005106501e-02            1.134630000793e-02            0.003724            0.003441                      
25        5.113288287922e-02            1.099308009215e-02            0.004193            0.003842                      
26        5.617716831984e-02            1.208788681253e-02            0.003798            0.002902                      
27        6.749982525905e-02            1.121579219908e-02            0.005100            0.003948                      
28        6.104312608351e-02            1.255872672310e-02            0.004753            0.003662                      
29        4.866401720634e-02            1.187140858776e-02            0.003046            0.002661                      
30        5.980473258274e-02            1.340399675136e-02            0.004513            0.003379                      
31        5.379181799606e-02            1.680336012688e-02            0.003547            0.003170                      
32        4.893102049233e-02            8.102270631495e-03            0.003351            0.002608                      
33        4.703886292120e-02            9.893838280415e-03            0.004578            0.003140                      
34        5.532109620477e-02            1.237304909710e-02            0.004143            0.002644                      
35        5.423059032910e-02            1.390556161621e-02            0.004346            0.004341                      
36        5.793377856227e-02            1.327094375689e-02            0.004124            0.002911                      
37        4.510414694988e-02            6.264147802091e-03            0.002960            0.002463                      
38        4.974785447081e-02            8.296231026381e-03            0.003009            0.002774                      
39        4.698669301960e-02            9.406919627043e-03            0.004284            0.003244                      
40        4.930942471152e-02            1.349780090678e-02            0.003670            0.002000                      
41        5.603397278035e-02            1.289437614875e-02            0.005202            0.004622                      
42        6.128422567010e-02            1.584978836542e-02            0.002864            0.002423                      
43        4.192287439609e-02            1.129298410147e-02            0.003413            0.002469                      
44        5.161571998712e-02            1.327207439545e-02            0.002885            0.002212                      
45        3.291963903752e-02            8.629696501656e-03            0.003195            0.002196                      
46        4.160921166753e-02            7.581189109869e-03            0.002934            0.001784                      
47        3.777935445589e-02            9.364541596047e-03            0.003315            0.002715                      
48        4.863207381122e-02            1.482096402638e-02            0.004133            0.002560                      
49        3.826588350347e-02            9.778804363864e-03            0.002580            0.002093                      
50        4.149231974677e-02            8.193175389816e-03            0.003086            0.002265                      
51        3.193932404982e-02            7.220105370327e-03            0.002906            0.001973                      
52        3.187928054015e-02            8.892092438713e-03            0.002425            0.001574                      
53        4.840522556335e-02            1.080659167854e-02            0.003648            0.002900                      
54        4.077067839947e-02            9.693350679498e-03            0.002928            0.002684                      
55        4.078385905051e-02            7.667552430540e-03            0.002710            0.002274                      
56        4.928070058101e-02            1.240404008233e-02            0.003888            0.002892                      
57        4.510289674647e-02            1.285306719344e-02            0.003523            0.003024                      
58        4.757369730267e-02            1.270889922765e-02            0.004148            0.002338                      
59        4.379266665051e-02            8.807401147255e-03            0.003424            0.002214                      
60        6.081171135271e-02            1.307203881680e-02            0.004307            0.002710                      
61        5.049827677304e-02            9.423034182788e-03            0.003566            0.002315                      
62        4.578969790678e-02            8.624631174217e-03            0.003773            0.002968                      
63        3.480200216945e-02            7.031887300735e-03            0.003115            0.002241                      
64        3.047783988446e-02            5.952452167258e-03            0.002117            0.002097                      
65        4.045028347232e-02            9.577426654177e-03            0.003177            0.002416                      
66        4.390438917502e-02            8.242067080744e-03            0.001986            0.002046                      
67        3.821062720873e-02            9.678379027005e-03            0.003716            0.002470                      
68        4.478273706179e-02            1.070337243169e-02            0.005015            0.003046                      
69        3.712933062567e-02            8.180077033918e-03            0.002605            0.002168                      
70        4.045693234334e-02            1.209766200686e-02            0.003262            0.002204                      
71        2.700293925844e-02            5.992659647386e-03            0.001871            0.001320                      
72        4.010683790442e-02            9.332429492955e-03            0.002723            0.002187                      
73        4.270912875663e-02            8.027711689291e-03            0.004858            0.002223                      
74        3.846559320328e-02            1.019763387602e-02            0.003078            0.002228                      
75        3.431299031900e-02            9.407735162922e-03            0.002145            0.001864                      
76        3.729113716923e-02            8.082157347903e-03            0.002260            0.002193                      
77        2.790550934848e-02            5.595027336962e-03            0.001598            0.001308                      
78        3.556977141596e-02            8.181466692465e-03            0.003184            0.002964                      
79        4.145526031327e-02            1.295020864306e-02            0.004071            0.002228                      
80        3.476539758718e-02            7.431615052850e-03            0.002970            0.001723                      
81        2.879076170093e-02            6.953708803389e-03            0.002312            0.001876                      
82        3.166736587619e-02            5.917443131490e-03            0.001653            0.001509                      
83        3.431796247448e-02            1.001436618065e-02            0.002385            0.002432                      
84        4.129512900817e-02            1.136580218211e-02            0.004212            0.002441                      
85        2.995303926492e-02            7.849075309901e-03            0.003126            0.002326                      
86        2.764192396772e-02            6.806123258584e-03            0.001994            0.001613                      
87        3.718892442634e-02            9.734758483116e-03            0.001849            0.001846                      
88        3.493303344307e-02            6.187320935018e-03            0.003539            0.001954                      
89        2.797942049104e-02            7.051530254866e-03            0.001888            0.001343                      
90        2.894871096539e-02            7.427454889374e-03            0.002078            0.001410                      
91        2.692423713272e-02            6.451495964568e-03            0.001746            0.001292                      
92        3.261197534473e-02            7.034312058796e-03            0.002947            0.002228                      
93        2.824214720189e-02            7.378167150423e-03            0.002409            0.002075                      
94        2.411632334668e-02            4.741096249739e-03            0.001917            0.001616                      
95        2.930779220454e-02            6.325630089668e-03            0.003453            0.001789                      
96        2.472065787535e-02            5.776636479591e-03            0.001633            0.001187                      
97        2.023561956244e-02            3.170033248252e-03            0.001431            0.001199                      
98        2.476521701538e-02            4.528796836790e-03            0.001364            0.000950                      
99        2.142907985678e-02            5.179642358682e-03            0.001490            0.001205                      
100       2.713844592728e-02            4.778360203781e-03            0.002621            0.001356                      
101       5.290191977457e-01            1.415258426188e-01            0.023496            0.021166                      
102       2.497159361952e-01            4.880153400070e-02            0.014057            0.010407                      
103       3.677524456701e-01            7.945242952485e-02            0.023598            0.016897                      
104       5.806509835986e-01            1.311886573687e-01            0.035095            0.022692                      
105       6.544872336949e-01            3.587568791118e-01            0.035302            0.022106                      
106       6.052141631575e-01            9.300890295224e-02            0.022869            0.020293                      
107       2.718230171296e-01            1.061596747561e-01            0.012987            0.013825                      
108       3.612104307371e-01            6.615667504145e-02            0.024130            0.016862                      
109       7.126786781036e-01            1.546709761688e-01            0.060325            0.035839                      
110       4.808913022825e-01            1.083607489263e-01            0.027390            0.017768                      
111       5.575110833680e-01            1.349664813019e-01            0.029062            0.024456                      
112       2.067743429644e-01            3.280956850650e-02            0.011979            0.011766                      
113       3.997169622801e-01            8.865663898316e-02            0.031776            0.024863                      
114       1.928854447920e-01            3.623896456440e-02            0.017686            0.009187                      
115       2.787523868764e-01            7.029639075604e-02            0.022382            0.013961                      
116       4.904800231515e-01            1.683165242533e-01            0.021402            0.023294                      
117       4.013160262549e-01            9.084801467066e-02            0.023540            0.015578                      
118       3.937712735949e-01            4.573309801801e-02            0.016813            0.015979                      
119       2.963903941667e-01            7.234228714078e-02            0.019819            0.011745                      
120       2.739143405505e-01            6.442220339675e-02            0.015891            0.013156                      
121       2.891457777711e-01            6.407354264550e-02            0.024942            0.011638                      
122       1.750247165671e-01            2.420682153628e-02            0.008248            0.007238                      
123       4.462944735167e-01            9.257177992544e-02            0.040198            0.021968                      
124       3.198359301296e-01            6.458634696870e-02            0.019220            0.016636                      
125       2.061337269676e-01            4.676183658541e-02            0.008937            0.007485                      
126       1.962168254970e-01            3.964465231408e-02            0.013995            0.009486                      
127       2.217003968591e-01            5.171158013885e-02            0.016593            0.013140                      
128       1.851256172618e-01            5.266342298297e-02            0.012637            0.007899                      
129       2.608918751758e-01            5.093671919151e-02            0.013104            0.011198                      
130       2.085400568311e-01            5.623563591902e-02            0.011922            0.010012                      
131       1.998400234457e-01            4.573005046502e-02            0.016150            0.010600                      
132       2.475222801236e-01            8.113876218674e-02            0.015535            0.013726                      
133       3.141916437016e-01            8.523235203128e-02            0.018778            0.013245                      
134       2.260737847089e-01            4.869537157812e-02            0.017002            0.016290                      
135       2.686319410887e-01            7.597203715585e-02            0.010099            0.007568                      
136       2.935611126311e-01            6.531063951890e-02            0.015559            0.014327                      
137       3.256246355770e-01            4.076766387910e-02            0.015834            0.011283                      
138       1.704984043657e-01            3.872501116042e-02            0.007973            0.007429                      
139       2.536440421525e-01            7.511462441100e-02            0.018302            0.010503                      
140       2.030583573411e-01            4.391308064214e-02            0.009660            0.007336                      
141       2.030906824341e-01            3.049393704288e-02            0.020334            0.009967                      
142       1.833981062383e-01            4.170753614484e-02            0.013075            0.007107                      
143       1.335436618433e-01            2.537209751693e-02            0.009645            0.006762                      
144       1.711554718770e-01            3.647011040309e-02            0.012128            0.006906                      
145       1.910481991215e-01            4.348512100117e-02            0.010014            0.008658                      
146       1.936645979111e-01            4.793485705078e-02            0.008175            0.007166                      
147       1.609357553327e-01            3.647474308825e-02            0.006860            0.006363                      
148       1.382412823513e-01            3.138117213725e-02            0.011662            0.006682                      
149       1.612633952727e-01            4.072853187565e-02            0.007129            0.007973                      
150       1.328535423621e-01            2.853542202557e-02            0.007322            0.007184                      
151       9.781051014479e-02            1.497027489544e-02            0.006715            0.004811                      
152       1.342680639855e-01            1.975762434397e-02            0.006906            0.005071                      
153       1.617399472871e-01            4.211309444415e-02            0.013112            0.007881                      
154       1.375791717612e-01            2.770194044865e-02            0.007331            0.005546                      
155       1.296969112359e-01            2.798892085364e-02            0.007722            0.005848                      
156       1.382948525470e-01            2.584263979335e-02            0.005193            0.004954                      
157       1.388786833876e-01            2.785025251753e-02            0.009932            0.008171                      
158       1.658749757073e-01            4.748535925362e-02            0.008116            0.007071                      
159       9.548673403076e-02            2.382003389346e-02            0.005727            0.004715                      
160       1.322271077164e-01            1.608952234843e-02            0.005979            0.004765                      
161       1.411611268794e-01            3.489962193323e-02            0.010781            0.007127                      
162       1.181238584615e-01            2.082643935933e-02            0.006356            0.004273                      
163       1.391834241557e-01            3.813656310835e-02            0.008318            0.006449                      
164       1.649092819199e-01            3.200291956408e-02            0.009923            0.006443                      
165       1.611179445789e-01            3.281073672981e-02            0.010597            0.007548                      
166       1.302374071032e-01            3.165961772310e-02            0.005712            0.005231                      
167       1.503474202942e-01            2.317450299375e-02            0.011345            0.007236                      
168       8.950950618852e-02            2.801574307078e-02            0.005413            0.004246                      
169       1.091159423233e-01            3.145133999017e-02            0.005175            0.005350                      
170       8.998273556570e-02            1.907434712968e-02            0.006926            0.004300                      
171       9.809365073952e-02            2.627672753969e-02            0.005476            0.004101                      
172       1.518178956893e-01            4.268199014340e-02            0.007504            0.006785                      
173       1.652336482053e-01            3.324364436153e-02            0.006276            0.005389                      
174       8.743196833819e-02            2.437068670599e-02            0.004146            0.003885                      
175       8.076591813178e-02            2.137408181829e-02            0.005523            0.004376                      
176       1.122774070623e-01            2.155455414624e-02            0.005769            0.005535                      
177       9.278943513396e-02            2.333284963897e-02            0.005154            0.004721                      
178       1.171340848367e-01            2.432982636527e-02            0.007489            0.005608                      
179       1.238249576688e-01            3.970508190780e-02            0.007130            0.006737                      
180       8.977013929939e-02            2.088331624369e-02            0.007605            0.004027                      
181       7.691238398846e-02            2.209598795967e-02            0.003618            0.002839                      
182       1.410111676804e-01            3.522217767818e-02            0.008765            0.005470                      
183       7.231563516264e-02            2.068279990077e-02            0.005347            0.003156                      
184       1.013583304083e-01            3.318697528093e-02            0.006781            0.005492                      
185       8.583626260921e-02            2.214913203450e-02            0.004966            0.003107                      
186       7.838933698797e-02            2.046297780354e-02            0.006278            0.003103                      
187       8.338870532249e-02            2.208471607120e-02            0.003850            0.003997                      
188       8.222376119228e-02            2.079144765490e-02            0.006583            0.003734                      
189       6.517231025109e-02            1.856055025573e-02            0.004036            0.003665                      
190       7.458042171991e-02            1.801300268310e-02            0.004631            0.003659                      
191       1.060477711773e-01            3.021078758187e-02            0.007203            0.005936                      
192       7.107984714354e-02            2.695080594040e-02            0.003625            0.003271                      
193       7.345151159040e-02            1.715110759665e-02            0.004175            0.002689                      
194       9.412414526974e-02            2.785908694946e-02            0.004006            0.003262                      
195       7.373997307453e-02            1.611292543386e-02            0.003334            0.002841                      
196       6.155853625717e-02            1.280508305407e-02            0.004025            0.003180                      
197       6.856050318285e-02            1.412234150316e-02            0.004125            0.003693                      
198       7.404099136589e-02            1.891328537898e-02            0.004664            0.003863                      
199       4.989453857158e-02            1.190482369826e-02            0.003272            0.002366                      
200       5.849052148062e-02            1.257272731989e-02            0.002866            0.002374                      
201       4.573794153939e-02            9.684359823241e-03            0.002419            0.001984                      
202       6.107258700294e-02            1.747958523244e-02            0.003353            0.002308                      
