@    title "Magnitude of Electric Field"
@    xaxis  label "Residues"
@    yaxis  label "MV/cm"
#time     EField_per_residue            Std.Deviation         EField_residue_alignement   Std.Deviation
@type xydy
1         4.766298920856e+00            4.556134551895e-01            0.068306            0.022803                      
2         1.454268428148e+00            4.992729984145e-01            0.019883            0.010171                      
3         2.089125353181e+00            4.959388362174e-01            0.028741            0.012190                      
4         2.452089174002e+00            5.894279535923e-01            0.021434            0.014604                      
5         6.717386774467e+00            7.824876189677e-01            0.056719            0.031889                      
6         1.973727417937e+00            4.913508830133e-01            0.011999            0.009247                      
7         4.404616503998e+00            1.611784031417e+00            0.049141            0.035259                      
8         1.068446849739e+01            1.830483134448e+00            0.042860            0.038951                      
9         1.295258729879e+00            2.448510336281e-01            0.022749            0.007322                      
10        1.099857148746e+01            1.625465829668e+00            0.130612            0.050857                      
11        4.932334747706e+01            7.563226480660e+00            0.229619            0.185343                      
12        2.058633137621e+00            4.282259704372e-01            0.029419            0.012174                      
13        3.719192850528e-01            9.143645213239e-02            0.006279            0.002530                      
14        9.167058398891e+00            2.002976484844e+00            0.089175            0.047607                      
15        3.299291339179e-01            6.718586411223e-02            0.005739            0.002348                      
16        2.991752307316e+00            3.143465594926e-01            0.047277            0.015690                      
17        3.070786578507e-01            5.664352338933e-02            0.006265            0.001966                      
18        4.385560173840e-01            2.459317735421e-01            0.003845            0.003890                      
19        3.395365500468e+00            3.265963380896e-01            0.050193            0.017053                      
20        7.674297260511e+00            1.277825309059e+00            0.078821            0.041520                      
21        2.372536646733e-01            1.907919519897e-01            0.001872            0.002287                      
22        5.219801426916e+00            1.005639883297e+00            0.030013            0.022833                      
23        3.994322270382e-01            9.415275683903e-02            0.002348            0.001938                      
24        4.656988844750e-01            2.107151374919e-01            0.005382            0.003645                      
25        6.952642387674e-01            1.996279597001e-01            0.011095            0.004561                      
26        1.536512696852e+00            6.458342517884e-01            0.020304            0.021434                      
27        2.351541303575e+00            4.066397102799e-01            0.041185            0.013144                      
28        1.309833030662e+00            2.018844139245e-01            0.013370            0.007457                      
29        1.270690728457e+01            3.191048987467e+00            0.179955            0.072736                      
30        1.278623105923e+01            4.681786319978e+00            0.169290            0.105572                      
31        7.788964257353e+00            2.039771399160e+00            0.117718            0.055520                      
32        2.247850127007e+00            1.152260252201e+00            0.033971            0.023861                      
33        7.776667267456e-01            2.071213695752e-01            0.005767            0.006112                      
34        3.659743444967e-01            1.193955908066e-01            0.003261            0.002928                      
35        5.942784271435e+00            1.733642910063e+00            0.062514            0.030910                      
36        2.476762502041e-01            6.045776959923e-02            0.002576            0.001982                      
37        1.231016617585e-01            2.665438464770e-02            0.001233            0.000920                      
38        2.312912580380e-01            4.934939601317e-02            0.004656            0.001569                      
39        2.343417883998e-01            3.352672461072e-02            0.004679            0.001257                      
40        2.738131883536e-01            6.637076286935e-02            0.004913            0.002076                      
41        2.202290667033e-01            3.624724309086e-02            0.003024            0.001351                      
42        3.447951924372e-01            5.791053209723e-02            0.005469            0.002056                      
43        2.542540348971e+00            1.974955923271e-01            0.050976            0.012438                      
44        2.319166844087e-01            5.568147255164e-02            0.001692            0.001346                      
45        5.001909357455e+00            8.700029966257e-01            0.087434            0.024592                      
46        3.234598807057e-01            6.990262346025e-02            0.002427            0.001945                      
47        3.261088564866e+00            2.431390455411e-01            0.065705            0.015619                      
48        3.700277965249e+00            7.236206511896e-01            0.065695            0.018678                      
49        3.970741208682e-01            8.733892459786e-02            0.006386            0.002770                      
50        2.971952029754e-01            4.851100126969e-02            0.004649            0.001859                      
51        1.940654410374e-01            4.389388411440e-02            0.003784            0.001271                      
52        3.500967264382e+00            1.887107841143e-01            0.062026            0.016871                      
53        1.621854139282e-01            4.829485470162e-02            0.002651            0.001283                      
54        2.110592633828e-01            2.920683891748e-02            0.001347            0.001138                      
55        1.975595523275e-01            5.439013346996e-02            0.001981            0.001573                      
56        2.567826979657e-01            3.246806858620e-02            0.002009            0.001578                      
57        1.359896934559e-01            2.818126406930e-02            0.001297            0.000954                      
58        2.294880679956e-01            6.869536646090e-02            0.003675            0.001831                      
59        7.630347806819e-01            1.184540769102e-01            0.011924            0.004033                      
60        3.693791246208e+00            6.536561972673e-01            0.024654            0.016138                      
61        4.836064941307e+00            3.376211657891e-01            0.042904            0.022142                      
62        5.246912063156e+00            3.608531831859e-01            0.086486            0.025166                      
63        2.276040306568e+00            3.551125733040e-01            0.028880            0.011663                      
64        9.029957355032e+00            1.134328789464e+00            0.042491            0.033793                      
65        4.737889811323e+00            5.239272466313e-01            0.067742            0.024267                      
66        3.230467209515e+00            7.750464501693e-01            0.015395            0.012706                      
67        7.446019551023e+00            3.153705799639e+00            0.041282            0.029764                      
68        2.955261139424e+00            7.771982330043e-01            0.031492            0.019245                      
69        2.681414750894e+00            8.150822017069e-01            0.042224            0.020288                      
70        3.853834762100e+01            6.721574073760e+00            0.595617            0.176813                      
71        4.396264336336e+00            1.443553339742e+00            0.031742            0.021182                      
72        8.600411988936e+00            1.073513073094e+00            0.057339            0.036004                      
73        2.701953129945e+00            6.049130758238e-01            0.011420            0.010053                      
74        2.928481193508e+00            7.501335946556e-01            0.021724            0.013901                      
75        1.391699875059e+00            3.414807069972e-01            0.007622            0.005878                      
76        7.568989827488e+00            1.368097122760e+00            0.029227            0.029186                      
77        1.211098712016e+00            2.010542808314e-01            0.010091            0.006370                      
78        8.616171297931e-01            1.475313824574e-01            0.010830            0.004554                      
79        4.754149838188e-01            7.234378419200e-02            0.004583            0.002404                      
80        6.737158077393e+00            8.299524299098e-01            0.028921            0.028235                      
81        5.426149590829e-01            1.013781449975e-01            0.003069            0.002695                      
82        1.336828769190e-01            1.580551473601e-02            0.001275            0.000750                      
83        2.795795554735e+00            3.059368450350e-01            0.029429            0.014113                      
84        2.434729695414e-01            3.499809876506e-02            0.002481            0.001402                      
85        2.766138771244e+00            2.735301852146e-01            0.033483            0.013783                      
86        1.251437800943e-01            2.366929005236e-02            0.001930            0.000893                      
87        1.965606931708e-01            2.945624359696e-02            0.001002            0.000875                      
88        3.335160095100e-01            9.006890041739e-02            0.004605            0.002798                      
89        3.105324309244e+00            3.672920705300e-01            0.052467            0.016067                      
90        1.856459908053e-01            4.934356115330e-02            0.002030            0.001373                      
91        1.236975470809e-01            2.423422379557e-02            0.001208            0.000866                      
92        3.412508807684e+00            2.658632582677e-01            0.070257            0.016109                      
93        4.514767736852e-01            7.479890641160e-02            0.009115            0.002667                      
94        5.567571251459e-01            8.374138761755e-02            0.011337            0.003071                      
95        2.356906352949e+00            1.274640931364e-01            0.048046            0.010534                      
96        3.378661359414e+00            4.609181260713e-01            0.060680            0.017738                      
97        1.492802619956e+00            3.064485905336e-01            0.029973            0.008960                      
98        1.237120812795e+00            1.906628468881e-01            0.021663            0.006675                      
99        1.330790423279e+00            1.800075979357e-01            0.017611            0.007969                      
100       3.806242203746e+00            7.172207388682e-01            0.049366            0.022402                      
101       9.471306844026e+00            2.377943149298e+00            0.121367            0.068738                      
102       1.693051229779e+00            3.693295715221e-01            0.011509            0.009208                      
103       2.688271961164e+00            4.309956510397e-01            0.036748            0.017039                      
104       1.158431906465e+01            3.826436496915e+00            0.199716            0.087181                      
105       1.568510422612e+01            6.582161961242e+00            0.202713            0.124258                      
106       2.128124230588e+00            4.696729150464e-01            0.034870            0.014872                      
107       2.070230611227e+00            5.009242261667e-01            0.014848            0.014173                      
108       7.778205376221e+00            1.041143610987e+00            0.040369            0.036563                      
109       7.530344728864e-01            3.500912171306e-01            0.003816            0.004343                      
110       8.392743291195e-01            1.680579262518e-01            0.003608            0.004166                      
111       7.046631671104e-01            1.085621163468e-01            0.004738            0.004108                      
112       3.741843062105e-01            5.095599264082e-02            0.001673            0.001765                      
113       3.789760213207e-01            5.261344578040e-02            0.002331            0.002077                      
114       1.937121258269e-01            5.467752628543e-02            0.000991            0.000927                      
115       1.459790124753e-01            4.779430074459e-02            0.002120            0.001113                      
116       2.125001072391e-01            5.833327508519e-02            0.001528            0.001286                      
117       1.892491640566e-01            4.367738329999e-02            0.002187            0.001220                      
118       1.722411381769e-01            2.433026777153e-02            0.001069            0.000915                      
119       1.822994846631e+00            1.122966865576e-01            0.024623            0.009039                      
120       1.729804748354e-01            3.454414574214e-02            0.001110            0.000911                      
121       1.755779285940e-01            2.269880946563e-02            0.001313            0.000963                      
122       1.568680755289e-01            6.891229001361e-02            0.001742            0.001244                      
123       1.282064864704e-01            6.606122302509e-02            0.001388            0.001310                      
124       2.078037123142e+00            2.341410437527e-01            0.041092            0.010975                      
125       1.528567581255e+00            9.185898047397e-02            0.026529            0.007570                      
126       2.581064098887e-01            2.981477855740e-02            0.003815            0.001400                      
127       2.249622005664e+00            2.180782711013e-01            0.038619            0.010995                      
128       1.706048148308e+00            1.039719681645e-01            0.027227            0.008272                      
129       1.702410643591e-01            2.496512564920e-02            0.000814            0.000776                      
130       1.948713156030e-01            3.313174970783e-02            0.000890            0.000869                      
131       1.503895501796e-01            2.775984142476e-02            0.000724            0.000615                      
132       2.536944311539e-01            4.407730043953e-02            0.003245            0.001643                      
133       2.748959493643e-01            6.316573085068e-02            0.001563            0.001315                      
134       1.838513455979e-01            4.479207192655e-02            0.001207            0.000865                      
135       2.632405329123e+00            4.682656971742e-01            0.023307            0.013662                      
136       4.242442560041e-01            1.484759897161e-01            0.002007            0.002360                      
137       7.598842985094e+00            2.308270796717e+00            0.040327            0.039590                      
138       1.337505073933e+00            5.430340816078e-01            0.009753            0.008059                      
139       3.619476590608e-01            9.188859313041e-02            0.002108            0.002180                      
140       4.634885035287e-01            2.071063442144e-01            0.002468            0.002664                      
141       9.456665436649e-01            4.942126162595e-01            0.005125            0.004871                      
142       1.025345004459e+00            2.558504957555e-01            0.004606            0.004204                      
143       3.507581957726e-01            7.123701466648e-02            0.006153            0.001760                      
144       5.967474931947e-01            1.923188008654e-01            0.007907            0.003846                      
145       2.847626505052e+01            5.551929287205e+00            0.194543            0.120855                      
146       4.485464901783e-01            7.271110180835e-02            0.007872            0.002908                      
147       3.371185723105e+00            3.278253053211e-01            0.030987            0.013567                      
148       7.635777500386e+00            9.216467137052e-01            0.081716            0.030742                      
149       6.625175080910e-01            1.140177347237e-01            0.004539            0.003168                      
150       3.440464444817e-01            5.196073521926e-02            0.001466            0.001248                      
151       3.740847966805e-01            1.027686264418e-01            0.004354            0.002241                      
152       4.562038700989e-01            8.927960193625e-02            0.006041            0.002749                      
153       2.961406778970e-01            5.029131417780e-02            0.003336            0.001864                      
154       2.481569663100e+00            1.638232198811e-01            0.042249            0.010788                      
155       1.067568306987e-01            4.403290217454e-02            0.000880            0.000816                      
156       2.037963725648e-01            2.733040959323e-02            0.002883            0.001186                      
157       2.733141483252e-01            5.834986901735e-02            0.004551            0.001684                      
158       4.303860478860e-01            8.518348417521e-02            0.005070            0.002289                      
159       2.462019004187e+00            1.673911573730e-01            0.041068            0.010475                      
160       2.220159276251e-01            2.930792003679e-02            0.003364            0.001387                      
161       4.599968460678e-01            2.244176098818e-01            0.004914            0.003820                      
162       2.802921920417e+00            3.241362996649e-01            0.044310            0.012916                      
163       3.217217759709e-01            1.234082229050e-01            0.003603            0.003097                      
164       2.152684137502e+00            1.896647537262e-01            0.030737            0.009579                      
