@    title "Magnitude of Electric Field"
@    xaxis  label "Residues"
@    yaxis  label "MV/cm"
#time     EField_per_residue            Std.Deviation         EField_residue_alignement   Std.Deviation
@type xydy
1         4.721425595204e+00            6.586989000851e-01            0.064188            0.032847                      
2         1.445796796603e+00            5.819732191238e-01            0.018663            0.012375                      
3         2.039219650431e+00            7.525717209685e-01            0.026410            0.019236                      
4         2.411983186769e+00            8.427764799673e-01            0.021795            0.016320                      
5         6.668392937786e+00            1.081359784718e+00            0.057556            0.034040                      
6         1.958305681713e+00            6.791006497515e-01            0.012928            0.011583                      
7         4.250371481303e+00            1.864163555929e+00            0.049166            0.046296                      
8         1.073497573334e+01            2.389265997373e+00            0.060074            0.051142                      
9         1.282586284508e+00            3.535481391951e-01            0.021522            0.011378                      
10        1.069845121859e+01            2.139349819396e+00            0.118119            0.059880                      
11        4.979125334575e+01            1.814815324870e+01            0.277972            0.253086                      
12        2.128492376853e+00            6.660910372024e-01            0.028476            0.018204                      
13        3.867440405559e-01            1.112305333989e-01            0.005845            0.003115                      
14        9.211950822247e+00            2.566432569045e+00            0.085384            0.069797                      
15        3.350958799509e-01            7.856535420591e-02            0.005255            0.002479                      
16        2.993743261293e+00            3.854635597262e-01            0.044426            0.019154                      
17        3.185553249368e-01            7.716858225241e-02            0.005872            0.002213                      
18        4.380202921147e-01            2.627928758286e-01            0.003775            0.004344                      
19        3.390142596902e+00            4.047778830471e-01            0.046540            0.021312                      
20        7.595519085423e+00            1.646454233483e+00            0.074840            0.049713                      
21        2.500287592458e-01            1.994081549625e-01            0.001806            0.002337                      
22        5.158480610081e+00            1.168030545874e+00            0.031123            0.022956                      
23        4.045950083105e-01            1.191142587783e-01            0.002777            0.002410                      
24        4.531589481426e-01            2.327808849253e-01            0.004580            0.002793                      
25        7.104926181009e-01            2.473528285146e-01            0.009725            0.004542                      
26        1.623939061686e+00            8.449226209202e-01            0.019474            0.018620                      
27        2.462048951978e+00            7.328479043828e-01            0.039318            0.018890                      
28        1.381726327915e+00            4.258222715498e-01            0.014101            0.008115                      
29        1.401535458111e+01            8.091805526592e+00            0.160053            0.117908                      
30        1.392552026301e+01            7.934305216656e+00            0.159983            0.137159                      
31        8.405649815408e+00            3.278867857002e+00            0.116865            0.075024                      
32        2.330756923339e+00            1.522173966270e+00            0.029070            0.022883                      
33        7.987197459368e-01            2.390181459179e-01            0.006807            0.006539                      
34        3.858392066646e-01            1.497558662587e-01            0.003545            0.003481                      
35        6.102338302021e+00            1.963186845646e+00            0.059285            0.030863                      
36        2.536826571588e-01            6.782149047882e-02            0.002572            0.002204                      
37        1.250561941284e-01            3.105810514207e-02            0.001239            0.000971                      
38        2.368557002737e-01            5.773230908017e-02            0.004336            0.001744                      
39        2.360080970357e-01            4.035081441919e-02            0.004316            0.001476                      
40        2.795416822400e-01            8.265197896712e-02            0.004780            0.002564                      
41        2.268757798127e-01            4.171813825933e-02            0.003044            0.001545                      
42        3.524071250622e-01            6.819599936591e-02            0.005249            0.002408                      
43        2.557542995098e+00            2.564967217516e-01            0.047466            0.014939                      
44        2.422950556149e-01            6.417636464159e-02            0.001897            0.001550                      
45        5.086389518256e+00            8.635799297241e-01            0.081444            0.031195                      
46        3.305592271805e-01            7.119378587762e-02            0.002878            0.002066                      
47        3.303524334360e+00            2.988139467532e-01            0.061895            0.018116                      
48        3.662195325012e+00            6.207041494538e-01            0.059806            0.022693                      
49        4.086960136363e-01            9.969910217581e-02            0.005814            0.002740                      
50        3.053440484638e-01            5.588065070808e-02            0.004232            0.001819                      
51        2.001629794556e-01            4.282583752784e-02            0.003564            0.001258                      
52        3.559436837694e+00            3.242783343920e-01            0.059056            0.019686                      
53        1.664668528347e-01            4.772442655897e-02            0.002615            0.001344                      
54        2.143542852571e-01            3.624340573060e-02            0.001501            0.001374                      
55        2.037843674335e-01            5.906996655589e-02            0.002022            0.001482                      
56        2.620633715311e-01            4.807287050961e-02            0.002274            0.002068                      
57        1.393820178042e-01            3.313580746210e-02            0.001290            0.001028                      
58        2.332592426175e-01            7.484750101303e-02            0.003375            0.001677                      
59        7.858733696947e-01            1.738421832764e-01            0.011220            0.004275                      
60        3.787655102234e+00            7.365538457092e-01            0.026217            0.022394                      
61        4.911075938121e+00            5.993866863038e-01            0.042066            0.027010                      
62        5.359712715221e+00            6.461695262011e-01            0.082664            0.029962                      
63        2.416693112671e+00            7.293758460784e-01            0.027875            0.014290                      
64        9.172999592216e+00            1.717363750343e+00            0.048905            0.046414                      
65        4.793275506796e+00            6.492199029340e-01            0.065231            0.029837                      
66        3.593587895281e+00            1.472258455043e+00            0.024724            0.021827                      
67        8.165026525780e+00            5.165624123581e+00            0.042154            0.034296                      
68        3.162052690827e+00            1.109757548299e+00            0.030798            0.020990                      
69        2.899867138244e+00            1.198335308885e+00            0.041843            0.026698                      
70        4.214248781777e+01            1.439997075022e+01            0.604754            0.296028                      
71        4.839903935155e+00            2.523729140715e+00            0.032358            0.028170                      
72        8.584683680349e+00            1.455381140333e+00            0.053941            0.040648                      
73        2.864278501054e+00            1.098334038132e+00            0.016171            0.017587                      
74        3.018620168470e+00            1.164149170992e+00            0.020143            0.015438                      
75        1.432852048487e+00            4.916458619203e-01            0.007894            0.007140                      
76        7.742232591239e+00            1.818461730754e+00            0.036800            0.041462                      
77        1.231000982334e+00            3.165289045047e-01            0.009652            0.007320                      
78        8.663377748985e-01            2.122095592662e-01            0.010216            0.005386                      
79        4.797909303767e-01            1.026461106302e-01            0.004354            0.003009                      
80        6.780563065665e+00            1.184919473015e+00            0.035546            0.036006                      
81        5.398846475163e-01            1.320189393948e-01            0.003791            0.003008                      
82        1.335654177288e-01            2.237966376087e-02            0.001272            0.000829                      
83        2.755092989843e+00            3.634943920473e-01            0.029243            0.017442                      
84        2.398655930801e-01            5.058823114234e-02            0.002424            0.001721                      
85        2.764349551464e+00            3.536671353626e-01            0.032837            0.018812                      
86        1.249064899887e-01            2.800083801878e-02            0.001770            0.001028                      
87        1.926631921764e-01            3.690457636945e-02            0.001309            0.001035                      
88        3.376040407372e-01            1.117126353404e-01            0.004384            0.003882                      
89        3.112132470706e+00            4.284252465767e-01            0.050105            0.021571                      
90        1.886256316258e-01            5.103574260983e-02            0.002170            0.001705                      
91        1.231919764331e-01            2.889050274793e-02            0.001143            0.000819                      
92        3.374185835742e+00            3.665697741575e-01            0.065894            0.025996                      
93        4.452711458327e-01            9.577431488828e-02            0.008646            0.004340                      
94        5.453373390541e-01            1.193057677141e-01            0.010605            0.005516                      
95        2.345857138926e+00            1.827676960641e-01            0.045072            0.015994                      
96        3.385724898322e+00            5.029949379238e-01            0.057245            0.023992                      
97        1.454386478918e+00            4.379712304259e-01            0.028499            0.017751                      
98        1.194523888008e+00            2.820867292145e-01            0.020298            0.010990                      
99        1.287883659218e+00            3.074871144625e-01            0.016941            0.009457                      
100       3.706277056568e+00            1.282670937687e+00            0.048292            0.029362                      
101       8.901050187841e+00            2.915067764415e+00            0.106916            0.070953                      
102       1.636378880606e+00            5.159329160150e-01            0.014244            0.011414                      
103       2.661930221222e+00            8.921278400080e-01            0.033704            0.023812                      
104       1.158091534697e+01            6.830402743204e+00            0.162900            0.115164                      
105       1.618364710566e+01            1.034654128390e+01            0.194723            0.177096                      
106       2.105071174627e+00            6.744646121936e-01            0.032955            0.017577                      
107       2.095975918087e+00            8.643251885569e-01            0.016855            0.016504                      
108       7.861573633522e+00            1.565498640422e+00            0.046767            0.044761                      
109       7.788937222345e-01            3.675325699697e-01            0.004869            0.004503                      
110       8.303239742632e-01            2.266999139031e-01            0.004955            0.004766                      
111       6.989823711642e-01            1.552420160440e-01            0.005460            0.004753                      
112       3.737420207021e-01            7.369466868112e-02            0.002287            0.002092                      
113       3.753609563863e-01            7.212192278822e-02            0.002662            0.002450                      
114       1.850301370912e-01            6.845912718297e-02            0.001208            0.001185                      
115       1.395644892350e-01            5.481742731495e-02            0.001944            0.001396                      
116       2.099570512234e-01            5.883765199850e-02            0.001660            0.001305                      
117       1.849804106372e-01            4.576925867051e-02            0.002174            0.001425                      
118       1.687310866693e-01            3.106824581912e-02            0.001253            0.000925                      
119       1.798707381916e+00            1.506071647230e-01            0.024177            0.011678                      
120       1.722125233459e-01            3.306627506437e-02            0.001272            0.001028                      
121       1.732767136354e-01            2.969704513839e-02            0.001461            0.001119                      
122       1.548262795758e-01            6.947608647079e-02            0.001729            0.001351                      
123       1.216076213454e-01            6.967923774780e-02            0.001351            0.001387                      
124       2.055147300403e+00            2.435786049477e-01            0.038617            0.013638                      
125       1.512341424345e+00            1.149992650422e-01            0.025241            0.009599                      
126       2.537695628959e-01            3.027010456484e-02            0.003655            0.001662                      
127       2.222107277427e+00            2.568977296240e-01            0.035847            0.013533                      
128       1.683345779392e+00            1.310597732432e-01            0.025868            0.010388                      
129       1.652708556726e-01            3.010615384340e-02            0.000965            0.000737                      
130       1.921874925907e-01            3.637473475875e-02            0.001072            0.000943                      
131       1.487256941618e-01            3.076846821205e-02            0.000899            0.000647                      
132       2.555777546396e-01            4.452065351520e-02            0.002944            0.001846                      
133       2.702637215026e-01            6.923917938256e-02            0.001806            0.001370                      
134       1.808933589590e-01            4.921199440605e-02            0.001304            0.001036                      
135       2.592404928546e+00            4.804583643425e-01            0.023677            0.015622                      
136       4.192480752678e-01            1.576321358902e-01            0.002536            0.002967                      
137       7.509933622164e+00            2.435062162911e+00            0.045630            0.040921                      
138       1.294765192409e+00            6.087862581546e-01            0.010627            0.009496                      
139       3.613995809407e-01            1.038811192397e-01            0.002475            0.002194                      
140       4.567355715792e-01            2.053722933462e-01            0.002672            0.002517                      
141       9.427401347680e-01            5.415989016823e-01            0.006511            0.006352                      
142       1.006436967376e+00            3.535827369004e-01            0.006522            0.006500                      
143       3.422617019577e-01            9.137173957971e-02            0.005553            0.002338                      
144       5.861264706981e-01            1.885372251343e-01            0.007516            0.005146                      
145       2.797304882901e+01            8.219860787285e+00            0.201580            0.133069                      
146       4.327510360324e-01            9.455738944071e-02            0.007130            0.003988                      
147       3.296488999619e+00            3.894271054655e-01            0.029372            0.016011                      
148       7.446688044565e+00            1.136894028031e+00            0.073786            0.038389                      
149       6.344518968292e-01            1.572256820148e-01            0.004412            0.003507                      
150       3.337704186332e-01            6.960526498775e-02            0.001835            0.001550                      
151       3.547738464449e-01            1.079499510124e-01            0.003864            0.002083                      
152       4.522568636546e-01            1.095291427183e-01            0.005872            0.003455                      
153       2.934162317964e-01            6.149216796658e-02            0.003210            0.001983                      
154       2.437721372559e+00            2.210159812959e-01            0.038799            0.014942                      
155       9.944613187556e-02            4.072588488230e-02            0.000770            0.000741                      
156       1.972786706254e-01            3.763996214963e-02            0.002530            0.001441                      
157       2.676502919851e-01            6.008561714248e-02            0.004199            0.002160                      
158       4.220411841648e-01            9.554816507816e-02            0.004459            0.002448                      
159       2.426356323668e+00            2.049997568629e-01            0.037036            0.015813                      
160       2.166705149600e-01            3.744606567069e-02            0.003286            0.001976                      
161       4.381670247969e-01            2.299914869510e-01            0.004029            0.003071                      
162       2.777050271252e+00            3.814550690181e-01            0.040581            0.019554                      
163       3.166234938086e-01            1.391539823875e-01            0.003790            0.003471                      
164       2.113247004182e+00            2.116234686982e-01            0.027681            0.012919                      
