@    title "Magnitude of Electric Field"
@    xaxis  label "Residues"
@    yaxis  label "MV/cm"
#time     EField_per_residue            Std.Deviation         EField_residue_alignement   Std.Deviation
@type xydy
21        1.469285601995e+00            6.282242605764e-01            0.027508            0.021063                      
22        2.326117733040e+00            1.713903627216e-01            0.072885            0.012279                      
23        9.176270223251e+00            4.157435311695e-01            0.282815            0.056446                      
24        4.646967631405e-01            2.552470666088e-02            0.014530            0.002783                      
25        4.575506525726e-01            5.032079181981e-02            0.014142            0.002994                      
26        5.400182783624e-01            1.497632543877e-02            0.017030            0.003032                      
27        6.393037164565e-01            3.169212962111e-02            0.020127            0.003650                      
28        4.717391440859e-01            2.071234686762e-02            0.014895            0.002628                      
29        3.776714821198e-01            1.380181770416e-02            0.011925            0.002124                      
30        2.956525372180e-01            2.079781109963e-02            0.009188            0.001678                      
31        7.563909197915e-01            3.597690373382e-02            0.023711            0.004170                      
32        2.942899207236e-01            1.759934918066e-02            0.009287            0.001713                      
33        1.395913719441e-01            1.321405467491e-02            0.004334            0.000834                      
34        1.129101189729e-01            3.791124528902e-02            0.002752            0.001421                      
35        4.857409494521e-02            1.685867688719e-02            0.001278            0.000666                      
36        9.043487197066e-02            1.237606978855e-02            0.002813            0.000657                      
37        1.753589705273e-01            4.112375918615e-02            0.004881            0.001762                      
38        2.565325327150e-01            1.435584591386e-02            0.008117            0.001443                      
39        2.464661986795e-02            1.084412405355e-02            0.000500            0.000386                      
40        1.763458657056e-02            7.130327377384e-03            0.000468            0.000273                      
41        1.692152275208e-01            1.069025296757e-02            0.005350            0.000960                      
42        4.240989389723e-02            2.217554239297e-02            0.001201            0.000782                      
43        1.743893346532e-01            1.166408494833e-02            0.005508            0.000992                      
44        1.525195049490e-01            1.090699789419e-02            0.004798            0.000828                      
45        1.186338199903e-01            9.230660370907e-03            0.003753            0.000692                      
46        4.946731817811e+00            4.613635246814e-02            0.156790            0.027050                      
47        1.540198449543e-02            7.221371722568e-03            0.000405            0.000270                      
48        1.840828197210e-01            9.081608583402e-03            0.005835            0.001049                      
49        3.808637618874e+00            2.426475823059e-02            0.120737            0.020771                      
50        2.553421817034e-01            7.169241531984e-03            0.008086            0.001396                      
51        2.769564216048e-01            6.198776892000e-03            0.008763            0.001502                      
52        5.162887325719e+00            3.365641431212e-02            0.163670            0.028155                      
53        3.827516749082e-01            1.038635895704e-02            0.012121            0.002085                      
54        4.751135721964e-01            1.123234140502e-02            0.015049            0.002604                      
55        7.157501076218e-01            2.312018059652e-02            0.022670            0.003991                      
56        6.650505098519e-01            1.847432951749e-02            0.021055            0.003673                      
57        6.721506576047e-01            2.895159753567e-02            0.021286            0.003730                      
58        1.103631881108e+00            2.106745283522e-02            0.034937            0.005985                      
59        1.182080558620e+00            3.882721919570e-02            0.037440            0.006559                      
60        1.303994106920e+00            5.946665940336e-02            0.041258            0.007386                      
61        1.895895346067e+00            1.051082707224e-01            0.059925            0.010670                      
62        1.779875185585e+00            2.045403339734e-01            0.056036            0.011064                      
63        2.562180347452e+00            2.358507991423e-01            0.080844            0.015106                      
64        2.343641219713e-01            7.043309788521e-02            0.007207            0.002508                      
65        6.163265624272e-02            3.091744926118e-02            0.001695            0.001111                      
66        6.642350913414e-02            3.578220061976e-02            0.001813            0.001334                      
67        2.033161132491e-01            1.740695645841e-02            0.006400            0.001215                      
68        7.691333484060e+00            7.398255562235e-02            0.243707            0.041883                      
69        2.963398901950e-01            9.986305906390e-03            0.009354            0.001621                      
70        4.289535342686e-01            3.476607311587e-02            0.013558            0.002624                      
71        1.983713358583e-02            8.885513958205e-03            0.000382            0.000286                      
72        2.088115074635e-01            4.150914766793e-02            0.006517            0.001834                      
73        1.969127070925e-01            1.584886508512e-02            0.006220            0.001136                      
74        4.164265227634e+00            4.486114485951e-02            0.132016            0.022823                      
75        1.981131652070e-01            9.259469278786e-03            0.006266            0.001115                      
76        2.137540244091e-01            9.206781816520e-03            0.006767            0.001200                      
77        4.992346962223e+00            5.171235920173e-02            0.158221            0.027157                      
78        2.950132605185e-01            1.569330846057e-02            0.009332            0.001675                      
79        2.734773530305e-01            1.609361454639e-02            0.008658            0.001593                      
80        4.868304611673e-01            2.340056771694e-02            0.015406            0.002771                      
81        5.952711403785e-01            2.484078793541e-02            0.018855            0.003366                      
82        4.370340057662e-01            3.218515173820e-02            0.013844            0.002701                      
83        6.407800269941e-01            4.175848242442e-02            0.020291            0.003921                      
84        6.647220982308e-01            6.923244574881e-02            0.021096            0.004626                      
85        6.427432064829e-01            9.507234213984e-02            0.020332            0.005256                      
86        2.854615304221e-01            8.382016508663e-02            0.007983            0.003723                      
87        1.260044427249e-01            5.597572180135e-02            0.002415            0.001973                      
88        8.300200428670e-01            2.006256808813e-01            0.024510            0.008163                      
89        6.223547449576e-01            2.173542452324e-01            0.014853            0.008525                      
90        2.132471399489e-01            8.927035659813e-02            0.003500            0.002445                      
91        1.000827302727e+00            1.189403261492e-01            0.031236            0.006825                      
92        2.072104120166e+00            6.443743580202e-01            0.057803            0.025308                      
93        3.849962822409e-01            1.728214247621e-01            0.004572            0.003484                      
94        1.392946120600e+00            8.530588385257e-02            0.043726            0.008254                      
95        2.733773532110e+00            1.334284159172e-01            0.086063            0.015388                      
96        1.179335867284e+01            4.857294367228e+00            0.182325            0.113956                      
97        1.308902452611e+01            9.699403309247e-01            0.403372            0.098301                      
98        1.242010431515e+00            5.788381450886e-02            0.039182            0.006863                      
99        7.678023136601e-01            9.151262829304e-02            0.023452            0.004901                      
100       5.968923083286e-01            8.982743733284e-02            0.017697            0.004579                      
101       6.800438973681e-01            2.345770935777e-01            0.005703            0.004549                      
102       4.150442895919e-01            3.323051410113e-02            0.012984            0.002545                      
103       7.491642475045e-01            3.540290454081e-01            0.006426            0.005056                      
104       4.357795831365e-01            4.191218262541e-02            0.013476            0.002765                      
105       2.367453978494e-01            2.811549574962e-02            0.007290            0.001595                      
106       1.006482486561e-01            3.496345981145e-02            0.001815            0.001228                      
107       4.419660783174e-02            1.906659396713e-02            0.000634            0.000507                      
108       2.299325104029e-01            2.150351516365e-02            0.007180            0.001559                      
109       1.412251590774e-01            3.472068126556e-02            0.004120            0.001670                      
110       2.465978566902e-01            5.567208980803e-02            0.003197            0.001967                      
111       6.522164139228e-02            2.552888537192e-02            0.001033            0.000689                      
112       1.716899339495e+00            1.025830925172e-01            0.054140            0.009642                      
1         1.397279687060e-01            4.530564851900e-02            0.003222            0.001749                      
2         1.593803504599e-01            3.540250576229e-02            0.004042            0.002004                      
3         1.006063785309e-01            2.413837208346e-02            0.001837            0.001417                      
4         1.537311321562e-01            4.353194273289e-02            0.002934            0.002007                      
5         1.143769048101e-01            2.887678758022e-02            0.002416            0.001599                      
6         1.396350967530e-01            3.082833784677e-02            0.002905            0.001628                      
7         1.236933058978e-01            1.224600552918e-02            0.002545            0.000981                      
8         1.186879384529e-01            3.470397040295e-02            0.002559            0.001441                      
9         1.274933440511e-01            3.096767523018e-02            0.002857            0.001491                      
10        1.286363697923e-01            2.360760676763e-02            0.003075            0.001479                      
11        1.787735237734e-01            3.061333921366e-02            0.004139            0.001583                      
12        1.492450665749e-01            4.091992856062e-02            0.002417            0.001503                      
13        1.517071548134e-01            4.459828907860e-02            0.003124            0.001539                      
14        1.220533169338e-01            3.896239302356e-02            0.002642            0.001900                      
15        1.307343369610e-01            3.194796123465e-02            0.002461            0.001502                      
16        1.491065879533e-01            5.559584734820e-02            0.003432            0.001715                      
17        1.613875376221e-01            3.012664805300e-02            0.003147            0.001626                      
18        9.103680772471e-02            2.265272962868e-02            0.002158            0.000759                      
19        8.983884182786e-02            1.303987212477e-02            0.001710            0.000905                      
20        1.140366185389e-01            2.940470006460e-02            0.002988            0.001513                      
21        1.036222010401e-01            2.690132143395e-02            0.002427            0.001395                      
22        1.093030048889e-01            2.276259461616e-02            0.001821            0.001108                      
23        1.063218154194e-01            2.656798273037e-02            0.002600            0.001038                      
24        1.097528841940e-01            2.152635140448e-02            0.002023            0.001267                      
25        8.962360250454e-02            2.203389753180e-02            0.001968            0.001179                      
26        1.001307994938e-01            2.348133280428e-02            0.001370            0.001074                      
27        1.263065405833e-01            2.033851320570e-02            0.001946            0.001336                      
28        1.022640542051e-01            2.269118104753e-02            0.002157            0.001088                      
29        7.867278038316e-02            1.892401829649e-02            0.001476            0.000948                      
30        1.004460373964e-01            2.419809564529e-02            0.002042            0.001131                      
31        8.672333547234e-02            2.814193725469e-02            0.001609            0.001011                      
32        7.952118298448e-02            1.562802322383e-02            0.001640            0.000899                      
33        7.662725997001e-02            1.791940812158e-02            0.001567            0.001169                      
34        9.193787297043e-02            2.018136304845e-02            0.001979            0.000859                      
35        9.039355277976e-02            2.505092981142e-02            0.002056            0.001191                      
36        9.586628231714e-02            2.573465484336e-02            0.001869            0.000982                      
37        7.341000922139e-02            1.151390963549e-02            0.001196            0.000833                      
38        8.421243238226e-02            1.461715563695e-02            0.001576            0.000967                      
39        7.514709169957e-02            1.577173839640e-02            0.001187            0.000732                      
40        7.500913313168e-02            2.052031699978e-02            0.001242            0.000790                      
41        9.315166224118e-02            2.272937486483e-02            0.001782            0.001427                      
42        9.442376673027e-02            2.356207786633e-02            0.001539            0.000856                      
43        6.239076209140e-02            1.647500094730e-02            0.000946            0.000679                      
44        8.255330947672e-02            2.205609390654e-02            0.001169            0.000811                      
45        5.040031363649e-02            1.493434528405e-02            0.001236            0.000871                      
46        6.667552190764e-02            1.304744329787e-02            0.001520            0.000719                      
47        5.694843637947e-02            1.519671375222e-02            0.000881            0.000600                      
48        7.842938473177e-02            2.357471364432e-02            0.002011            0.000813                      
49        5.715307165278e-02            1.469819791743e-02            0.000896            0.000621                      
50        6.119576894998e-02            1.247274135452e-02            0.001212            0.000616                      
51        4.818367678369e-02            1.129301133917e-02            0.001088            0.000584                      
52        4.557112430437e-02            1.232119888641e-02            0.000967            0.000491                      
53        7.487049199104e-02            1.704846356923e-02            0.001362            0.000823                      
54        6.392538783135e-02            1.658663755727e-02            0.000952            0.000702                      
55        6.275238298475e-02            1.433616416156e-02            0.000778            0.000587                      
56        7.706268106291e-02            1.962967031159e-02            0.001822            0.000797                      
57        7.047588206076e-02            2.035600604920e-02            0.001402            0.000727                      
58        7.704220496323e-02            2.166045739130e-02            0.001689            0.000933                      
59        6.782484310898e-02            1.464680257720e-02            0.001120            0.000782                      
60        9.754053800877e-02            2.195622321319e-02            0.002225            0.000945                      
61        8.241144923385e-02            1.625101313492e-02            0.001676            0.000844                      
62        7.033071863796e-02            1.411512116888e-02            0.001116            0.000749                      
63        5.374965524858e-02            1.250468655899e-02            0.001240            0.000694                      
64        4.492272931551e-02            9.978818240135e-03            0.000733            0.000606                      
65        5.936092515378e-02            1.425811519244e-02            0.001130            0.000647                      
66        6.414818560534e-02            1.269296911075e-02            0.000832            0.000535                      
67        5.781844928342e-02            1.483146738275e-02            0.001154            0.000662                      
68        6.857867823023e-02            1.671584145040e-02            0.001460            0.000810                      
69        5.486282308202e-02            1.246540004029e-02            0.001066            0.000642                      
70        6.044987607944e-02            1.884178870670e-02            0.001353            0.000675                      
71        3.887104527716e-02            9.228164578856e-03            0.000559            0.000364                      
72        5.924697448836e-02            1.428244910640e-02            0.001168            0.000666                      
73        6.226772731257e-02            1.220329964639e-02            0.001076            0.000725                      
74        6.074634563731e-02            1.790695433905e-02            0.001287            0.000730                      
75        5.025301362238e-02            1.361691998050e-02            0.000941            0.000563                      
76        5.492456544779e-02            1.266349932498e-02            0.000835            0.000570                      
77        3.953907952652e-02            8.293510082166e-03            0.000703            0.000411                      
78        5.293068616819e-02            1.219970887259e-02            0.001141            0.000619                      
79        6.269152741324e-02            2.153826624641e-02            0.001236            0.000666                      
80        4.880250048592e-02            1.031667136512e-02            0.000579            0.000416                      
81        4.069366783028e-02            1.089508314542e-02            0.000822            0.000565                      
82        4.422331081051e-02            7.860510864771e-03            0.000435            0.000297                      
83        4.908876417710e-02            1.503468454733e-02            0.000803            0.000581                      
84        6.083759124263e-02            1.810878668898e-02            0.001276            0.000626                      
85        4.258698240212e-02            1.158541579393e-02            0.000933            0.000488                      
86        4.017758788139e-02            1.097441580505e-02            0.000743            0.000519                      
87        5.047981338091e-02            1.391086022825e-02            0.000722            0.000389                      
88        4.740699756778e-02            9.240523212812e-03            0.000813            0.000594                      
89        3.840841750143e-02            1.011457133308e-02            0.000735            0.000390                      
90        4.173852260338e-02            1.113845810397e-02            0.000834            0.000398                      
91        3.735498025560e-02            9.179579494863e-03            0.000803            0.000364                      
92        4.668434229860e-02            1.167591832975e-02            0.001047            0.000537                      
93        4.104818541005e-02            1.229078175885e-02            0.001002            0.000642                      
94        3.234672505772e-02            6.324885675543e-03            0.000453            0.000278                      
95        3.936640407056e-02            8.402708291885e-03            0.000615            0.000356                      
96        3.314659009577e-02            8.115043135292e-03            0.000651            0.000354                      
97        2.665141466573e-02            4.388443322695e-03            0.000398            0.000277                      
98        3.335172612060e-02            5.901707433078e-03            0.000547            0.000300                      
99        2.798903304871e-02            7.041064955563e-03            0.000419            0.000300                      
100       3.520627427786e-02            5.980064537342e-03            0.000437            0.000224                      
101       4.791794820431e-01            1.319821124857e-01            0.006313            0.004294                      
102       2.400090622422e-01            6.542740550471e-02            0.001896            0.001391                      
103       3.544383391211e-01            6.634843929674e-02            0.004557            0.002947                      
104       4.954112851030e-01            1.174385243286e-01            0.004051            0.003237                      
105       4.805368784994e-01            1.830807364661e-01            0.007999            0.006373                      
106       6.038277497460e-01            1.249363840945e-01            0.007082            0.004107                      
107       2.509887021894e-01            9.773970830145e-02            0.003063            0.002402                      
108       3.356979444524e-01            7.510020319921e-02            0.005048            0.002755                      
109       6.388925558832e-01            1.747381258352e-01            0.007221            0.004746                      
110       4.006920597063e-01            8.070390255731e-02            0.006885            0.003151                      
111       5.080329935748e-01            1.302562089505e-01            0.006850            0.004605                      
112       2.306218096393e-01            4.412780795926e-02            0.002341            0.001526                      
113       3.847774882629e-01            9.939960324939e-02            0.003452            0.002530                      
114       2.065000894384e-01            3.490294361673e-02            0.001892            0.001255                      
115       2.559943264690e-01            6.450680545975e-02            0.002793            0.002123                      
116       4.474952371298e-01            1.692275250930e-01            0.005238            0.003515                      
117       3.418830807626e-01            8.805655546323e-02            0.005470            0.003058                      
118       4.042754827357e-01            3.452271167467e-02            0.003034            0.002406                      
119       3.016297491025e-01            6.228755560938e-02            0.002493            0.001664                      
120       2.460020810592e-01            5.367351259524e-02            0.002577            0.001790                      
121       2.567131713412e-01            4.403387914089e-02            0.003431            0.002275                      
122       1.700136402567e-01            2.049646830729e-02            0.002842            0.001340                      
123       4.452219062694e-01            9.934172503932e-02            0.005485            0.003826                      
124       2.917241622385e-01            7.629038304838e-02            0.004381            0.002158                      
125       1.976800339441e-01            4.912998135755e-02            0.001799            0.001373                      
126       2.007028743819e-01            4.229909050504e-02            0.001730            0.001174                      
127       1.979282366676e-01            4.063203991244e-02            0.003202            0.001795                      
128       1.657413374490e-01            3.746882217913e-02            0.002973            0.001556                      
129       2.403134357270e-01            5.261177420937e-02            0.002193            0.001595                      
130       1.830738815625e-01            4.752331550830e-02            0.002441            0.001477                      
131       1.973679857096e-01            4.314396192564e-02            0.002071            0.001325                      
132       2.413211459215e-01            8.642175138186e-02            0.002504            0.001744                      
133       2.585729008439e-01            6.653919868544e-02            0.003753            0.002071                      
134       2.321962573961e-01            5.505379939291e-02            0.002935            0.002114                      
135       2.248641480989e-01            5.944288179390e-02            0.003224            0.001756                      
136       2.546878066195e-01            5.181086013466e-02            0.004490            0.002307                      
137       3.035507426545e-01            4.813074261645e-02            0.003989            0.002238                      
138       1.619938105582e-01            3.553375705285e-02            0.001919            0.001363                      
139       2.297717409350e-01            7.455287663453e-02            0.002172            0.001638                      
140       1.976228227960e-01            4.093995532927e-02            0.001944            0.001238                      
141       2.259633654247e-01            3.365832911227e-02            0.001359            0.000940                      
142       1.619560928256e-01            3.210771989169e-02            0.002947            0.001579                      
143       1.344072832626e-01            2.639467062014e-02            0.001001            0.000685                      
144       1.721745087414e-01            4.165429901016e-02            0.001121            0.000920                      
145       1.645248331161e-01            3.584914574792e-02            0.002582            0.001399                      
146       1.823678342179e-01            4.080705240556e-02            0.002260            0.001490                      
147       1.500983690626e-01            3.535593160358e-02            0.001333            0.000933                      
148       1.412082674440e-01            3.512887253637e-02            0.001094            0.000785                      
149       1.673641565530e-01            3.315986809916e-02            0.001368            0.000990                      
150       1.394721555846e-01            3.727085232530e-02            0.001661            0.001067                      
151       9.119780445822e-02            1.257759644445e-02            0.001723            0.000724                      
152       1.261615347933e-01            1.544971621812e-02            0.001999            0.001227                      
153       1.352040066440e-01            3.106638690385e-02            0.002382            0.001335                      
154       1.316496157892e-01            2.711345951713e-02            0.001244            0.000855                      
155       1.191578898573e-01            2.457208899454e-02            0.001582            0.001076                      
156       1.459122006409e-01            2.750583706485e-02            0.001156            0.000755                      
157       1.286538754979e-01            2.816725329134e-02            0.001980            0.001083                      
158       1.601402836763e-01            5.035987500584e-02            0.001551            0.000996                      
159       9.464585571906e-02            2.495823668866e-02            0.000765            0.000559                      
160       1.376466799271e-01            1.841410918618e-02            0.001018            0.000747                      
161       1.226958547990e-01            3.346038499740e-02            0.001990            0.001092                      
162       1.097282388372e-01            1.797408299951e-02            0.001744            0.000938                      
163       1.170811022131e-01            3.050616221762e-02            0.002106            0.001201                      
164       1.564920103877e-01            2.997760921208e-02            0.001385            0.000938                      
165       1.489914912391e-01            3.204687209322e-02            0.001479            0.001018                      
166       1.231816864660e-01            2.813018928692e-02            0.001531            0.001041                      
167       1.412743160217e-01            2.260731487961e-02            0.001503            0.000996                      
168       8.226586365809e-02            2.309168379025e-02            0.000863            0.000662                      
169       1.016540452790e-01            3.128664312553e-02            0.001300            0.000693                      
170       9.051055296494e-02            1.848930837717e-02            0.000957            0.000617                      
171       9.013447415086e-02            2.107087049993e-02            0.001134            0.000823                      
172       1.299931397178e-01            3.575976475324e-02            0.002371            0.001336                      
173       1.575127660647e-01            3.220656822279e-02            0.001147            0.000880                      
174       8.055480363538e-02            2.218316521926e-02            0.001109            0.000698                      
175       8.134584346940e-02            2.357733606898e-02            0.000797            0.000645                      
176       1.163524234781e-01            2.368330363743e-02            0.000995            0.000705                      
177       8.666321090573e-02            2.011418249588e-02            0.001002            0.000774                      
178       1.151061918171e-01            2.348386280821e-02            0.000984            0.000639                      
179       1.102225859373e-01            3.496190016596e-02            0.001528            0.000957                      
180       8.824616946672e-02            2.068062174650e-02            0.000956            0.000635                      
181       7.479557385000e-02            2.039604445203e-02            0.000687            0.000583                      
182       1.260553713975e-01            2.579626151445e-02            0.001574            0.001061                      
183       6.487557573464e-02            1.794707204718e-02            0.000980            0.000578                      
184       9.766742901774e-02            3.431787374942e-02            0.001277            0.000801                      
185       7.806915082166e-02            2.052455725311e-02            0.001285            0.000717                      
186       6.789991681499e-02            1.880672960550e-02            0.001283            0.000486                      
187       7.776790152071e-02            2.405731492509e-02            0.000872            0.000655                      
188       6.883011008725e-02            1.804442922206e-02            0.001281            0.000495                      
189       5.865199566857e-02            1.777723911361e-02            0.000820            0.000539                      
190       6.845746749267e-02            1.595332446392e-02            0.000950            0.000596                      
191       1.009403380446e-01            2.887173148775e-02            0.001021            0.000750                      
192       6.815051586267e-02            2.184930225470e-02            0.000749            0.000485                      
193       6.916805982678e-02            1.503180849233e-02            0.000745            0.000514                      
194       8.832541272373e-02            2.745795638759e-02            0.000675            0.000550                      
195       7.025131698738e-02            1.593958060973e-02            0.000532            0.000376                      
196       6.453341060440e-02            1.491973839242e-02            0.000881            0.000426                      
197       6.486206466447e-02            1.370261800400e-02            0.000818            0.000489                      
198       6.776001530956e-02            1.660550852019e-02            0.001071            0.000647                      
199       4.745936231404e-02            1.088674810639e-02            0.000561            0.000351                      
200       5.305622669054e-02            1.283201503741e-02            0.000679            0.000393                      
201       4.419294128696e-02            1.020361407646e-02            0.000384            0.000287                      
202       5.571109474763e-02            1.550364600906e-02            0.000732            0.000403                      
