@    title "Electric Field"
@    xaxis  label "Time (ps)"
@    yaxis  label "MV/cm"
#time      Magnitude                     Efield_X                      Efield_Y                     Efield_Z
@type xy
10        2.663956724098e+01            -1.976792780327e+00           -5.115818397548e+00           -2.606889401593e+01           
20        2.686122860351e+01            -1.969644025861e-01           3.842753987797e-01            -2.685775752984e+01           
30        2.833109967933e+01            -2.127449736501e+00           -3.960542097420e+00           -2.797211598992e+01           
40        2.207264871314e+01            1.858750017114e+00            3.751002549933e+00            -2.167202919567e+01           
50        2.505199301320e+01            -4.900389541347e-01           1.791438734482e+00            -2.498305351668e+01           
60        2.419747167002e+01            3.758660468462e-01            -4.894123574887e-01           -2.418960180492e+01           
70        2.774690461953e+01            -2.127451763425e+00           -5.005973912345e+00           -2.720854443275e+01           
80        2.859836679024e+01            -1.796864632231e+00           -2.123339398683e+00           -2.846277025099e+01           
90        2.523188725763e+01            2.617488342713e+00            -3.528850596919e+00           -2.484641026028e+01           
100       2.723903858769e+01            5.443159820942e-02            -1.776441945875e+00           -2.718099546367e+01           
110       2.718276745460e+01            7.809614708773e-01            -3.834267059719e+00           -2.689965319082e+01           
120       2.633078740785e+01            -3.440169409263e+00           -4.088597096217e+00           -2.578292019415e+01           
130       3.037935409602e+01            -1.652118138600e+00           -3.327087736644e+00           -3.015138716776e+01           
140       2.330310209224e+01            -1.195725433001e+00           -4.303234868945e+00           -2.287109480267e+01           
150       2.501734048090e+01            -2.439980655165e-01           -2.445424254069e+00           -2.489633888544e+01           
160       2.638790382957e+01            -3.500805406315e-01           -1.744712442164e+00           -2.632783490202e+01           
170       2.951798217775e+01            -7.020686579517e+00           -1.890630198195e+00           -2.860850833671e+01           
180       2.810317839869e+01            -5.033079744896e+00           4.123949514250e+00            -2.733952788170e+01           
190       2.603484127469e+01            -3.576907128521e+00           3.593891345693e+00            -2.553630044833e+01           
200       2.888518213764e+01            -1.131518983703e+00           6.130921202493e+00            -2.820434748621e+01           
210       2.813984242202e+01            1.047925613506e-01            3.889441757520e+00            -2.786955315161e+01           
220       2.920682166064e+01            -1.690471633698e-01           4.182614350128e+00            -2.890528657133e+01           
230       2.941310652948e+01            2.799075959888e+00            4.118542707921e-01            -2.927672088101e+01           
240       2.987938189174e+01            -1.023745886384e+01           2.099973526107e+00            -2.799217764721e+01           
250       3.090338781264e+01            -5.960839412773e+00           -5.950369456052e+00           -2.973349752603e+01           
260       3.081847683403e+01            -8.839123504135e+00           -3.601022467700e+00           -2.930326001037e+01           
270       2.826513420384e+01            -3.697017793476e+00           -4.361491839269e-01           -2.801891584065e+01           
280       2.694889613964e+01            -3.071573880460e+00           4.092281131832e-01            -2.677015071667e+01           
290       2.836076502018e+01            -3.547519578541e+00           -7.244999951698e+00           -2.718930070947e+01           
300       2.637738895569e+01            -7.989732771809e+00           -1.335086542006e+00           -2.510275606941e+01           
310       2.801542024310e+01            -8.618501245828e+00           2.416619151485e+00            -2.654703673765e+01           
320       2.907449383464e+01            -7.935748454416e-01           5.577009033986e-01            -2.905831035018e+01           
330       2.918795740842e+01            2.726402239255e-01            -8.956461971218e+00           -2.777848653080e+01           
340       2.962838169469e+01            -7.911575171838e+00           -2.630054320994e+00           -2.843115886514e+01           
350       2.677892754650e+01            -8.924424442389e+00           7.436571927754e-01            -2.523712707287e+01           
360       2.726560775029e+01            -4.457437147706e+00           -6.446402643872e+00           -2.611490978388e+01           
370       2.260483752810e+01            -5.095181421440e+00           -3.692379236275e+00           -2.171138276411e+01           
380       2.659084003254e+01            -5.002648556125e+00           -1.492856497470e+00           -2.607331318682e+01           
390       2.508626961640e+01            -1.649105914535e+00           -1.817927886067e+00           -2.496590697632e+01           
400       2.715232958229e+01            -9.561464621112e+00           -1.687242584644e-01           -2.541257421374e+01           
410       2.833948914244e+01            -6.470583017148e+00           -1.163771152269e-01           -2.759066249005e+01           
420       2.804832691106e+01            -8.024609567458e+00           3.502945610173e-01            -2.687362233715e+01           
430       2.574929943498e+01            -3.441395354977e+00           8.144884830241e-01            -2.550529019466e+01           
440       2.404919242060e+01            -3.086417054754e+00           -4.271803195568e-01           -2.384649246371e+01           
450       2.343083737495e+01            -2.240542635671e+00           1.295676679369e+00            -2.328745006934e+01           
460       2.431848282353e+01            -8.457504798200e+00           -2.501931325850e+00           -2.266273503061e+01           
470       2.390494347856e+01            -3.320941826665e+00           -2.722910360031e+00           -2.351602490363e+01           
480       2.417687818920e+01            -2.773607101724e+00           5.971119554749e-02            -2.401718087523e+01           
490       2.502021006351e+01            5.563979190823e-01            -2.276868848896e+00           -2.491018268144e+01           
500       2.846092475291e+01            -5.319131847502e+00           -2.195891336923e-01           -2.795859178843e+01           
510       2.460039766947e+01            -1.587261600447e+00           6.784443388597e+00            -2.359303910086e+01           
520       2.307480790248e+01            -3.848305430803e-01           -1.481549975968e+00           -2.302398043038e+01           
530       2.689596719464e+01            2.518784869250e+00            -2.222735320762e+00           -2.668535594313e+01           
540       2.269371529200e+01            -8.225731190634e-02           -8.851518690590e-01           -2.267629717696e+01           
550       2.698444125580e+01            6.488562437024e+00            -2.744819414888e+00           -2.604850463593e+01           
560       2.628876824625e+01            4.110078140367e+00            -2.608987264707e+00           -2.583408173398e+01           
570       2.622385114953e+01            -1.540385860239e+00           -5.534498820404e+00           -2.558685020321e+01           
580       2.151952198396e+01            -2.146064682328e-01           -4.043808974723e+00           -2.113507462627e+01           
590       2.690097045749e+01            6.059850880992e-01            -9.027952976499e-01           -2.687898722568e+01           
600       2.103225141415e+01            3.536711884362e-01            -3.499916127929e-01           -2.102636492858e+01           
610       2.619866269530e+01            3.860932958484e+00            -2.612287769587e+00           -2.578059495669e+01           
620       2.398975238157e+01            -1.575063146943e+00           -2.023887043365e+00           -2.385228032385e+01           
630       2.518994234257e+01            2.443322406374e+00            -9.540045866907e-01           -2.505300872329e+01           
640       2.297904544319e+01            3.930626679772e-02            -4.489011953874e+00           -2.253627644877e+01           
650       2.612849863884e+01            1.073028778930e+00            -6.469181324462e-01           -2.609843955659e+01           
660       2.334146640304e+01            -6.537788621944e-01           -2.153375528966e+00           -2.323272693583e+01           
670       2.544749933023e+01            -4.009782582691e+00           -1.414452627988e+00           -2.508976264464e+01           
680       2.540249400094e+01            -2.833228033326e+00           -3.019102719609e+00           -2.506281187631e+01           
690       2.230531855903e+01            -1.179277873007e+00           9.936238372387e-01            -2.225194938400e+01           
700       2.252678352744e+01            7.905759000752e-03            3.064392341033e+00            -2.231737917344e+01           
710       2.656826964150e+01            2.064383732786e+00            -3.313918882103e+00           -2.627982521232e+01           
720       2.814161223378e+01            3.848233873093e+00            -5.450641544476e+00           -2.733920155981e+01           
730       3.044760657911e+01            6.149472638968e+00            -1.745496112838e+00           -2.976901032918e+01           
740       2.845121931702e+01            6.073539901339e+00            -4.168599832440e-01           -2.779226909496e+01           
750       2.430181246933e+01            -3.101057280787e+00           -2.688141573080e+00           -2.395277495237e+01           
760       2.575381741582e+01            -3.365674101514e+00           3.401830243933e-01            -2.553068007006e+01           
770       2.825069871968e+01            -6.295925551118e+00           -1.900611755296e+00           -2.747455139871e+01           
780       2.445802173336e+01            -2.521577494529e+00           -5.997765170732e+00           -2.357675310566e+01           
790       2.734048118932e+01            -2.946367458614e+00           -5.919735427302e+00           -2.652880628549e+01           
800       2.992388967761e+01            -7.977436503568e+00           -7.534673829991e-02           -2.884083915455e+01           
810       2.918642018577e+01            -6.273474419652e+00           -5.519189572481e+00           -2.796478479140e+01           
820       3.139732374629e+01            -1.225270578543e+01           -2.524478486821e+00           -2.879739828065e+01           
830       3.154610882013e+01            -1.076405549304e+01           -6.400413136761e+00           -2.895387370824e+01           
840       2.582160745420e+01            -2.929310121720e-01           -1.191005425497e+01           -2.290895481214e+01           
850       2.734958968950e+01            -5.217372559336e+00           -5.735330885345e+00           -2.622756297098e+01           
860       2.944070879738e+01            -7.108570930881e+00           -1.257495596105e+00           -2.854193859286e+01           
870       3.059417027188e+01            -5.168254392032e+00           -2.411403693611e+00           -3.005790301053e+01           
880       2.662816130374e+01            -3.918952928749e+00           1.860681977602e-01            -2.633754280464e+01           
890       2.856964857688e+01            -3.963293542980e+00           -1.826820018314e+00           -2.823437360238e+01           
900       2.848203308220e+01            -6.617874748067e+00           -1.018316594860e+00           -2.768380345305e+01           
910       2.820939706579e+01            -1.015872635802e+01           -4.337948080416e+00           -2.595674417275e+01           
920       2.660179888335e+01            -3.208558275007e+00           -2.829273685171e+00           -2.625559117674e+01           
930       2.762740782362e+01            -4.397821017867e+00           7.757993055863e-01            -2.726409669849e+01           
940       2.488407984123e+01            -5.706531519702e+00           -3.004475259468e-01           -2.421905569677e+01           
950       2.847647677366e+01            -3.568907378897e-02           -2.000096847773e+00           -2.840612730258e+01           
960       2.976793148152e+01            -5.261416001930e+00           -1.107507125927e+00           -2.927833113941e+01           
970       2.830132446874e+01            -4.151116303861e+00           1.677185721566e+00            -2.794495031615e+01           
980       3.105922647806e+01            -7.017441556214e+00           5.750858591204e-01            -3.025062544271e+01           
990       2.891295646591e+01            -6.234132368813e+00           1.883973061309e+00            -2.816993593730e+01           
1000      2.747761157556e+01            -2.838619695846e+00           1.998012355273e+00            -2.725746361545e+01           
1010      2.890823590661e+01            -1.737372906648e+00           2.802400964648e+00            -2.871957846920e+01           
1020      2.916836668916e+01            -5.943732157251e+00           1.586735429364e+00            -2.851224182756e+01           
1030      3.042156123075e+01            -3.171021737088e+00           4.284911943646e+00            -2.995088543757e+01           
1040      2.844557772167e+01            -4.506843854132e+00           4.170573918616e+00            -2.777490888524e+01           
1050      3.128980287599e+01            3.615243035633e-01            5.957208176211e+00            -3.071535015170e+01           
1060      2.883224636668e+01            1.391611251475e-01            2.706067948681e+00            -2.870463831835e+01           
1070      2.492834071714e+01            -2.715649185676e+00           2.838671469090e+00            -2.461685123448e+01           
1080      2.791752493861e+01            -1.612043996385e+00           3.369044401233e+00            -2.766656922486e+01           
1090      2.934706020208e+01            -2.388802004641e+00           1.112610672093e+00            -2.922850774465e+01           
1100      3.015554659865e+01            -2.159868963092e+00           -1.718369067645e+00           -3.002897208485e+01           
1110      2.839240849316e+01            -2.923305243863e+00           -4.020601139604e+00           -2.795385327588e+01           
1120      2.675816036840e+01            1.417907151788e+00            -2.685057654484e+00           -2.658531833554e+01           
1130      3.023134616688e+01            -4.870850615566e+00           -1.106574643488e+00           -2.981584474572e+01           
1140      2.810694557525e+01            -3.023798508367e+00           3.407184758562e+00            -2.773532268015e+01           
1150      2.690904025288e+01            -4.133327025047e+00           8.303690825630e-01            -2.657672933643e+01           
1160      2.589027581225e+01            -3.864851558571e+00           -2.599837719413e+00           -2.546782573950e+01           
1170      2.730571498786e+01            -6.179791589510e+00           1.039505308789e+00            -2.657690116664e+01           
1180      2.821683574576e+01            6.808827744415e-01            8.451453596226e-01            -2.819595622553e+01           
1190      3.057996228695e+01            -7.752131635510e+00           3.249568272767e+00            -2.940202126756e+01           
1200      2.649064352731e+01            -3.063718489446e+00           7.889575783609e+00            -2.510223929181e+01           
1210      2.893035759108e+01            -1.392645941842e+00           3.444824277848e+00            -2.869075309787e+01           
1220      2.682143445394e+01            -1.516363730567e+00           2.458626277692e+00            -2.666542975521e+01           
1230      2.651294408842e+01            -2.432698466468e+00           4.395188784678e-01            -2.639744316335e+01           
1240      2.596790260568e+01            -6.480066372580e+00           5.985177138141e-01            -2.513926176504e+01           
1250      3.174734940551e+01            -3.695212558803e+00           2.363473262470e+00            -3.144286234678e+01           
1260      2.606212879148e+01            -1.648653596860e+00           3.368671374478e-01            -2.600774921044e+01           
1270      2.672275410351e+01            -5.788467492730e+00           3.537048294224e+00            -2.584740838704e+01           
1280      2.650631432424e+01            -3.456655978835e+00           1.370830254379e+00            -2.624418131535e+01           
1290      3.196418167675e+01            -5.137060631371e+00           5.887233307066e+00            -3.099451568136e+01           
1300      2.947311750266e+01            1.039090500860e+00            -5.403576809494e+00           -2.895490120723e+01           
1310      2.860661389496e+01            -4.147730476183e-01           -1.474796229246e+00           -2.856556139719e+01           
1320      2.506149525423e+01            -1.248615262660e-02           3.166739854302e+00            -2.486061437634e+01           
1330      2.924214398397e+01            1.241176039211e+00            1.585472115537e+00            -2.917273975803e+01           
1340      2.677452927140e+01            -5.776598115064e+00           2.027114755538e+00            -2.606524770053e+01           
1350      2.919572313987e+01            -1.269727920619e+00           -1.798006204833e+00           -2.911262980830e+01           
1360      2.844275701121e+01            -5.058710022965e+00           -1.979749300457e+00           -2.791917749522e+01           
1370      2.737822807188e+01            -5.280230780299e+00           5.294187078699e-01            -2.685900688958e+01           
1380      2.727856416137e+01            -4.318738651380e+00           -2.553526454027e-01           -2.693331309352e+01           
1390      2.605008760092e+01            -6.111787273639e+00           -2.114255744403e+00           -2.523456048725e+01           
1400      3.058082740054e+01            -3.702643998142e+00           8.267249062369e+00            -2.920838963150e+01           
1410      2.843666759272e+01            -3.639345806312e+00           -1.172270726328e+00           -2.817844934032e+01           
1420      2.994301548455e+01            -6.925100137828e+00           4.408289907060e-01            -2.912787040258e+01           
1430      2.921223662481e+01            -1.990326612492e+00           -1.426544057694e+00           -2.910942013594e+01           
1440      2.858300201013e+01            -4.745717219815e+00           3.969300500363e+00            -2.790539061756e+01           
1450      2.594687125407e+01            -4.812070953955e+00           7.020889303011e-01            -2.548707853292e+01           
1460      2.969547884181e+01            -5.313943127737e+00           1.414902597086e+00            -2.918186976053e+01           
1470      2.708785308403e+01            -4.729745342560e+00           3.711670334094e+00            -2.641220924171e+01           
1480      2.944135851276e+01            -5.261079586748e+00           4.258490990739e+00            -2.865274658982e+01           
1490      3.192286213698e+01            -4.482541591386e+00           1.549323683354e+00            -3.156858476433e+01           
1500      2.876020587881e+01            -4.048686491634e+00           3.237239618615e+00            -2.828918273008e+01           
1510      3.314200524362e+01            -8.587932922499e+00           -6.549338026781e+00           -3.133282769074e+01           
1520      2.776618799500e+01            -1.098056855554e+00           -2.109130606471e+00           -2.766418325200e+01           
1530      3.039158809571e+01            -5.587451015962e+00           -1.388255538202e+00           -2.984127619061e+01           
1540      2.883815329046e+01            -6.855251201380e+00           7.921111050021e-01            -2.800030671559e+01           
1550      3.190110598152e+01            -9.076490507644e+00           -4.020706438391e+00           -3.031718658856e+01           
1560      2.820124036108e+01            -2.748572168116e+00           -3.255766150172e+00           -2.787750519174e+01           
1570      2.696865073848e+01            -1.618248302888e+00           -3.475271933644e+00           -2.669479125357e+01           
1580      2.711326697689e+01            4.783340229040e-01            -5.083256653975e+00           -2.662819829640e+01           
1590      2.534597464185e+01            1.533500431139e-02            -2.340129742008e+00           -2.523770964595e+01           
1600      2.773084948494e+01            -1.804919098739e+00           -3.213650632182e+00           -2.748480907370e+01           
1610      2.591216612886e+01            -2.981251518244e+00           -7.203695756539e-01           -2.573001283616e+01           
1620      2.651642106996e+01            2.762055328265e+00            3.388795015872e+00            -2.615354096606e+01           
1630      3.124299732053e+01            7.386681631999e+00            4.781550775558e+00            -2.997830195689e+01           
1640      2.662814380293e+01            -9.929125152973e-01           -8.734697837998e-01           -2.659528562853e+01           
1650      2.649693662888e+01            5.907249239569e+00            -4.563662273520e+00           -2.542371026797e+01           
1660      2.525894313167e+01            -3.782161923019e+00           -2.859067597181e+00           -2.480998169672e+01           
1670      2.083876164279e+01            -9.342776814618e-01           -3.594255810077e-01           -2.081470454440e+01           
1680      2.420529967396e+01            -1.214288608889e+00           1.300243915767e+00            -2.413983018251e+01           
1690      2.462463007068e+01            2.947101680663e+00            -3.011607386287e+00           -2.426143480408e+01           
1700      2.887468231414e+01            -2.190626604048e+00           8.072632112473e+00            -2.763658887419e+01           
1710      2.792906804850e+01            1.943115941844e-01            5.650332736496e+00            -2.735084687955e+01           
1720      2.972694497118e+01            2.998638242164e+00            5.646067142148e+00            -2.903138563415e+01           
1730      2.525149245926e+01            -1.070011731883e+00           4.395267765429e+00            -2.484299836139e+01           
1740      3.109078922332e+01            -2.389096310057e+00           6.156184444709e+00            -3.038142173159e+01           
1750      2.898371570173e+01            -2.811413339034e+00           3.967884819522e+00            -2.857284761753e+01           
1760      2.864081456622e+01            -7.987651090514e-01           4.952153501036e+00            -2.819812775734e+01           
1770      3.009185086240e+01            1.794756822519e+00            2.758470720757e+00            -2.991135529453e+01           
1780      2.676220843424e+01            -5.810760812821e+00           -1.813446250432e+00           -2.606074196470e+01           
1790      2.801936651490e+01            -2.101694685886e+00           9.184704139456e-01            -2.792533243209e+01           
1800      3.003127719944e+01            -2.861523837662e+00           -2.598726961067e+00           -2.978146923404e+01           
1810      2.687866943604e+01            9.877777352255e-02            5.220924610578e+00            -2.636655191363e+01           
1820      2.652820126782e+01            -1.767212192943e+00           4.796233156544e+00            -2.603110775743e+01           
1830      2.622309757659e+01            1.690368747019e+00            5.855077932601e+00            -2.550512815913e+01           
1840      2.951485135394e+01            2.427622720103e+00            4.149789220150e+00            -2.912065156898e+01           
1850      2.590264929094e+01            -3.588881879745e-01           2.874486799292e+00            -2.574015860865e+01           
1860      2.730440148354e+01            2.450970967171e+00            2.124881163622e+00            -2.711103025952e+01           
1870      2.571221436744e+01            1.471742520705e+00            3.502894347342e+00            -2.542993654772e+01           
1880      2.706585093758e+01            1.931007022260e+00            4.615955305416e+00            -2.659933186142e+01           
1890      2.469922862089e+01            5.764939735543e-01            1.428418972640e+00            -2.465114943373e+01           
1900      2.644825399019e+01            -3.965628080428e+00           3.905498074140e+00            -2.585596677462e+01           
1910      2.712872696761e+01            -5.140947296199e-01           -3.847842122510e-01           -2.712112598330e+01           
1920      2.632169425938e+01            -2.146208044250e+00           3.151621944941e+00            -2.604405227362e+01           
1930      2.825617553985e+01            -1.138169481795e+00           3.227815009845e+00            -2.804812358487e+01           
1940      2.674895903350e+01            -1.898214301553e+00           5.338308994217e+00            -2.614203605161e+01           
1950      2.581749967597e+01            -1.081528049200e+00           3.685527751108e+00            -2.553018746099e+01           
1960      2.631644652389e+01            -4.142666791113e+00           8.834000505095e-01            -2.597331849905e+01           
1970      2.970729580247e+01            -1.946535330950e+00           7.666276115989e+00            -2.863498969118e+01           
1980      2.895238891810e+01            -4.449976281887e+00           2.441369003393e+00            -2.850400414933e+01           
1990      3.184017548629e+01            -5.547280165447e+00           6.804346619093e+00            -3.060596877818e+01           
2000      2.776879946614e+01            -3.451362755872e+00           8.637015651244e+00            -2.616479083727e+01           
2010      2.919745509285e+01            -9.422910507968e-01           7.482088507982e+00            -2.820676909951e+01           
2020      2.599786516383e+01            -4.658285902309e+00           3.652450202267e+00            -2.531499502368e+01           
2030      2.565255030897e+01            1.084487744800e+00            4.792842613754e+00            -2.517748763013e+01           
2040      2.503623528034e+01            -2.514351248451e+00           2.103014066497e+00            -2.482072615070e+01           
2050      2.848667794558e+01            -5.697506416438e+00           -5.706436818846e+00           -2.732152667481e+01           
2060      2.543761408485e+01            -5.633017155813e+00           1.249401086762e+00            -2.477459030895e+01           
2070      2.848703394569e+01            -7.356283075446e+00           6.563379402886e+00            -2.672673293073e+01           
2080      2.813224951879e+01            -5.403768128706e+00           5.391562484060e+00            -2.707681308757e+01           
2090      2.443612251884e+01            -9.530272744442e+00           -7.900694861348e-01           -2.248719136262e+01           
2100      2.470224397068e+01            -6.490433412070e+00           7.440185232018e-01            -2.382271117542e+01           
2110      2.278470846329e+01            -3.602387777754e+00           1.023273910369e+00            -2.247484488401e+01           
2120      2.722264827570e+01            -7.592587262994e+00           1.539783700776e+00            -2.609701638026e+01           
2130      2.520542170052e+01            -6.738714060203e+00           2.298653258990e+00            -2.417890008067e+01           
2140      2.553006429306e+01            -1.030091278732e+01           1.385076325150e-01            -2.335928496747e+01           
2150      2.413067147751e+01            -8.773034447849e+00           -8.541259871167e-01           -2.246316187295e+01           
2160      2.584419574035e+01            -1.159721861826e+01           -1.366022782676e+00           -2.305560572926e+01           
2170      3.038374514868e+01            -1.557469658567e+01           4.994049829543e+00            -2.560586381719e+01           
2180      2.549108143664e+01            -8.241998916374e+00           5.808121505009e+00            -2.341218510210e+01           
2190      2.428102360349e+01            -5.932792319108e+00           3.649566803245e+00            -2.326049751575e+01           
2200      2.873949502940e+01            -1.008615605917e+01           -2.772737875523e+00           -2.676826395507e+01           
2210      2.490185199410e+01            -8.943501716825e+00           1.660747800291e-01            -2.323980268730e+01           
2220      2.745649474010e+01            -9.254287784212e+00           -5.274864072166e-01           -2.584451622899e+01           
2230      2.495295573672e+01            -1.023176870259e+01           -2.409118626992e+00           -2.263088722646e+01           
2240      2.597413555479e+01            -1.194706036987e+01           3.355491066761e+00            -2.281806622039e+01           
2250      2.636051707020e+01            -1.051112870770e+01           -1.517891028500e+00           -2.412652151314e+01           
2260      2.915642470006e+01            -1.146576778246e+01           1.290941527089e+00            -2.677623461995e+01           
2270      2.893801309148e+01            -1.061442303529e+01           2.487799213826e+00            -2.680584787658e+01           
2280      2.538573685277e+01            -6.269246639050e+00           -1.696601087332e+00           -2.454085831603e+01           
2290      2.799797434541e+01            -7.715237482826e+00           2.763842367723e+00            -2.677168006301e+01           
2300      3.541624692134e+01            6.998051722968e+00            1.642955477290e+01            -3.058443309986e+01           
2310      3.188557387784e+01            -3.975752680441e+00           1.404853689121e+01            -2.834646050850e+01           
2320      3.450922630008e+01            -7.886286103148e+00           -5.959512393460e+00           -3.306323340755e+01           
2330      2.996829386803e+01            6.992411126712e+00            -2.804772701963e+00           -2.900582827788e+01           
2340      3.997404387883e+01            1.843766934206e+01            1.223682008760e+00            -3.544684944535e+01           
2350      3.479397598042e+01            1.011640201800e+01            -4.102543824479e+00           -3.303707476313e+01           
2360      3.760137791605e+01            1.368147789614e+01            -8.100633770603e+00           -3.407433809009e+01           
2370      3.398481641267e+01            1.117259596601e+01            -1.965593907958e+00           -3.203556284151e+01           
2380      3.303676928511e+01            1.274276993894e+01            3.603639105167e+00            -3.026654463728e+01           
2390      3.139568171489e+01            8.085327057242e+00            -1.044931763691e-01           -3.033653569372e+01           
2400      3.331072590583e+01            8.921530298851e+00            -8.417329134932e-01           -3.208274058123e+01           
2410      2.877902627948e+01            6.763520476392e+00            -1.450688622962e+00           -2.793532972563e+01           
2420      3.197324510846e+01            3.345609268329e+00            -9.001418635638e-01           -3.178498145374e+01           
2430      3.722913855143e+01            1.204849577520e+01            1.862369183602e+00            -3.517632851593e+01           
2440      3.845035342743e+01            1.237067519768e+01            -4.750493831060e+00           -3.609472097425e+01           
2450      3.071888923471e+01            5.187713715465e+00            6.316511975251e-01            -3.027108850018e+01           
2460      3.576630352336e+01            4.208759621839e+00            2.480272033463e+00            -3.543110301431e+01           
2470      3.312978995665e+01            9.967073443073e+00            3.474940661012e+00            -3.140326761588e+01           
2480      2.893864607018e+01            4.117631578610e+00            -6.380145957379e-01           -2.863709629019e+01           
2490      3.227454870535e+01            7.861362719059e+00            1.603277002838e+00            -3.126139749253e+01           
2500      3.348520061809e+01            6.483675238691e+00            1.486485765635e+00            -3.281784538786e+01           
2510      2.822217633721e+01            3.977607777722e+00            -3.453425597480e+00           -2.772622811018e+01           
2520      3.267159697446e+01            8.411246164126e-01            3.207416583715e+00            -3.250289582637e+01           
2530      4.015454567232e+01            1.499366478363e+01            6.534447575600e+00            -3.667258580178e+01           
2540      3.199677555136e+01            7.971125176248e+00            6.407695203130e-01            -3.098135283571e+01           
2550      3.603890790683e+01            4.859189996275e+00            6.009005363804e+00            -3.520061093554e+01           
2560      3.710845967698e+01            -3.748272630192e-01           -1.116614864843e+00           -3.708976213680e+01           
2570      3.286530086285e+01            -9.199922739094e+00           1.521871855713e+00            -3.151465259931e+01           
2580      3.817739700309e+01            3.797653577254e+00            1.475064925859e+01            -3.500728232367e+01           
2590      3.836376897345e+01            4.579698294008e+00            2.340229013190e+01            -3.005225365870e+01           
2600      3.800597518031e+01            6.319338865416e+00            1.072170382954e+01            -3.591051618540e+01           
2610      3.191152473649e+01            1.219938913378e+00            8.945067135747e+00            -3.060789006109e+01           
2620      3.194058497415e+01            -1.109453801050e+01           1.167138859989e+00            -2.992908254033e+01           
2630      3.346343967753e+01            3.312459830244e+00            1.122011144979e+01            -3.135185008862e+01           
2640      2.864620899309e+01            -7.431957750138e-02           5.337226564164e+00            -2.814451596455e+01           
2650      3.021094555164e+01            3.145389660309e+00            5.874226285701e+00            -2.946695132777e+01           
2660      3.607682644467e+01            8.639863418670e+00            8.490917695162e+00            -3.398226718628e+01           
2670      3.386962716074e+01            4.496202403123e+00            9.475256132008e+00            -3.220489604378e+01           
2680      2.332261033776e+01            7.293708763110e+00            7.365282585815e+00            -2.089254838159e+01           
2690      3.085396158104e+01            1.078147902901e+01            1.125985799470e+01            -2.662596952470e+01           
2700      2.980085148079e+01            -2.765167215864e+00           4.513754324446e+00            -2.932696065307e+01           
2710      2.203829715446e+01            -2.123079907227e+00           9.045922531190e+00            -1.998375236874e+01           
2720      2.669075154018e+01            -6.119075757768e+00           4.778483954910e+00            -2.553662508522e+01           
2730      2.520131453442e+01            -8.666291304415e-01           8.801711320265e+00            -2.359841278662e+01           
2740      2.846575657209e+01            5.036497336080e+00            1.354802312959e+01            -2.452313318248e+01           
2750      2.638993409343e+01            -2.862223748064e+00           1.454428376715e+00            -2.619391026114e+01           
2760      2.415419596503e+01            -4.102053092684e+00           6.141853415820e+00            -2.299730374980e+01           
2770      2.970291931344e+01            -3.176045080096e+00           8.157638725534e+00            -2.838360589871e+01           
2780      3.232142681852e+01            -4.014409486360e+00           1.132340297761e+01            -3.000566101700e+01           
2790      2.934128409984e+01            1.433916237065e-01            1.160886708011e+01            -2.694669917794e+01           
2800      3.546156641922e+01            8.268435076585e+00            1.738323866420e+01            -2.978218742525e+01           
2810      2.069665740339e+01            4.935760730027e+00            4.202687039189e+00            -1.965521089533e+01           
2820      2.984604273966e+01            9.406719867195e+00            1.411188815132e+01            -2.455920400506e+01           
2830      3.159971628064e+01            7.823359696847e+00            -5.029191094842e+00           -3.020007200326e+01           
2840      2.900071727251e+01            -3.089201925707e+00           -5.077964832081e+00           -2.838507894910e+01           
2850      3.090305374677e+01            1.075972816187e+01            -5.245282496972e+00           -2.849059480399e+01           
2860      2.943844619807e+01            9.296815659905e+00            -6.639793119651e+00           -2.713124546479e+01           
2870      3.310965422401e+01            1.250972337899e+01            -3.933759304747e+00           -3.040199930181e+01           
2880      3.028498822446e+01            4.403804690296e+00            -2.027894560778e+00           -2.989439177598e+01           
2890      3.615789963141e+01            1.238128640419e+01            3.239961821870e+00            -3.381715689003e+01           
2900      3.337573226763e+01            6.653471635180e+00            -3.231582066127e+00           -3.254577848124e+01           
2910      3.473881848632e+01            1.902664431949e-01            -1.302036035468e+01           -3.220589270212e+01           
2920      3.133814330099e+01            2.151182821259e+00            -2.138061510068e+00           -3.119102965601e+01           
2930      3.421934301904e+01            4.732861739842e+00            -2.663370490413e+00           -3.378564656828e+01           
2940      3.055719768113e+01            7.506308867063e+00            1.794640205633e+00            -2.956648311599e+01           
2950      3.105938639963e+01            6.600825436221e+00            -1.491035976637e+00           -3.031322151799e+01           
2960      3.524670647832e+01            4.779973268897e+00            3.060648433370e+00            -3.478670154362e+01           
2970      3.235168827185e+01            1.812394939736e+00            -4.806149296988e+00           -3.194131943982e+01           
2980      3.290826539861e+01            7.886159669287e+00            1.065843233325e+00            -3.193158930304e+01           
2990      3.275946879840e+01            1.090654223599e+01            -4.839183123303e+00           -3.050921891997e+01           
3000      3.238033351462e+01            5.014284246213e+00            -1.611215774597e+00           -3.194913043799e+01           
3010      3.595965166812e+01            5.191889854646e+00            -2.379230235763e+00           -3.550324057484e+01           
3020      3.129802589269e+01            1.019259650308e+00            -4.124042848335e+00           -3.100838282030e+01           
3030      3.341556609146e+01            1.518629260035e+00            -6.351654499713e+00           -3.277118105134e+01           
3040      2.518158015983e+01            5.198571284993e-01            -5.051127597392e+00           -2.466430290738e+01           
3050      3.357863695442e+01            2.654337036673e+00            7.104924396742e-01            -3.346602090339e+01           
3060      4.141003243083e+01            -2.102357167710e+01           -4.791596387355e+00           -3.535308789795e+01           
3070      3.637917516934e+01            -1.721050192039e+01           1.618044822169e+00            -3.200976320754e+01           
3080      3.070832448226e+01            -8.976809114437e+00           2.732678651136e+00            -2.923953758219e+01           
3090      3.249266853439e+01            -1.238911835971e+01           -8.046319240677e+00           -2.894028336821e+01           
3100      3.142022993493e+01            -4.303122975173e+00           2.195616283650e+00            -3.104663026738e+01           
3110      3.438511330645e+01            -4.896473603243e+00           1.083528597265e+01            -3.226386742536e+01           
3120      3.515462545281e+01            -6.930378688919e+00           3.034366027645e+00            -3.433089228036e+01           
3130      3.717841589084e+01            -5.233413012794e+00           -1.535395644788e+00           -3.677619551563e+01           
3140      3.757143304878e+01            -2.107885073044e+00           -5.907114633912e+00           -3.704423569949e+01           
3150      3.353421424482e+01            -6.959078507410e+00           2.423968214519e+00            -3.271450946355e+01           
3160      3.580230291705e+01            -6.653348790371e+00           2.409733468434e+00            -3.509602582415e+01           
3170      3.830677062114e+01            -1.833512893941e+01           -1.317260610744e+01           -3.094695737119e+01           
3180      3.614116947432e+01            1.120495548174e+01            1.765619496700e+01            -2.947697207841e+01           
3190      3.309022969559e+01            2.657881717317e+00            1.700745463283e+01            -2.826031586865e+01           
3200      3.492892380428e+01            4.733096800993e+00            1.291894521183e+01            -3.210495861096e+01           
3210      3.407305050827e+01            5.060789259961e+00            1.502406978170e+01            -3.016021402775e+01           
3220      3.418005031724e+01            -1.179154221401e+01           1.385585950593e+00            -3.205176318828e+01           
3230      3.878560876223e+01            -1.234081700872e+01           -8.781650642892e+00           -3.570588599377e+01           
3240      4.063484294279e+01            -1.275253111098e+01           -7.696074067416e+00           -3.780653191180e+01           
3250      3.388537510594e+01            2.923203772341e+00            -1.027196802092e+01           -3.215836125726e+01           
3260      3.870547104695e+01            -5.453259666126e+00           -6.606489990792e+00           -3.774559229872e+01           
3270      3.466926711830e+01            -9.526208953923e+00           2.108142259067e+00            -3.326808022267e+01           
3280      2.877743920742e+01            -8.486643879703e+00           1.576788592125e+00            -2.745235182515e+01           
3290      3.216712759222e+01            -1.641079143079e+00           3.123200271547e+00            -3.197306017328e+01           
3300      3.105317514479e+01            6.425444594801e+00            1.588531296887e+01            -2.589730063564e+01           
3310      2.886146442736e+01            6.961846282341e+00            1.457295033818e+01            -2.391957239739e+01           
3320      2.941573196302e+01            6.927520364117e+00            1.366782854545e+01            -2.510946457766e+01           
3330      3.278884737009e+01            8.732864330959e-01            1.408692827099e+01            -2.959568101181e+01           
3340      3.439977772732e+01            1.674579915278e+00            3.528951918220e+00            -3.417728760676e+01           
3350      3.563046107607e+01            4.731629389923e+00            1.198542985393e+01            -3.321883367950e+01           
3360      3.596139814309e+01            9.474141190791e+00            1.557986332098e+01            -3.099565556658e+01           
3370      3.397522259777e+01            3.656251586533e+00            8.606566307591e+00            -3.266304626481e+01           
3380      3.160247887588e+01            -3.537924764642e+00           5.809433308059e-01            -3.139844366058e+01           
3390      3.618813339974e+01            2.702301571648e+00            -1.703490915416e+00           -3.604686787884e+01           
3400      3.194770837827e+01            -3.656917880153e+00           5.143961637052e+00            -3.131808871750e+01           
3410      3.209184584290e+01            7.508649378638e+00            1.133761115071e+01            -2.906828731639e+01           
3420      3.548903354114e+01            1.058232125289e+01            1.379432459828e+01            -3.093869078456e+01           
3430      3.557446709089e+01            1.204200223581e+01            1.485242031222e+01            -2.999897501287e+01           
3440      3.881016152940e+01            1.785499093721e+01            1.573006282592e+01            -3.065930625541e+01           
3450      3.192560878116e+01            1.347348106077e+01            1.994289411820e+01            -2.097595714961e+01           
3460      3.695857317426e+01            1.691295522362e+01            1.460028991657e+01            -2.944010208938e+01           
3470      3.818168343132e+01            1.913751962402e+01            1.623552929210e+01            -2.877505657501e+01           
3480      3.697632831653e+01            2.080721656466e+01            1.716683118882e+01            -2.529048242991e+01           
3490      4.029086170551e+01            1.799056012732e+01            1.977287349038e+01            -3.014509507717e+01           
3500      4.720608367467e+01            1.577972890343e+01            1.164269880516e+01            -4.294021490592e+01           
3510      3.162937631186e+01            1.595898446876e+01            1.007162042332e+01            -2.538288247327e+01           
3520      2.937600180960e+01            1.096581680284e+01            1.444851752641e+01            -2.310715658521e+01           
3530      3.172534501991e+01            1.174736460184e+01            5.455384394145e+00            -2.896093442304e+01           
3540      3.503001793405e+01            4.484344168289e+00            1.588280360920e+01            -3.089869517231e+01           
3550      3.347236785361e+01            2.676607235865e+00            1.160355109344e+01            -3.128246770084e+01           
3560      3.408291191051e+01            9.248046135652e+00            1.319542355990e+01            -3.003330358198e+01           
3570      3.720332541177e+01            3.943605891202e+00            1.618770026386e+01            -3.326400087838e+01           
3580      3.478093328374e+01            -9.299403258390e-01           1.690872388086e+01            -3.037998663264e+01           
3590      3.226812244779e+01            -1.113161079983e+01           2.742267222253e+00            -3.016287350019e+01           
3600      3.436768161377e+01            -3.800140670680e+00           -6.697976243612e+00           -3.349378426855e+01           
3610      3.177681345232e+01            -5.457127771154e+00           2.802513858751e+00            -3.117902413072e+01           
3620      3.847765630967e+01            -1.247398561551e+01           -3.348865768851e+00           -3.624520404152e+01           
3630      3.590170524296e+01            4.769418601542e+00            7.858538579767e+00            -3.470487655858e+01           
3640      3.062703964908e+01            8.579033152115e+00            1.096747610682e+01            -2.727875025890e+01           
3650      3.673951963535e+01            -8.134659913766e-01           -6.312770018203e+00           -3.618396759359e+01           
3660      3.093877899011e+01            -5.472312374151e+00           2.159398878166e+00            -3.037431215952e+01           
3670      3.954090724645e+01            -4.603352041172e+00           -4.011675416304e+00           -3.906659642472e+01           
3680      3.943374436756e+01            -5.390618492504e+00           -1.255828945125e+01           -3.698987419785e+01           
3690      3.272862316558e+01            -1.032154614226e+00           4.103216064063e+00            -3.245398356286e+01           
3700      2.385919089261e+01            6.663721876438e+00            1.058389952751e+01            -2.031838752448e+01           
3710      3.148268583068e+01            5.536099506972e+00            1.189461155195e+01            -2.861868839396e+01           
3720      3.275730307821e+01            1.578971632903e+01            1.087792343848e+01            -2.655930241690e+01           
3730      2.672859885547e+01            7.130697655427e-01            5.702055277704e+00            -2.610356477373e+01           
3740      2.578911824522e+01            2.795393613441e+00            6.366074918051e+00            -2.483419989751e+01           
3750      2.695717324677e+01            2.865938126945e+00            5.079426666850e+00            -2.631871981775e+01           
3760      3.260502185650e+01            3.948513501340e+00            1.413061501718e+01            -2.911739017544e+01           
3770      3.425200933901e+01            1.392070870818e+01            7.082050826397e+00            -3.048374269859e+01           
3780      2.708605464824e+01            1.018686487189e+01            1.081636375658e+01            -2.264703988549e+01           
3790      2.725277195549e+01            3.242452414627e+00            5.359941286785e+00            -2.652302982314e+01           
3800      3.339670584897e+01            4.668460441394e+00            1.666198345258e+01            -2.856437897270e+01           
3810      2.729177389549e+01            -6.833169069915e+00           -2.330232797921e+00           -2.631955048879e+01           
3820      3.289025447861e+01            1.805038585437e+01            8.591827251305e+00            -2.611767437311e+01           
3830      2.560537367945e+01            4.704296217048e-01            3.414022034567e+00            -2.537239268936e+01           
3840      3.282302834132e+01            9.805242407002e+00            7.654124524405e+00            -3.037470639529e+01           
3850      3.306412200726e+01            1.032266471470e+01            5.117094371744e+00            -3.099183928858e+01           
3860      3.673933984567e+01            1.438502267156e+01            1.758051881773e+01            -2.887517226154e+01           
3870      2.875065383348e+01            -1.707228948363e-02           1.057327661250e+01            -2.673584908068e+01           
3880      3.084136429173e+01            -2.245080730543e+00           7.032079994059e+00            -2.994493638072e+01           
3890      3.511574837159e+01            4.520624684452e+00            9.509088880410e+00            -3.350010395243e+01           
3900      3.281313472756e+01            6.325726464375e+00            8.579626819592e+00            -3.103348190235e+01           
3910      3.069930698035e+01            -8.391404230474e-01           7.116532706048e+00            -2.985126889544e+01           
3920      3.966534018740e+01            3.042263969908e+00            1.355013824361e+01            -3.715477890794e+01           
3930      3.610880847835e+01            9.633391322425e+00            1.068354957710e+01            -3.311956506038e+01           
3940      3.368160177176e+01            1.294088999399e+01            1.128405588024e+01            -2.897677944435e+01           
3950      3.360307208266e+01            5.640898829186e+00            -5.333097834546e+00           -3.269410927489e+01           
3960      3.347295455051e+01            4.674370158245e+00            -6.791521085752e+00           -3.244170450679e+01           
3970      3.252499456529e+01            8.532922104856e+00            1.780655830716e+00            -3.133518432429e+01           
3980      2.785097910954e+01            3.237161869361e+00            -1.237307293806e+01           -2.474075355483e+01           
3990      3.302282793335e+01            6.345707097005e+00            2.200774049661e+00            -3.233258046827e+01           
4000      3.950603618630e+01            6.594955137122e+00            -8.826199265927e+00           -3.793852485813e+01           
4010      3.707555758399e+01            6.134335591688e+00            -8.591566963078e+00           -3.554084796584e+01           
4020      3.251349882711e+01            3.329098295482e+00            -9.038721997611e+00           -3.105392431190e+01           
4030      3.147529515239e+01            6.175851373077e+00            -3.070080289329e+00           -3.071038377756e+01           
4040      3.380770007974e+01            3.997531851447e+00            -5.503198972425e-03           -3.357052715542e+01           
4050      2.881308340029e+01            1.145488232043e+01            -5.852822179456e+00           -2.578224037187e+01           
4060      3.468720780484e+01            8.781001266364e+00            1.373779514569e-01            -3.355707867730e+01           
4070      3.480441421915e+01            -4.005691815226e+00           6.416506970796e+00            -3.397249064336e+01           
4080      3.689980125569e+01            -6.767456355809e+00           1.272910220087e+01            -3.396714330558e+01           
4090      3.494133425722e+01            2.687461800798e+00            9.277557524866e+00            -3.357977538812e+01           
4100      3.337825448775e+01            -3.574695965454e+00           8.828478984217e+00            -3.199042638397e+01           
4110      3.764749598232e+01            -4.984538115352e+00           5.539982715700e+00            -3.690253277250e+01           
4120      3.566634820903e+01            -2.539240369208e+00           -8.324921233087e+00           -3.458809534187e+01           
4130      3.476825367817e+01            -1.051871654798e+01           -1.480706719988e+00           -3.310582386262e+01           
4140      3.245805104487e+01            3.436432942335e+00            -1.597208064957e+00           -3.223608122371e+01           
4150      3.766827656442e+01            1.068869620274e+01            2.602801681650e+00            -3.602604968943e+01           
4160      3.376123633452e+01            -2.742340988360e+00           -7.780401243535e+00           -3.273783745497e+01           
4170      3.706804476026e+01            -6.169326402393e+00           2.972121031348e+00            -3.643001304782e+01           
4180      3.564152682276e+01            -1.005742356415e+01           -4.187683002927e-01           -3.419051474634e+01           
4190      3.025805940335e+01            -2.292518464182e+00           1.727089903331e+00            -3.012161480423e+01           
4200      3.996867591170e+01            1.159243789329e+01            1.630257041110e+01            -3.460255244655e+01           
4210      3.691716201484e+01            8.098763266948e+00            6.979153305064e+00            -3.533522752042e+01           
4220      3.345751913490e+01            4.075741145736e+00            9.748315704095e+00            -3.174530298656e+01           
4230      3.749188898962e+01            4.658293106273e+00            1.604411327454e+01            -3.356379708227e+01           
4240      3.377186085316e+01            4.203740513441e+00            1.524276472361e+01            -2.984167010677e+01           
4250      3.236504501479e+01            1.661779545892e+00            1.751241357023e+01            -2.716707563385e+01           
4260      3.407780996489e+01            -7.802424203453e+00           4.834533434948e+00            -3.281838806247e+01           
4270      3.403755823930e+01            -9.196633813978e+00           5.548897044257e-01            -3.276689479950e+01           
4280      3.453423523835e+01            -6.577085337015e+00           2.991314571145e+00            -3.376991840535e+01           
4290      3.215026173871e+01            7.485070030665e+00            1.257915420883e+01            -2.862477835537e+01           
4300      3.022446633374e+01            2.351574661379e-01            1.405766675282e+01            -2.675528119068e+01           
4310      3.604547502447e+01            3.589983507331e+00            1.695850971758e+01            -3.160375351625e+01           
4320      3.462796631010e+01            -2.122959740199e+00           7.655626179073e+00            -3.370430952447e+01           
4330      3.401911538191e+01            5.377080944900e-01            1.145184496578e+01            -3.202914810376e+01           
4340      2.770226917592e+01            5.914875239093e+00            9.916106997369e+00            -2.518135799392e+01           
4350      2.337977856941e+01            2.755724892630e+00            1.003567062295e+01            -2.093574315420e+01           
4360      3.170213711311e+01            9.291506674327e+00            1.115666543177e+01            -2.818194843695e+01           
4370      3.030720753862e+01            7.505327280557e+00            1.978704405470e+01            -2.169492518489e+01           
4380      2.647095139040e+01            7.670133247020e+00            6.518091413252e+00            -2.448254087741e+01           
4390      3.397416498543e+01            5.323401895772e+00            -8.047691109070e-01           -3.354485989524e+01           
4400      3.159335122334e+01            7.442075255469e+00            -6.351905011583e+00           -3.004011751204e+01           
4410      2.857390624198e+01            2.040127526300e+00            -5.720171203447e+00           -2.792106085028e+01           
4420      3.471671516344e+01            9.783204284498e+00            -5.088142994460e+00           -3.291883999376e+01           
4430      3.380814271166e+01            1.927563936693e+00            -4.196564959972e+00           -3.349125040094e+01           
4440      3.770885692057e+01            5.975437674171e+00            -2.763781818781e+00           -3.712968549445e+01           
4450      3.403809022946e+01            8.777856209158e+00            -5.240401760244e+00           -3.246658306985e+01           
4460      4.095538805075e+01            7.693235239092e+00            -4.167897138021e+00           -4.000983098428e+01           
4470      3.649863687564e+01            1.001263851478e+01            -5.422722271993e+00           -3.467696132756e+01           
4480      3.819460131143e+01            5.627782877946e+00            8.191299939791e-01            -3.776883179648e+01           
4490      3.724716869040e+01            1.188017744008e+01            -6.684131351592e-01           -3.529541306351e+01           
4500      3.693140244535e+01            1.017998323783e+01            -3.023871110809e+00           -3.537163597238e+01           
4510      3.089743920894e+01            6.955985538770e+00            -4.403492410600e+00           -2.978045112896e+01           
4520      3.859862466835e+01            5.333767919440e+00            2.526408577301e+00            -3.814475069744e+01           
4530      3.921950940068e+01            7.911590645497e+00            -5.245439046465e+00           -3.805341010078e+01           
4540      3.941029483274e+01            1.235535334365e+01            -1.205242207519e+00           -3.740406359981e+01           
4550      3.965533563892e+01            1.601763172160e+01            3.092456920828e+00            -3.614440245542e+01           
4560      4.080071973886e+01            7.988372115193e+00            3.332091799964e+00            -3.987206799747e+01           
4570      3.397041507299e+01            5.530481758824e+00            -9.194159328644e+00           -3.223151107202e+01           
4580      3.592174013712e+01            8.011994043980e+00            -1.915396466359e+00           -3.496441937591e+01           
4590      3.267456382325e+01            7.847049351816e+00            -3.420348333329e+00           -3.153334988213e+01           
4600      3.861139739892e+01            1.897895029428e+01            -9.465262947733e+00           -3.226527935963e+01           
4610      4.027089740641e+01            7.907719273651e+00            1.010097540294e+01            -3.817307231172e+01           
4620      4.027881022686e+01            1.746469376632e+01            7.057599123646e+00            -3.560277123414e+01           
4630      3.500110582560e+01            8.940842078126e+00            1.690305503193e+00            -3.379765700836e+01           
4640      3.198941264550e+01            4.424759858264e+00            1.751247681966e+00            -3.163348152128e+01           
4650      3.958094642841e+01            5.723986946682e+00            6.008630161411e+00            -3.870121002225e+01           
4660      3.659382582568e+01            5.811214767550e+00            1.676655053298e+00            -3.609053476077e+01           
4670      3.310683735941e+01            1.205568908841e+01            -3.154861272407e+00           -3.067197239986e+01           
4680      3.831083812650e+01            1.387919420691e+01            -3.044764558479e+00           -3.557833181734e+01           
4690      3.255946784434e+01            7.491504218799e+00            -1.019853567080e+00           -3.166948388509e+01           
4700      3.632658998225e+01            5.456310158426e+00            3.229473099106e+00            -3.576898548598e+01           
4710      3.848896575425e+01            1.314156961267e+01            -2.369651782751e+00           -3.609826011563e+01           
4720      3.964769455871e+01            1.673907732618e+01            -2.483933118901e+00           -3.585488879288e+01           
4730      3.298782968324e+01            -2.579924469948e+00           -1.006572563951e+01           -3.130849827586e+01           
4740      3.309303860142e+01            -1.169302562687e+00           -7.374296683522e+00           -3.223975315996e+01           
4750      3.328222063859e+01            8.957889443914e+00            -8.020853066055e+00           -3.103430913423e+01           
4760      3.145936283326e+01            5.057986292177e+00            -7.632851214115e+00           -3.009730663841e+01           
4770      3.808981419989e+01            1.143643602295e+01            3.819629343128e-01            -3.633037270923e+01           
4780      3.590524238394e+01            9.748987430336e+00            -2.117247229114e+00           -3.449146182613e+01           
4790      3.494585500114e+01            1.020529033935e+01            -2.724084892782e+00           -3.331132228458e+01           
4800      3.616582010388e+01            1.416477840184e+01            -2.938365615665e+00           -3.314651722461e+01           
4810      3.252821114822e+01            6.832962160757e+00            -4.557191345432e+00           -3.147423002480e+01           
4820      3.540678810105e+01            1.408107946509e+01            -5.521079004877e+00           -3.201377096426e+01           
4830      3.602813676633e+01            9.751425552140e+00            -3.429852722125e+00           -3.451336623483e+01           
4840      3.710586111143e+01            1.382609050809e+01            -3.212350562423e+00           -3.428359598914e+01           
4850      3.763611814244e+01            1.194681097151e+01            1.903739991368e+00            -3.563883935383e+01           
4860      3.464536264285e+01            5.995980368207e+00            -2.361827835842e+00           -3.404072768542e+01           
4870      3.740079133597e+01            1.143895405216e+00            -1.144081794889e+01           -3.558958247183e+01           
4880      3.689943052460e+01            -5.131526650659e+00           -6.808009424673e+00           -3.590106425925e+01           
4890      3.875470012998e+01            -2.866964332030e+00           -3.285935637910e+00           -3.850856949650e+01           
4900      4.035641349331e+01            -6.095753280843e+00           -1.436936467613e+00           -3.986749447319e+01           
4910      3.694991413880e+01            -5.903952007892e+00           1.113189075269e+01            -3.473500415753e+01           
4920      3.669980648901e+01            -2.685204043498e+00           8.254081702458e+00            -3.565859799298e+01           
4930      3.218101891307e+01            -1.349961107592e+00           8.201088450345e+00            -3.108918994637e+01           
4940      3.539807530550e+01            8.211179924394e-01            1.779781907384e+01            -3.058736890926e+01           
4950      3.504457375933e+01            2.662905424562e-01            1.410778307855e+01            -3.207836803718e+01           
4960      4.190353323615e+01            5.564265511289e+00            1.735426868802e+01            -3.773293528599e+01           
4970      3.983920822206e+01            5.994705400309e+00            9.175902707187e+00            -3.830181233875e+01           
4980      3.480658682481e+01            6.025520652972e+00            -5.775885103523e+00           -3.379098605434e+01           
4990      3.227493271013e+01            1.754380010384e+00            -5.500010186475e+00           -3.175442205695e+01           
5000      3.104323087763e+01            2.549193312618e+00            -2.293992241036e+00           -3.085322343573e+01           
