@    title "Magnitude of Electric Field"
@    xaxis  label "Residues"
@    yaxis  label "MV/cm"
#time     EField_per_residue            Std.Deviation         EField_residue_alignement   Std.Deviation
@type xydy
21        3.513446973580e-01            1.650124396638e-01            0.009151            0.016748                      
22        2.699169436131e+00            3.848564567827e-02            0.067160            0.075984                      
23        5.130020766537e+00            1.490341489437e-01            0.127418            0.140849                      
24        1.212110259098e-01            1.275273856207e-02            0.003039            0.003268                      
25        7.577990208229e-02            2.585120259359e-02            0.001825            0.001730                      
26        4.581867139507e-02            1.043193073419e-02            0.001155            0.001315                      
27        8.310223551978e-02            1.671913559039e-02            0.002067            0.002224                      
28        1.595528854614e-01            1.678729485990e-02            0.004016            0.004584                      
29        8.171910871644e-02            1.138536795148e-02            0.002058            0.002393                      
30        3.097741757668e-02            1.398455779778e-02            0.000747            0.000893                      
31        3.506193337071e-01            2.419701125654e-02            0.008799            0.009967                      
32        7.272387264200e-02            1.602780747308e-02            0.001803            0.001645                      
33        1.076249440265e-01            1.323020029904e-02            0.002660            0.002664                      
34        2.617618735946e-01            3.822676226167e-02            0.006433            0.007972                      
35        2.870609800652e-01            2.341104121444e-02            0.007188            0.008382                      
36        1.750724313760e-01            1.124588914640e-02            0.004376            0.005015                      
37        4.517111981077e-01            4.067230090669e-02            0.011115            0.013951                      
38        6.650160477179e-01            1.738521175465e-02            0.016478            0.018426                      
39        4.548977580383e-01            2.332863133549e-02            0.011359            0.012012                      
40        3.577575616296e-01            9.333218762719e-03            0.008830            0.009827                      
41        4.659520227837e-01            1.547219341344e-02            0.011581            0.013707                      
42        1.660612991062e-01            7.704690054971e-02            0.004037            0.006828                      
43        3.128968816379e-01            2.990885492853e-02            0.007808            0.008731                      
44        3.631715065756e-01            2.870101917254e-02            0.009210            0.010756                      
45        3.777423059047e-01            1.798143860875e-02            0.009504            0.011548                      
46        7.443002154258e+00            2.287388433431e-01            0.185758            0.219481                      
47        3.711116466156e-01            4.553987948248e-02            0.009227            0.010063                      
48        4.028933574388e-01            3.263333987783e-02            0.009885            0.010155                      
49        4.841780973730e+00            1.179146984084e-01            0.119896            0.129044                      
50        2.113080632040e-01            1.670366311111e-02            0.005069            0.004234                      
51        4.723844732124e-01            2.524883522214e-02            0.011750            0.015231                      
52        5.837027534123e+00            1.509821983682e-01            0.144846            0.153829                      
53        5.951545276771e-01            2.787419264985e-02            0.014808            0.017710                      
54        9.462866076795e-01            2.258544008020e-02            0.023618            0.027097                      
55        4.101934951535e+00            1.405792131758e-01            0.101572            0.107146                      
56        2.806587643707e+00            1.857225316298e-01            0.070265            0.077782                      
57        1.594412151386e+00            7.865850966681e-02            0.039463            0.044508                      
58        2.283852799089e+00            8.608259882929e-02            0.057234            0.059528                      
59        6.755282441792e+00            2.864200490968e-01            0.170599            0.194118                      
60        4.810525069032e+00            2.907415349138e-01            0.120553            0.137498                      
61        1.000477837194e+00            1.557573300853e-01            0.024685            0.026809                      
62        2.815545880954e+00            2.788640662947e-01            0.070133            0.076454                      
63        1.167229543110e+01            9.593862921734e-01            0.290888            0.315907                      
64        4.503670720613e+01            2.737852085811e+00            1.131018            1.291274                      
65        8.804379722965e+01            1.188785364048e+01            2.307710            2.850660                      
66        1.163545224159e+02            1.403018579874e+01            2.896897            3.744550                      
67        8.446989485131e+00            1.593005838515e+00            0.208228            0.237837                      
68        2.995580280975e+01            1.202395490347e+00            0.746444            0.839196                      
69        2.548040957909e+00            5.748860082762e-01            0.062173            0.061748                      
70        3.773408377414e+00            8.740176339619e-01            0.093122            0.136848                      
71        2.090621033940e+00            1.526843912992e-01            0.052664            0.064363                      
72        7.012818397597e-01            3.256352068532e-01            0.017388            0.021681                      
73        3.038528682047e-01            4.617114213091e-02            0.007415            0.006163                      
74        3.865353946163e+00            1.229977299189e-01            0.096399            0.111473                      
75        4.515286068108e-01            1.454447807604e-02            0.011098            0.013054                      
76        9.136700338141e-01            2.648515300971e-02            0.022856            0.027250                      
77        9.255214867381e+00            2.572451170332e-01            0.230060            0.248999                      
78        6.195268417129e-01            1.778453365214e-02            0.015345            0.018485                      
79        7.366077556506e-01            2.456982325980e-02            0.018229            0.020300                      
80        1.098582849770e+00            7.257138693314e-02            0.027121            0.034142                      
81        9.913584828330e-01            3.743371066816e-02            0.024666            0.026120                      
82        6.352903275236e-01            3.355551464964e-02            0.015793            0.016309                      
83        6.645226748762e-01            5.908110189289e-02            0.016563            0.017604                      
84        1.243312143446e-01            5.466927181981e-02            0.002767            0.003069                      
85        5.640898471610e-01            6.079259351125e-02            0.014097            0.016712                      
86        1.719146629007e-01            4.939386048313e-02            0.004357            0.006389                      
87        2.811067068903e-01            5.650177433773e-02            0.006897            0.006362                      
88        4.409852007291e-01            6.443894235940e-02            0.010937            0.011783                      
89        1.834792945182e-01            4.879846994409e-02            0.004425            0.005122                      
90        8.484854460802e-02            3.263464622642e-02            0.002079            0.002597                      
91        5.983076864279e-01            4.763395424920e-02            0.014850            0.017611                      
92        7.265290484284e-01            5.467746362484e-02            0.017949            0.020103                      
93        6.297951289035e-02            2.368726790175e-02            0.001564            0.001594                      
94        3.688484366289e-01            2.358062373865e-02            0.009105            0.009933                      
95        7.086404066657e-01            2.932177852134e-02            0.017629            0.020011                      
96        5.602032401307e-01            1.358839550164e-01            0.014213            0.019915                      
97        6.217928179600e+00            1.139427178998e-01            0.154026            0.170599                      
98        4.198851278161e-01            1.553247027003e-02            0.010455            0.011633                      
99        4.510733828730e-01            1.475174751017e-02            0.011214            0.012533                      
100       2.298851267369e-01            1.239270700099e-02            0.005768            0.006805                      
101       6.194151850062e-02            3.917468655013e-02            0.001650            0.002058                      
102       2.488841015001e-01            7.001261979148e-03            0.006194            0.006849                      
103       2.114408606516e-01            9.374244196555e-02            0.004938            0.006852                      
104       1.918923811476e-01            1.027619451538e-02            0.004808            0.006046                      
105       1.189031967854e-01            6.727412631523e-03            0.002922            0.003247                      
106       2.604601551693e-01            1.881065838230e-02            0.006423            0.006670                      
107       2.050386311956e-01            6.633428167227e-03            0.005115            0.005771                      
108       1.248253381700e-01            5.862334923437e-03            0.003104            0.003421                      
109       1.325567351255e-01            1.627300477503e-02            0.003363            0.003919                      
110       1.058289144946e-01            4.013922812943e-02            0.002423            0.002423                      
111       7.303042057031e-02            1.131919037745e-02            0.001811            0.001961                      
112       2.330220059719e+00            3.866665617740e-02            0.057962            0.065217                      
1         5.268647560777e-01            1.889251167333e-01            0.012320            0.011984                      
2         5.801619588914e-01            1.302711094553e-01            0.013149            0.011897                      
3         3.709200413660e-01            1.325105573538e-01            0.009108            0.009324                      
4         4.899503274510e-01            1.352897589324e-01            0.011629            0.012288                      
5         3.465436300578e-01            1.082655995780e-01            0.008232            0.009483                      
6         5.535014484697e-01            1.211487886123e-01            0.012722            0.013565                      
7         5.919702175915e-01            6.669708830848e-02            0.014571            0.017443                      
8         3.575709434108e-01            1.185503023213e-01            0.008709            0.011007                      
9         4.268591813515e-01            1.233604513336e-01            0.010549            0.012386                      
10        5.577761566807e-01            1.467392022076e-01            0.012719            0.013280                      
11        6.391569222240e-01            1.166972145158e-01            0.015358            0.014619                      
12        4.970267105697e-01            1.134301137304e-01            0.011544            0.010498                      
13        5.826454187448e-01            1.091696089205e-01            0.013941            0.022697                      
14        3.511044254134e-01            1.020073209328e-01            0.008793            0.009112                      
15        3.967622572854e-01            1.007490094232e-01            0.009264            0.011977                      
16        4.138046946543e-01            1.367139097474e-01            0.009503            0.009947                      
17        5.770049415277e-01            1.229460748712e-01            0.013776            0.015252                      
18        2.235200358106e-01            4.545712712275e-02            0.005197            0.005259                      
19        1.822919484068e-01            2.555874249904e-02            0.004272            0.005478                      
20        3.806681233008e-01            1.407558055343e-01            0.009659            0.009534                      
21        2.931470716540e-01            8.801223694244e-02            0.006861            0.011396                      
22        2.892072955427e-01            6.055442243819e-02            0.006884            0.011247                      
23        2.770686976722e-01            6.314973407110e-02            0.006750            0.006532                      
24        3.197712282800e-01            7.481486465992e-02            0.008079            0.012035                      
25        2.810945666392e-01            9.211443188934e-02            0.006578            0.008573                      
26        3.359184183636e-01            1.088133604597e-01            0.008178            0.007299                      
27        4.557384562917e-01            9.204378813486e-02            0.010661            0.009648                      
28        2.375514271634e-01            5.977682463450e-02            0.005864            0.006111                      
29        1.766715214509e-01            4.324260915667e-02            0.004319            0.006245                      
30        2.630629896609e-01            8.244419409472e-02            0.006144            0.006449                      
31        1.894011469573e-01            5.649969981637e-02            0.004412            0.004621                      
32        1.904036802397e-01            4.945276498386e-02            0.004402            0.004689                      
33        1.880542441867e-01            5.459122360434e-02            0.004527            0.006843                      
34        2.287617846803e-01            4.384687714439e-02            0.005284            0.004910                      
35        2.335848885674e-01            7.035236789163e-02            0.005415            0.006925                      
36        2.355669596025e-01            9.722323041629e-02            0.005528            0.006106                      
37        1.868012608121e-01            4.299758260688e-02            0.004629            0.005804                      
38        2.506170420405e-01            6.552260941204e-02            0.006266            0.007592                      
39        1.726749143232e-01            3.727650070132e-02            0.004119            0.004337                      
40        1.482715343150e-01            3.716177589967e-02            0.003831            0.005433                      
41        2.283307916170e-01            6.901004837085e-02            0.005569            0.007221                      
42        1.730057114576e-01            4.036920025883e-02            0.004128            0.004167                      
43        1.207725143670e-01            3.589417550250e-02            0.002820            0.003373                      
44        1.760209322721e-01            4.492448706505e-02            0.004269            0.004619                      
45        1.084473537941e-01            4.035654931645e-02            0.002694            0.004432                      
46        1.637528589176e-01            4.640940377160e-02            0.004149            0.004857                      
47        1.112727895757e-01            3.375057958204e-02            0.002654            0.003661                      
48        1.781627325504e-01            4.242426210696e-02            0.004070            0.004158                      
49        1.173817536241e-01            3.262319363377e-02            0.002878            0.003191                      
50        1.084028852886e-01            2.290388133793e-02            0.002679            0.005250                      
51        9.998325138448e-02            2.483859168985e-02            0.002258            0.002149                      
52        8.171388043948e-02            1.997682461125e-02            0.001938            0.002404                      
53        1.491056812133e-01            3.480992238350e-02            0.003467            0.005714                      
54        1.442333778356e-01            4.920728296124e-02            0.003353            0.003924                      
55        1.423372112728e-01            4.728770190980e-02            0.003383            0.004284                      
56        1.523041609281e-01            3.612343538938e-02            0.003735            0.003900                      
57        1.547727941137e-01            3.884409539066e-02            0.003715            0.004218                      
58        1.762689249021e-01            5.467978814325e-02            0.004159            0.004746                      
59        1.463931972724e-01            3.845256488077e-02            0.003404            0.003384                      
60        2.032836360622e-01            5.106777624890e-02            0.004974            0.005236                      
61        1.899704755145e-01            3.819620479352e-02            0.004343            0.004746                      
62        1.444505006084e-01            4.681689880829e-02            0.003477            0.005333                      
63        1.184257865127e-01            3.611978537259e-02            0.002915            0.003434                      
64        8.859180539264e-02            2.776175656251e-02            0.002244            0.002586                      
65        1.046822252345e-01            2.475759032786e-02            0.002404            0.002393                      
66        1.098323207345e-01            2.205027815659e-02            0.002471            0.002230                      
67        1.158041129487e-01            2.992009201147e-02            0.002608            0.002621                      
68        1.354924247352e-01            3.381763243980e-02            0.003140            0.003227                      
69        1.034503002223e-01            2.477473785422e-02            0.002419            0.003220                      
70        1.116001254580e-01            3.513268417777e-02            0.002684            0.002809                      
71        7.239936034912e-02            1.864313289605e-02            0.001734            0.002714                      
72        1.098020551062e-01            2.887236222221e-02            0.002595            0.002369                      
73        1.088530198909e-01            2.294482108797e-02            0.002565            0.002312                      
74        1.389940575732e-01            4.655825830504e-02            0.003176            0.003647                      
75        9.453115115039e-02            2.333883405206e-02            0.002224            0.003427                      
76        1.054036014078e-01            2.739432138023e-02            0.002443            0.002604                      
77        7.159770865397e-02            1.641796812152e-02            0.001712            0.001541                      
78        1.054792567687e-01            2.476933360906e-02            0.002487            0.002265                      
79        1.220994478856e-01            4.798585635788e-02            0.002883            0.004247                      
80        8.008637744253e-02            1.581810066790e-02            0.002013            0.003097                      
81        7.262225059773e-02            2.365038338124e-02            0.001663            0.002214                      
82        7.111184118617e-02            9.878750177772e-03            0.001634            0.002455                      
83        8.563935788901e-02            2.909752547996e-02            0.002077            0.002301                      
84        1.109167112694e-01            3.700625087353e-02            0.002533            0.003097                      
85        7.536042952559e-02            2.073394050727e-02            0.001791            0.002294                      
86        7.418661670661e-02            2.455617928710e-02            0.001820            0.002263                      
87        7.551779946773e-02            2.009405220642e-02            0.001819            0.001900                      
88        7.254438668905e-02            1.833206696350e-02            0.001766            0.002634                      
89        6.350570691818e-02            1.967622102916e-02            0.001539            0.002136                      
90        7.772527301315e-02            2.123574482491e-02            0.001883            0.001888                      
91        6.100110322042e-02            1.568863096148e-02            0.001579            0.003038                      
92        8.543158829750e-02            2.608713149006e-02            0.002086            0.002628                      
93        7.703358147882e-02            2.650447276578e-02            0.001880            0.003838                      
94        5.031052620478e-02            1.017167815048e-02            0.001255            0.001400                      
95        5.926213006905e-02            1.297074738754e-02            0.001406            0.001399                      
96        5.348262287759e-02            1.378681007456e-02            0.001229            0.001152                      
97        4.072204721747e-02            8.426757104242e-03            0.000967            0.001130                      
98        5.166779331787e-02            9.420030150819e-03            0.001241            0.001621                      
99        4.090261046421e-02            1.076161975154e-02            0.000972            0.000931                      
100       4.881664932423e-02            7.581172662604e-03            0.001128            0.001366                      
101       1.332716072078e-01            3.515540595074e-02            0.003225            0.004747                      
102       9.448182396276e-02            3.200298576933e-02            0.002270            0.002290                      
103       1.357023483829e-01            2.350027221934e-02            0.003144            0.003140                      
104       1.389500785163e-01            2.633963323176e-02            0.003412            0.003578                      
105       1.359495084208e-01            3.324282520623e-02            0.003184            0.003375                      
106       1.733680990856e-01            4.232775388662e-02            0.004134            0.003637                      
107       9.296427254435e-02            2.555836542594e-02            0.002329            0.003162                      
108       1.375825982076e-01            3.571469918998e-02            0.003159            0.002923                      
109       1.805365760806e-01            5.084067000244e-02            0.004419            0.008804                      
110       1.288099693170e-01            2.729729515808e-02            0.003078            0.002557                      
111       1.623945350214e-01            5.059702814897e-02            0.003765            0.003270                      
112       1.233086579824e-01            2.578010038705e-02            0.002977            0.003311                      
113       1.425939017125e-01            3.500295898723e-02            0.003635            0.007234                      
114       1.100247107747e-01            1.475480730842e-02            0.002730            0.004045                      
115       9.933198743672e-02            2.198209566601e-02            0.002467            0.002810                      
116       1.486467075882e-01            5.574368655063e-02            0.003334            0.003172                      
117       1.203345575136e-01            3.246719945259e-02            0.002833            0.002744                      
118       1.676998584712e-01            1.986824085660e-02            0.004010            0.005703                      
119       1.304733747839e-01            2.406161865556e-02            0.003281            0.003159                      
120       9.670056438745e-02            1.738314499095e-02            0.002368            0.002184                      
121       1.077608054436e-01            2.094548441163e-02            0.002599            0.002312                      
122       8.924189687873e-02            1.212112862077e-02            0.002086            0.002639                      
123       1.625614752584e-01            4.482942850406e-02            0.003975            0.003875                      
124       1.090558768075e-01            2.833710013462e-02            0.002629            0.002363                      
125       9.216034388258e-02            2.515517209083e-02            0.002196            0.002844                      
126       1.043403363124e-01            2.110832908343e-02            0.002650            0.002358                      
127       9.069363218377e-02            2.191520096264e-02            0.002217            0.002695                      
128       7.777655913177e-02            1.143083421605e-02            0.002016            0.002259                      
129       9.469863027751e-02            2.279692232508e-02            0.002468            0.004773                      
130       7.928557640594e-02            1.862711018495e-02            0.001994            0.002241                      
131       9.776869972677e-02            2.067884490218e-02            0.002366            0.002219                      
132       1.063540528962e-01            2.831872690206e-02            0.002503            0.003616                      
133       9.252167136120e-02            1.615552401229e-02            0.002070            0.001867                      
134       1.155892949967e-01            3.191779685807e-02            0.002708            0.002625                      
135       8.692857670236e-02            1.756650937235e-02            0.002063            0.001745                      
136       1.002273206078e-01            2.655921479311e-02            0.002357            0.003139                      
137       1.111222936631e-01            2.122161963204e-02            0.002672            0.002408                      
138       7.827229954072e-02            1.624852566177e-02            0.001882            0.002591                      
139       1.000888273407e-01            2.879448364971e-02            0.002398            0.002442                      
140       9.611571942681e-02            2.038754768294e-02            0.002246            0.002016                      
141       1.234038394536e-01            1.809598474947e-02            0.003158            0.004178                      
142       7.743924311695e-02            1.913645653915e-02            0.001858            0.001825                      
143       7.756683375343e-02            1.500632888677e-02            0.002017            0.003027                      
144       9.197319271202e-02            2.640510606110e-02            0.002340            0.002508                      
145       7.162310796024e-02            1.345533720898e-02            0.001740            0.001633                      
146       8.710661872392e-02            1.968119985852e-02            0.002102            0.003174                      
147       7.606261349953e-02            1.805136364013e-02            0.001776            0.001726                      
148       8.421644719805e-02            2.266339101340e-02            0.002196            0.002959                      
149       9.362616772334e-02            1.373396699939e-02            0.002194            0.002026                      
150       8.616423940212e-02            2.736494345820e-02            0.001931            0.001828                      
151       5.562406431695e-02            7.858212292754e-03            0.001373            0.001474                      
152       6.960036338894e-02            1.076146509592e-02            0.001603            0.002116                      
153       6.279657307553e-02            1.184588005798e-02            0.001509            0.002345                      
154       6.953625573478e-02            1.564198377148e-02            0.001702            0.001672                      
155       6.469828446975e-02            1.268924844703e-02            0.001519            0.001652                      
156       8.809768389069e-02            1.674627451897e-02            0.002062            0.002932                      
157       7.004217957501e-02            1.938228020662e-02            0.001703            0.002309                      
158       8.338922442908e-02            2.588975953680e-02            0.001981            0.002143                      
159       5.716624887632e-02            1.542292743588e-02            0.001401            0.001781                      
160       8.498900282395e-02            1.725166971210e-02            0.002022            0.002343                      
161       5.944231214771e-02            1.463423254323e-02            0.001391            0.001292                      
162       6.224900501700e-02            1.261894120252e-02            0.001519            0.002059                      
163       5.746028565629e-02            1.263506081415e-02            0.001345            0.001214                      
164       7.745816391485e-02            1.397573663899e-02            0.001887            0.002071                      
165       7.526334906661e-02            1.688271452935e-02            0.001741            0.001807                      
166       6.854430311570e-02            1.394741713716e-02            0.001605            0.001686                      
167       7.249659826675e-02            1.454927574942e-02            0.001773            0.001728                      
168       4.750013117034e-02            1.076579471486e-02            0.001116            0.001094                      
169       5.501177153993e-02            1.506058310261e-02            0.001390            0.001763                      
170       5.789647555210e-02            1.219890774028e-02            0.001313            0.001447                      
171       5.102479942053e-02            1.031820027100e-02            0.001239            0.001292                      
172       5.983362610258e-02            1.402964735550e-02            0.001409            0.001412                      
173       8.128892670975e-02            1.672934913205e-02            0.001978            0.001861                      
174       4.749700268670e-02            1.193961196502e-02            0.001198            0.002142                      
175       5.382217622138e-02            1.542543692067e-02            0.001324            0.001889                      
176       7.250180368959e-02            1.517290261536e-02            0.001692            0.002346                      
177       4.961686639828e-02            9.206680352244e-03            0.001246            0.001717                      
178       6.826513682957e-02            1.372757968286e-02            0.001656            0.002592                      
179       5.780224433469e-02            1.643790748772e-02            0.001342            0.001362                      
180       5.593870621900e-02            1.282593799914e-02            0.001342            0.001244                      
181       4.698252689957e-02            1.155247893888e-02            0.001214            0.002571                      
182       6.717578106160e-02            1.570016384281e-02            0.001574            0.001622                      
183       3.808262467454e-02            8.633067727744e-03            0.000915            0.000907                      
184       5.908940391549e-02            1.950178049426e-02            0.001390            0.001499                      
185       4.377460327729e-02            1.092756473868e-02            0.001078            0.001641                      
186       3.695720306264e-02            8.737978489688e-03            0.000898            0.000940                      
187       4.627875370126e-02            1.749576923174e-02            0.001204            0.002675                      
188       3.687287511292e-02            8.480459429001e-03            0.000899            0.001169                      
189       3.528055209328e-02            1.079918072266e-02            0.000848            0.001274                      
190       4.044626025332e-02            9.414577509332e-03            0.000944            0.001020                      
191       5.888837348633e-02            1.559367425998e-02            0.001404            0.001481                      
192       4.387379119411e-02            8.303172183451e-03            0.001075            0.001561                      
193       4.328908323382e-02            8.967670468374e-03            0.001118            0.001432                      
194       4.986195345318e-02            1.513638327939e-02            0.001215            0.001259                      
195       4.490634864911e-02            1.057683152820e-02            0.001000            0.001122                      
196       4.996403317207e-02            1.153557331058e-02            0.001164            0.001078                      
197       4.054925779968e-02            9.054793061601e-03            0.000999            0.001300                      
198       4.182652637186e-02            8.917412432308e-03            0.000993            0.001031                      
199       3.255405104843e-02            6.924745092533e-03            0.000795            0.000829                      
200       3.311687846748e-02            9.460814437527e-03            0.000840            0.001605                      
201       3.082791955773e-02            7.973360233173e-03            0.000671            0.000648                      
202       3.440614233945e-02            8.452726765883e-03            0.000834            0.000851                      
