@    title "Electric Field"
@    xaxis  label "Time (ps)"
@    yaxis  label "MV/cm"
#time      Magnitude                     Efield_X                      Efield_Y                     Efield_Z
@type xy
10        2.587395266520e+01            -3.287470353220e+00           -7.105858429356e+00           2.466091525430e+01            
20        2.018061049459e+01            4.135921995413e+00            -1.817439089241e+01           7.735806672338e+00            
30        4.529460001850e+01            -2.791485284736e+01           -3.258875311825e+01           1.450292906776e+01            
40        2.315996475325e+01            -4.337234474487e+00           -2.235061655302e+01           4.245268446743e+00            
50        2.197729046581e+01            -5.499527528373e+00           5.897445921538e+00            2.044447663272e+01            
60        3.024177404130e+01            -6.565657017979e+00           -2.420701793281e+01           -1.689607433363e+01           
70        3.905188741974e+01            1.024290819590e+01            -3.687618494457e+01           -7.764001975013e+00           
80        3.471409776029e+01            -1.648444433299e+01           -2.335512044112e+01           -1.969441615089e+01           
90        2.886246039985e+01            1.779459646876e+01            1.345282054791e+01            -1.831435437445e+01           
100       2.380897570740e+01            1.845930167445e+01            -1.377201765308e+01           6.037634941830e+00            
110       3.968932332302e+01            3.836954874633e+01            -9.147902108142e+00           4.397272093246e+00            
120       1.871302584102e+01            -9.149419903005e+00           2.382946432782e+00            1.614890144449e+01            
130       3.825567306390e+01            -2.647962177267e+01           2.748107436760e+01            -2.667715118094e+00           
140       1.883281356224e+01            8.686827278876e+00            -8.725846789182e+00           -1.425038583017e+01           
150       2.950684977712e+01            2.140174955759e+01            1.958209298592e+01            5.400086474735e+00            
160       2.769997617114e+01            5.729248389428e+00            -2.168097930526e+00           2.701413970752e+01            
170       1.167906665111e+01            1.141024771840e+01            -2.347658015796e+00           -8.338745029089e-01           
180       2.807982997583e+01            1.254790489385e+01            -2.445170273889e+01           -5.756836580575e+00           
190       2.400526479110e+01            -1.088079924310e+01           -6.659910734464e+00           -2.033486008143e+01           
200       2.369145954966e+01            -4.615920018597e+00           -1.582684099068e+01           1.701439514736e+01            
210       1.123613876924e+01            -2.349389161233e+00           -1.613181202300e+00           1.086870882024e+01            
220       2.563030422089e+01            -1.053527464515e+00           2.065191698630e+01            1.514268467373e+01            
230       3.118243225953e+01            1.990102583909e+01            -2.029469500430e+01           1.282258191060e+01            
240       4.109849783132e+01            -1.952344150456e+01           -6.214734523936e+00           3.562722036036e+01            
250       3.835692356014e+01            -2.491544883671e+01           -2.121208845732e+01           2.001302819523e+01            
260       2.181861815772e+01            -1.024662093569e+00           -1.420246532638e+01           1.653154997450e+01            
270       2.546734949291e+01            -2.239687077579e+00           -6.352704000281e-01           2.536072009047e+01            
280       1.797999634685e+01            -8.350094290739e+00           -1.003205054839e+01           -1.236584634237e+01           
290       3.435592193045e+01            -1.727226276125e+01           -4.590611144304e+00           2.934151666358e+01            
300       2.367441889515e+01            -8.312602754488e+00           -1.558922568821e+01           -1.575927624960e+01           
310       5.064248750112e+00            3.222021407508e+00            3.896270087677e+00            -2.902978753693e-01           
320       2.954606978087e+01            -1.994616460026e+00           -2.621623919594e+01           1.347963453120e+01            
330       8.086662318712e+00            -3.273821360967e+00           6.695096515874e-01            7.363963469476e+00            
340       2.279044369245e+01            -1.504034572676e+01           -1.459776754021e+01           8.949721054888e+00            
350       2.371509061022e+01            4.644821176781e+00            9.493302723115e-01            -2.323639238180e+01           
360       2.606300813088e+01            -2.282115978392e+01           4.564037867004e+00            1.173220428120e+01            
370       2.442086246116e+01            -2.249364317894e+01           -2.578014116206e+00           9.152506929899e+00            
380       3.633183098741e+01            -2.704556907200e+01           -2.151174858740e+01           -1.121533812161e+01           
390       1.310618384431e+01            4.759369198396e+00            -3.188262325027e+00           1.178793633937e+01            
400       3.199984797953e+01            -2.556345714571e+01           -1.512694684343e+01           -1.190274794611e+01           
410       2.728953240377e+01            -2.046457714482e+01           1.804886064616e+01            3.978573558530e-01            
420       2.703697789287e+01            -6.023966143450e+00           1.331765887723e+01            2.274532847668e+01            
430       1.230624160072e+01            -7.604327927514e+00           6.266428141129e+00            7.372222016333e+00            
440       2.718103966713e+01            -9.186783573096e+00           -7.641344809207e+00           -2.441355718600e+01           
450       2.104343790831e+01            1.029961178987e+01            -1.606931726735e+01           8.861225566497e+00            
460       4.920746062255e+01            -4.377475467872e+01           -1.468035887200e+01           1.701858093751e+01            
470       5.945556763050e+01            -9.386849035700e+00           -5.650810844381e+01           1.592750035469e+01            
480       3.161783015806e+01            5.253308436984e+00            1.352530331421e+01            2.809192240891e+01            
490       2.092947842639e+01            1.305343926593e+01            7.087520995262e+00            1.474509534297e+01            
500       1.658421038218e+01            -1.410003622987e+01           -8.583953175942e+00           -1.593976220020e+00           
510       4.533217301228e+01            -4.261501377287e+01           5.792487660822e+00            -1.433225724904e+01           
520       2.022901681479e+01            -5.079815241483e+00           -1.589325052615e+01           -1.143735922835e+01           
530       1.378339305518e+01            -1.063361559741e+01           4.346452670240e-01            8.758951246115e+00            
540       2.022859811674e+01            -3.174799698286e+00           -1.467668760263e+01           1.355402780207e+01            
550       5.278783394894e+01            -2.335477263481e+01           2.572963800855e+01            3.973783758770e+01            
560       8.612559528431e+00            4.497712889151e+00            6.680355091856e+00            -3.052804652160e+00           
570       3.676869616834e+01            -3.486376353467e+01           -2.596468606502e+00           1.138917735809e+01            
580       2.202745066689e+01            2.030386081345e+01            -8.512579387194e+00           -7.055573166476e-01           
590       3.000956041759e+01            -2.883991642150e+01           3.199909721453e+00            7.654640098154e+00            
600       2.096134720801e+01            1.656347946417e+01            -7.728475928234e+00           1.026157320500e+01            
610       1.612700349962e+01            5.732068594915e+00            1.708177381697e+00            1.497684083952e+01            
620       1.692688751397e+01            -1.520430674028e+01           3.038523574866e+00            6.790872693790e+00            
630       5.059173149196e+01            3.247144617845e+00            -1.385832146561e+01           4.854818506742e+01            
640       4.762586603637e+01            2.170825455167e+01            3.590859457906e+01            2.252881788711e+01            
650       1.970415340374e+01            1.149976855726e+01            9.234990501182e+00            1.306613695514e+01            
660       3.781181653829e+01            -2.712971512728e+01           1.155333311615e+01            -2.366923152419e+01           
670       3.271373380623e+01            5.916771207965e+00            3.169278496431e+01            -5.545049974861e+00           
680       2.448346540248e+01            2.043239656668e+01            -6.642762001343e+00           -1.174014316991e+01           
690       3.664738966825e+01            -1.584754207253e+01           -2.040801313365e+01           2.598845089059e+01            
700       4.563587753338e+01            -9.907103038673e+00           -4.262949781678e+00           4.434309288696e+01            
710       2.056624169391e+01            6.751329754648e-01            -1.374354757311e+01           1.528494007131e+01            
720       2.009966829806e+01            2.008413276746e+01            -5.060932535875e-01           6.067505993390e-01            
730       1.881615356408e+01            5.381058701590e+00            -5.605170406403e+00           -1.713691649371e+01           
740       4.145772230822e+01            1.261471676042e+01            -3.928924963210e+01           3.995813232142e+00            
750       2.697070730420e+01            -3.178586293205e+00           1.527635173264e+01            2.199883450109e+01            
760       2.602673036611e+01            -5.455651765643e+00           -2.542470667684e+01           -1.100385277655e+00           
770       1.834049623048e+01            1.647532563385e+01            -9.185830695718e-01           8.005851134208e+00            
780       1.890617153948e+01            1.551715376858e+01            3.946831077295e+00            1.005404324886e+01            
790       2.047495001084e+01            -1.687599947128e+00           1.504732009955e+00            -2.034972643411e+01           
800       1.815372270067e+01            7.030445206749e+00            1.556788377585e+01            -6.145850862940e+00           
810       2.261732509816e+01            -2.142470853959e+01           -3.831718484918e+00           -6.151682049820e+00           
820       3.181727998557e+01            -4.785895817722e+00           -2.271700429638e+01           2.175711889705e+01            
830       1.982594632508e+01            -1.072231580580e+01           1.343370608241e+01            9.881074452564e+00            
840       8.943401810998e+00            3.098153006438e+00            -6.633493954481e+00           -5.136403591768e+00           
850       1.487944384907e+01            1.380965627309e+01            1.935912700048e+00            5.190711405432e+00            
860       2.018590957962e+01            1.968015215425e+00            -1.992153204426e+01           -2.594305818073e+00           
870       1.717539211695e+01            -1.446656309600e+01           -9.221931852100e+00           -8.176915528767e-01           
880       3.549846914376e+01            -2.418627105933e+01           6.496728471655e+00            2.515865900561e+01            
890       3.325491875215e+01            -3.182735078987e+01           5.234713166348e+00            8.093648187134e+00            
900       3.163796951670e+01            2.419097868386e+01            -1.902839254720e+01           7.326523222262e+00            
910       2.788390126823e+01            -4.930507109334e+00           -2.472422049012e+01           -1.191280700493e+01           
920       3.395974321706e+01            -1.851962210388e+01           -2.308032309108e+01           1.666092561983e+01            
930       5.680483378152e+00            7.989427705603e-02            -5.666013811640e+00           3.972351951382e-01            
940       4.179235219658e+01            3.067635811997e+01            -2.551616356005e+01           1.242928605330e+01            
950       1.312642428691e+01            -3.746807686569e-01           4.452621097381e+00            1.234247925843e+01            
960       2.839490383666e+01            1.508765341533e+01            -7.225624265987e+00           2.294392364611e+01            
970       5.081215840058e+01            2.213731977939e+00            -5.060981695573e+01           -3.952373940170e+00           
980       2.716189630242e+01            4.156424299289e+00            -2.681708814106e+01           1.156084522126e+00            
990       3.828249299452e+01            -1.393757527915e+01           -1.458300698337e+01           3.253658206599e+01            
1000      6.919472377763e+00            4.219252057492e+00            -5.482992213785e+00           -1.175008321076e-01           
1010      1.247899651895e+00            7.308679181034e-01            -6.603493271938e-01           7.661751715905e-01            
1020      1.323148774323e+01            -8.982935148637e-01           1.132597180779e+01            -6.781423100610e+00           
1030      2.600313047437e+01            1.655251368285e+01            -1.100362895452e+01           -1.676595464259e+01           
1040      4.268073940672e+01            -3.176122991518e+01           -2.805859872128e+01           5.058144756474e+00            
1050      1.514216801414e+01            -5.305045740325e+00           -1.455564024371e+00           -1.410755383589e+01           
1060      1.044041938888e+01            2.773977644374e+00            8.207040824300e+00            -5.826824688677e+00           
1070      5.264674690476e+01            1.145188679887e+01            3.945232422428e+00            5.123445510135e+01            
1080      1.955329019887e+01            -3.182311587565e+00           -6.742574960707e+00           -1.807599882330e+01           
1090      2.559815671541e+01            -6.888751615430e+00           -1.222689308431e+01           2.140826508413e+01            
1100      5.356851275615e+01            4.954972582189e+01            -2.029773313962e+01           -1.553144962287e+00           
1110      3.822492957103e+01            -6.345601273108e+00           -1.610433938267e+01           3.408120945977e+01            
1120      2.906167147478e+01            1.580843611390e+01            7.325742870228e+00            2.325956981417e+01            
1130      2.319046782367e+01            -1.867806475313e+01           -7.485850281980e+00           1.152778124855e+01            
1140      3.224197129356e+01            -2.667564403201e+01           -7.589535415765e+00           1.644243535930e+01            
1150      3.983854527886e+01            -3.120981095404e+01           1.384961726045e+00            2.472123118226e+01            
1160      3.499056525772e+01            3.081446550335e+01            4.377839824723e+00            1.598883645757e+01            
1170      4.696593873240e+01            -4.108298054890e+01           6.104436489502e-01            -2.275116411936e+01           
1180      2.564069625214e+01            -1.812266853555e+01           8.208438097125e+00            1.617515791116e+01            
1190      4.729757995610e+01            -2.710449264456e+01           1.077919190116e+01            3.723192944427e+01            
1200      4.859755153396e+01            -1.163968252307e+01           -3.023006924186e+01           3.622682320450e+01            
1210      2.827110933047e+01            -2.143285746216e+01           3.100631189584e+00            1.817345124097e+01            
1220      3.082553957632e+01            3.317556217516e+00            2.630075073630e+01            1.573144054502e+01            
1230      4.255911288532e+01            3.574294347972e+01            -1.540867558622e+01           1.721315769027e+01            
1240      3.799210400214e+01            2.802851319823e+01            1.158936135348e+01            2.287988456756e+01            
1250      1.158282903728e+01            6.738607618301e+00            -9.030941709759e+00           2.682384705507e+00            
1260      3.131902187749e+01            3.740199449724e+00            -2.749111052397e+01           1.453034347832e+01            
1270      2.395782448056e+01            2.134588682430e+01            9.767848379678e+00            -4.787442694941e+00           
1280      1.945379595836e+01            1.244763122892e+01            -1.158354107998e+01           9.451361279024e+00            
1290      2.747870895936e+01            1.882301472818e+01            1.469052030978e+01            -1.360007998666e+01           
1300      1.085824287961e+01            2.381224758507e+00            -7.648857866997e+00           -7.329814486912e+00           
1310      1.997862090804e+01            -1.471269223461e+01           1.675349057079e-01            1.351495144838e+01            
1320      5.894502435960e+00            5.133094038347e+00            -8.273806971405e-01           2.777039024399e+00            
1330      2.798903512324e+01            -2.627002028514e+01           7.934841511451e+00            -5.505489218645e+00           
1340      2.535094556215e+01            -1.426737533716e+01           1.721675155059e+01            1.194553924813e+01            
1350      2.177624361903e+01            1.920397485425e+01            9.637099496494e+00            -3.540967275641e+00           
1360      2.904150190069e+01            -1.464335679534e+01           -8.829368489375e+00           2.347388307228e+01            
1370      3.254931199712e+01            -7.728611699206e-03           9.211652173505e-01            3.253627370177e+01            
1380      4.049799418509e+01            -2.277399141447e+01           -1.298542007256e+01           3.086764833298e+01            
1390      3.749739819738e+01            4.268308143863e+00            -1.908211399153e+01           -3.199545815856e+01           
1400      2.811614446502e+01            6.181131747169e-03            -1.794397609142e+01           2.164558299982e+01            
1410      1.806731780988e+01            -1.022285734827e+01           -1.487232965923e+01           8.573044892270e-01            
1420      3.913516406159e+01            -3.142636069007e+00           -2.088460508209e+01           3.294720284380e+01            
1430      1.119804126538e+01            -3.843246194831e-01           -7.353838389378e+00           8.436200786553e+00            
1440      2.715033393789e+01            1.586186933287e+01            2.119551305113e+01            6.024280928485e+00            
1450      2.303171516737e+01            1.462682521400e+01            3.503197898497e+00            -1.744257699407e+01           
1460      1.239936353569e+01            -1.038582865536e+01           -5.137551532441e+00           4.414107325729e+00            
1470      2.529450594828e+01            -1.535210995987e+01           1.286185705248e+01            1.544983443631e+01            
1480      2.951634607025e+01            2.052440275955e+01            -1.559326841299e+01           -1.438101376479e+01           
1490      1.441599258657e+01            -8.200012897394e+00           -9.909277745306e+00           6.510518051961e+00            
1500      1.310860035708e+01            -2.401150238911e+00           -1.640901991888e+00           1.278191384359e+01            
1510      2.048763735551e+01            1.054827754710e+01            1.079738342285e+01            1.385256786376e+01            
1520      1.969285994817e+01            1.423980472921e+01            -1.277038339090e+01           -4.685509818773e+00           
1530      2.191907838815e+01            -8.615526380279e+00           1.638944097414e+01            1.173051265427e+01            
1540      1.716097623052e+01            -7.587525398560e+00           -9.193888806612e+00           1.234507886254e+01            
1550      1.647832130631e+01            -1.089822981315e+00           -1.593076879795e+01           -4.069147877574e+00           
1560      3.785026173949e+01            -3.546626504890e+00           -1.624409573072e+00           3.764870579079e+01            
1570      1.444179175350e+01            -1.253130664509e+01           -6.234226056558e+00           -3.558950448364e+00           
1580      1.640096996320e+01            -6.092919855927e+00           1.358535194057e+01            6.877961617656e+00            
1590      2.609792594069e+01            -1.710597375092e+01           -5.335429844475e+00           1.897420851612e+01            
1600      3.838595555778e+01            -1.458158506772e+01           -2.341358626700e+01           2.669574758485e+01            
1610      2.647156389841e+01            -5.710600115542e+00           -1.369999937067e+01           2.191900451188e+01            
1620      3.084409308102e+01            -2.742944246445e+01           2.065982793275e+00            1.395404884533e+01            
1630      9.358880345134e+00            6.928069048380e+00            4.909762849547e+00            3.935064082913e+00            
1640      1.838133250006e+01            1.291085483651e+01            -8.034088638766e+00           -1.032650142171e+01           
1650      2.377399283319e+01            7.360761996943e+00            1.784888998908e+01            1.387224005757e+01            
1660      2.685765089677e+01            -2.291863859489e+01           1.391123442643e+01            -1.595923990137e+00           
1670      2.203585921458e+01            -1.778430548201e+01           -7.687334399832e+00           1.049773593077e+01            
1680      1.022217483346e+01            -7.281988109328e+00           5.749462942301e+00            -4.290592427215e+00           
1690      2.104484850341e+01            -1.989911144747e+01           -5.840954590016e+00           3.576906709713e+00            
1700      2.837941364287e+01            8.826563388935e+00            -1.737530141262e+01           2.062963398306e+01            
1710      1.834299269974e+01            -1.595926654895e+01           4.313684053435e+00            -7.947283956761e+00           
1720      2.870687360594e+01            -2.562317548418e+01           -2.534692786869e+00           -1.269302181556e+01           
1730      4.666530185451e+01            -1.735261722531e+01           -3.808744291195e+01           2.063695144717e+01            
1740      2.577933767133e+01            1.963203789869e+01            -1.012694224867e+01           -1.328918279688e+01           
1750      1.769537910645e+01            1.177639165374e+01            7.846784340020e+00            1.062407722392e+01            
1760      2.322568649676e+01            1.375879515660e+01            1.867494283833e+01            1.172424440968e+00            
1770      1.202062054857e+01            1.710518926951e-01            1.921056155223e-01            1.201786815767e+01            
1780      2.779197122111e+01            -1.747516235793e+01           -1.331134416378e+01           1.702411470451e+01            
1790      2.781910510699e+01            -1.439242371388e+01           2.193208665831e+01            9.259823076408e+00            
1800      2.158494395295e+01            -1.857163601228e+01           -1.076403841539e+01           -2.267072621525e+00           
1810      1.560802546781e+01            -4.135969401692e+00           -5.561861819742e+00           1.398463117891e+01            
1820      2.743517696505e+01            -2.048039691883e+01           -7.063882276498e+00           1.683282045096e+01            
1830      3.793781765626e+01            6.500279690731e+00            2.324011914476e+01            2.927321701828e+01            
1840      1.982699485713e+01            -3.804063379047e+00           1.942832426880e+01            -1.085837455185e+00           
1850      2.383598599412e+01            1.861284053254e+00            2.367025112778e+01            2.099776543548e+00            
1860      2.555887819160e+01            -8.411734283830e+00           -1.280480404035e+01           2.045815177965e+01            
1870      1.909081463228e+01            1.493886508324e+01            -9.421252303224e-01           1.184913133521e+01            
1880      2.882795367932e+01            5.651375495361e+00            2.026920690677e+01            1.970462178571e+01            
1890      2.116547607998e+01            -1.951157359091e+01           -1.857874942884e-01           8.200082725557e+00            
1900      1.817214734758e+01            -3.387699491449e+00           -1.581744147506e+01           -8.280034816420e+00           
1910      2.909033169099e+01            -1.963926675468e+01           -2.141283021160e+01           1.427340729846e+00            
1920      4.216709006141e+01            2.293118487303e+01            2.638706566164e+00            -3.528826252769e+01           
1930      1.548298745455e+01            5.815125536618e+00            -6.216955647899e-01           1.433599351757e+01            
1940      3.375190630957e+01            -1.201593735712e+01           2.460691239677e+01            -1.973089686906e+01           
1950      1.991710038513e+01            9.169284669523e+00            -1.641600634508e+01           6.567331427520e+00            
1960      2.310787655549e+01            -2.089309935751e+01           -9.868565121406e+00           -2.525481841164e-01           
1970      1.156060875963e+01            -8.926439798433e+00           5.741709101583e+00            -4.582480115728e+00           
1980      2.519458436113e+01            7.289027792630e+00            2.387772110228e+01            3.389924767569e+00            
1990      1.651948793790e+01            6.824602773143e+00            -1.384825611453e+01           -5.877421314275e+00           
2000      2.248074385575e+01            1.136951555795e+01            2.892590140796e+00            1.917683192195e+01            
2010      3.526962520156e+01            4.727480918126e+00            -2.019983524506e+00           3.489293700146e+01            
2020      4.525330064286e+00            -1.956886946946e+00           3.508582668991e+00            -2.083039443328e+00           
2030      2.486911103785e+01            2.484236768850e+01            1.373305421356e-02            -1.152936618058e+00           
2040      6.723927492679e+01            -4.483245792389e+01           1.080543559464e+01            -4.893274334015e+01           
2050      1.913375963178e+01            1.603491467199e+01            -1.657951609742e+00           1.030696199510e+01            
2060      3.139864863091e+01            -5.771981356562e+00           2.262702583651e+01            2.098992779550e+01            
2070      1.256022587515e+01            1.237573721973e+00            -8.844459273854e+00           8.831943470749e+00            
2080      3.310605110880e+01            3.421199695046e-01            -1.174221315515e+01           3.095180130725e+01            
2090      3.961827454431e+01            3.921649116616e+00            -1.704785186050e+01           3.554713902717e+01            
2100      1.177946367206e+01            -5.727645111997e+00           7.168354973456e+00            7.386780952958e+00            
2110      2.620358411808e+01            1.435927823338e+01            -2.191844964940e+01           -1.432278489054e-01           
2120      2.011687005860e+01            -6.721849115533e+00           -1.109865899141e+01           1.537286486036e+01            
2130      3.155521168433e+01            1.647110686108e+01            -2.638611980797e+01           -5.310998464826e+00           
2140      2.876099467463e+01            2.525427871854e+00            -6.291173932331e+00           -2.795063790491e+01           
2150      2.076938151012e+01            1.810147232588e+01            3.689511350505e+00            -9.491649695527e+00           
2160      2.464336286690e+01            -2.358954050571e+00           -5.469476348893e+00           2.391266395962e+01            
2170      1.330962078177e+01            6.308846765290e+00            -8.361174740807e+00           -8.211894714391e+00           
2180      2.113409453698e+01            3.459219416898e+00            -7.287592712525e+00           1.953393829672e+01            
2190      3.569788083406e+01            -1.980688515513e+01           -2.348131717053e+01           1.818388683509e+01            
2200      2.895588045249e+01            -1.895816962672e+01           1.195402084720e+01            -1.833390855132e+01           
2210      1.885999972444e+01            2.615369797341e+00            -1.866272427907e+01           7.497685723814e-01            
2220      3.311537636849e+01            -2.059644397510e+01           2.434145080300e+01            8.939150989486e+00            
2230      5.028649620004e+01            -3.961011661554e+01           -2.322436179993e+01           2.050364310961e+01            
2240      2.709599985319e+01            -1.013175657018e+01           8.511831241162e+00            2.364507233588e+01            
2250      2.629131107444e+01            1.030052387309e+01            5.568794552558e+00            2.353977003253e+01            
2260      1.476120784648e+01            1.403993962869e+00            8.234012123693e+00            1.217058348585e+01            
2270      2.759820503931e+01            9.989225322489e+00            5.909602860793e+00            2.503902739477e+01            
2280      5.532293820223e+01            -6.573779757135e+00           5.775593273581e+00            5.462650852261e+01            
2290      4.145651998163e+01            1.721880589148e+01            -3.286579939924e+01           -1.849310689171e+01           
2300      3.092363439780e+01            -1.075449387155e+01           -2.277801802715e+01           1.793805788513e+01            
2310      3.139136350244e+01            -1.834583080723e+01           -2.494107669090e+00           2.535010101498e+01            
2320      7.536415810207e+00            2.802491799443e+00            -6.734253895947e+00           1.895633784070e+00            
2330      3.242905343235e+01            -1.249730451405e+01           -2.458539005326e+01           1.705929313689e+01            
2340      3.490000913639e+01            -3.063040673098e+01           1.660442719913e-01            1.672606500392e+01            
2350      4.366678827719e+01            -2.458051371842e+01           -2.944062495403e+01           2.087669384982e+01            
2360      2.287563256628e+01            -2.152211976830e+01           6.315189496581e+00            -4.495698789837e+00           
2370      2.947646455126e+01            -2.670702686310e+01           2.815331317184e+00            1.215197877508e+01            
2380      4.006227719812e+01            -1.005125321162e+01           2.699603692671e+01            -2.784191720099e+01           
2390      3.073240473354e+01            -1.754237452650e+01           -1.523061818091e+01           -2.011899765162e+01           
2400      8.998689197757e+00            -2.594137957196e+00           7.900856528347e+00            3.438505730014e+00            
2410      2.521818834359e+01            2.954023307399e+00            2.429058564967e+01            -6.099034220933e+00           
2420      3.888802891438e+01            1.169624994918e+01            -1.082073369108e+01           3.547376851081e+01            
2430      5.144268821311e+01            -2.199016159498e+01           1.406126688660e+01            4.432903943423e+01            
2440      2.189164139694e+01            2.410118803901e+00            8.729813395101e+00            1.993052052732e+01            
2450      8.030868502374e+00            -3.056109760567e+00           -3.934483521613e+00           6.298800000948e+00            
2460      2.646287555275e+01            -2.632017454998e+01           -1.062198996668e+00           -2.530598243536e+00           
2470      3.482544573048e+01            -2.647558338709e+01           -1.785221297976e+01           -1.389797274301e+01           
2480      3.403065371074e+01            -7.128341141185e-01           -2.433545097598e+01           2.377736497810e+01            
2490      1.773865368887e+01            3.985928846506e+00            -1.704287883590e+01           -2.883138378385e+00           
2500      1.162913462727e+01            5.841797094327e+00            -7.816249022727e+00           -6.325854100646e+00           
2510      9.212893433008e+00            3.063183536618e-01            -9.185731287528e+00           6.371147365217e-01            
2520      1.770504102177e+01            6.651575801803e+00            -2.654610442833e+00           1.619191342406e+01            
2530      1.363253973959e+01            1.188914894255e+01            -9.435104044183e-01           -6.603337435729e+00           
2540      1.859682759379e+01            6.989942159401e+00            -1.696287506169e+01           3.040324785752e+00            
2550      2.005147920620e+01            -1.932289454982e+00           1.244810303952e+01            1.560041046050e+01            
2560      3.340484962261e+01            -7.270615559788e+00           1.865021818791e+01            2.674306432020e+01            
2570      2.424054871533e+01            -2.197073712875e+01           -9.419753538935e+00           4.019845184254e+00            
2580      3.148869508504e+01            -1.112838196038e+01           -8.015760718141e+00           2.834509857474e+01            
2590      9.602762189986e+00            6.260432645979e+00            6.186709002183e+00            -3.839877144505e+00           
2600      9.834566294832e+00            -2.571222928127e+00           -8.281380253527e+00           -4.639638774498e+00           
2610      5.642771973100e+01            3.338800122539e+00            -4.364727940310e+01           3.560695112600e+01            
2620      3.436108766904e+01            -3.284585055081e+01           -1.856448952052e+00           9.919074789590e+00            
2630      2.128796526794e+01            -5.479984491669e+00           -1.879872646982e+01           -8.351952965223e+00           
2640      2.749982100005e+01            -4.724152273535e+00           -1.697343468294e+01           2.111456974213e+01            
2650      1.770401019247e+01            -1.055096804589e+01           1.412169899494e+01            -1.639105757983e+00           
2660      2.503637189974e+01            -1.780997564160e+01           -4.977117268297e+00           -1.687758837171e+01           
2670      2.559250979033e+01            1.608508906137e+00            -8.890601896598e+00           -2.394465398336e+01           
2680      3.700326560830e+01            -1.368869660466e+01           -2.518501546798e+01           2.340034715174e+01            
2690      5.634423161992e+00            -3.555827229027e+00           6.058455225481e-01            4.328483370478e+00            
2700      1.522731120168e+01            -1.931049040852e+00           -1.499784821771e+01           -1.790699548529e+00           
2710      1.924626409579e+01            -1.135694232996e+01           1.289050979964e+01            8.676018652839e+00            
2720      1.802526766713e+01            -1.073979167999e+01           -1.417897140461e+01           2.919575148738e+00            
2730      4.665792881014e+01            1.250603233474e+01            5.131597263365e+00            4.465678207866e+01            
2740      3.310859600015e+01            8.859202598196e+00            -2.752583072556e+01           1.612520701552e+01            
2750      2.567140852627e+01            -1.788685714965e+01           -1.093664484548e+01           1.481456568903e+01            
2760      1.618712404904e+01            -1.451220431437e+01           2.009096616570e+00            6.883490517336e+00            
2770      3.759809235756e+01            2.806727853270e+01            1.532726941683e+01            1.977167764553e+01            
2780      2.259975427378e+01            1.694429507859e+01            1.492113183327e+01            9.997911476936e-01            
2790      2.261897244172e+01            -1.568443722605e+01           -1.605291103011e+01           2.814318866215e+00            
2800      2.805986134101e+01            -3.538236122795e+00           -5.290958829612e+00           2.732841851039e+01            
2810      1.406264601515e+01            -8.140199090197e+00           -6.193377463476e+00           9.650764079293e+00            
2820      1.536266026944e+01            2.224841910960e+00            -1.190944602330e+01           9.445978215290e+00            
2830      3.389762070122e+01            -2.805105323804e+01           1.124278761504e+01            1.535535177335e+01            
2840      1.787494816333e+01            -6.946153904661e+00           -1.559090675318e+01           -5.309269666159e+00           
2850      3.593104943037e+01            4.856866207971e+00            7.703889284005e+00            3.475775098745e+01            
2860      2.080064574371e+01            1.432849488461e+01            -1.831355617673e+00           -1.496687122611e+01           
2870      1.932893510169e+01            4.039412541927e+00            1.867467219831e+01            -2.923610228325e+00           
2880      2.314719875830e+01            -3.605129753206e+00           -2.234543650869e+01           -4.845339725427e+00           
2890      6.102928582118e+00            2.189629626964e+00            -4.063110538756e+00           -3.992792522158e+00           
2900      5.191823694582e+01            -2.371133264768e+01           -1.036253016074e+01           4.500993224058e+01            
2910      3.263585595792e+01            -9.486778311993e+00           1.660749805834e+01            2.644411351525e+01            
2920      1.012982140368e+01            -3.755786479166e+00           -9.391754760563e+00           -5.498109772746e-01           
2930      9.087404987282e+00            7.861046663729e+00            -2.584540404728e+00           3.755665806470e+00            
2940      3.972267873554e+01            -3.251187084009e+01           4.190314260595e-01            2.281871760350e+01            
2950      1.881543637896e+01            9.730501378662e+00            1.026924756234e+01            1.240485967490e+01            
2960      3.990448960536e+01            4.608089154743e+00            -1.080533502124e+01           3.813631524000e+01            
2970      3.681365113989e+01            5.974916456693e+00            7.271603197158e+00            3.559029461143e+01            
2980      2.651394294907e+01            2.343906723291e+01            -1.053355836914e+01           -6.530194946663e+00           
2990      2.342621130874e+01            4.715890188438e-01            1.328113157422e+01            -1.929187715561e+01           
3000      2.772477560477e+01            -2.356803906857e+01           -1.259695529082e+01           7.384269374707e+00            
3010      2.488193940143e+01            -1.136885922079e+01           -1.539751329998e+01           1.589894753030e+01            
3020      2.530245967880e+01            -1.050017175242e+01           -1.697872841029e+01           1.554617768253e+01            
3030      2.116851651654e+01            9.827369159456e+00            -1.840771868698e+01           3.561572637977e+00            
3040      3.733720099698e+01            3.477391417159e+01            -3.494030794804e+00           -1.313899616717e+01           
3050      1.469117300219e+01            -9.131088966911e+00           -1.147421419888e+01           -8.922931002185e-01           
3060      2.332511538120e+01            -1.411508992948e+00           -2.285509129135e+01           -4.439983330279e+00           
3070      2.526390006925e+01            -1.092859924888e+01           -9.583326060967e+00           -2.066374183868e+01           
3080      4.346426201675e+01            8.247032569067e+00            -3.888888867840e+01           -1.757221852312e+01           
3090      1.582089689291e+01            -3.672455910930e-01           -8.198919261148e+00           1.352566568126e+01            
3100      3.307301846464e+01            -9.211807533881e+00           -2.324962284624e+01           -2.164306331896e+01           
3110      7.322234997674e+00            5.269035098694e+00            -3.531839364009e+00           -3.657663898819e+00           
3120      2.536853972415e+01            1.155030890019e+01            9.539696808244e+00            -2.047308860071e+01           
3130      3.009974802298e+01            -7.200587889640e+00           -2.588156823862e+01           -1.357537441841e+01           
3140      1.314136380319e+01            -1.046053386678e+01           -7.454361995516e+00           -2.775817189518e+00           
3150      2.758973191269e+01            -1.206381092373e+01           2.466274151371e+01            -2.721571979358e+00           
3160      3.680466002976e+01            1.084629905197e+01            4.027503832196e-01            3.516786301313e+01            
3170      2.394499961947e+01            4.222633097038e+00            -1.256765128554e+01           1.993957165210e+01            
3180      4.153904850407e+01            -2.154735918444e+01           -2.916517568837e+01           2.026317817784e+01            
3190      4.981421648297e+01            -1.628634686628e+01           -3.890855831471e+01           2.650160673307e+01            
3200      2.316004552039e+01            -8.065963967329e+00           -2.149393343904e+01           -3.055938334133e+00           
3210      3.791404366833e+01            1.942720157537e+01            2.988753724846e+01            -1.291486211524e+01           
3220      4.655002486358e+01            -3.773699981207e+01           -1.870355756206e+01           1.982424259604e+01            
3230      4.315108410786e+01            -2.227005762148e+01           1.024682468335e+01            3.551145135204e+01            
3240      1.631605318746e+01            -1.560430833343e+01           -4.745673902967e+00           -4.446709546352e-01           
3250      2.949831912248e+01            -8.897266610526e+00           -1.976349566857e+01           2.000984050090e+01            
3260      2.048357030794e+01            -1.617053357646e+01           -2.800915423266e+00           -1.225746177659e+01           
3270      2.073173054216e+01            1.481430549848e+01            1.436203331951e+01            2.018168179227e+00            
3280      2.502466783685e+01            1.521085799057e+01            -1.490816885351e+01           1.313812395172e+01            
3290      3.661339870178e+01            -8.393898272041e+00           1.339730007949e+01            3.302416973784e+01            
3300      2.000400114394e+01            -1.227426292815e+01           1.167136591157e+01            1.064338992500e+01            
3310      3.115691609882e+01            1.316046531649e+00            -1.612814221045e+01           2.662526002042e+01            
3320      2.265394932437e+01            -2.142348017881e+01           -9.294888617832e-01           7.305612053412e+00            
3330      5.762714869583e+01            -4.822716604420e+01           3.149035592307e+01            1.840164665136e+00            
3340      1.808982761295e+01            -5.332465839094e+00           -1.435137270317e+01           9.635599238031e+00            
3350      2.019919839404e+01            -1.407882401281e+01           -6.663170413048e+00           -1.286065667937e+01           
3360      2.727554347142e+01            1.018335954482e+01            -2.772126978686e+00           2.515093978476e+01            
3370      3.036220028398e+01            8.856345847507e+00            -2.004171661792e+01           2.101803842705e+01            
3380      2.643663834889e+01            3.642789412809e+00            3.160368145567e+00            2.599303763834e+01            
3390      2.264937498230e+01            2.240364171961e+01            1.381491701105e+00            3.026963076707e+00            
3400      1.686751723746e+01            -1.929224816715e+00           1.394777945802e+01            -9.287124288654e+00           
3410      4.541889930811e+01            -9.740446895525e-01           2.276258000049e+01            3.929112626312e+01            
3420      2.125327815781e+01            4.393921616015e+00            1.459380156947e+01            1.481270539221e+01            
3430      1.453240992886e+01            -1.221864180030e+01           -5.046732227205e+00           6.035414213061e+00            
3440      3.690816876161e+01            1.144012691843e+01            -1.256109900556e+01           3.276515236037e+01            
3450      2.166012346784e+01            1.823662441801e+01            1.168562380161e+01            1.807618485479e-01            
3460      4.214990716557e+01            -5.601048769564e+00           -1.694269292994e+01           -3.818622897105e+01           
3470      3.046210776100e+01            -2.273760751370e+01           -1.353692125928e+01           1.508949888551e+01            
3480      2.987926184769e+01            -2.800369103419e+01           -1.011261947223e+01           -2.509682138155e+00           
3490      3.079329064925e+01            -4.242198273063e+00           -2.996670890505e+01           -5.676870636295e+00           
3500      1.756971070942e+01            1.380449892730e+01            -5.268620100254e+00           9.506428667913e+00            
3510      2.705470881331e+01            2.659543368020e+01            4.575030575878e+00            -1.925946926763e+00           
3520      2.802081670526e+01            -2.555561255309e+01           9.967669210808e+00            -5.720350196465e+00           
3530      2.390099887507e+01            -3.497329135142e+00           -9.096277117033e+00           2.182393591350e+01            
3540      1.917892899705e+01            -1.126627562664e+00           -1.020364444332e+01           1.620023666133e+01            
3550      4.815418354886e+01            -1.346939557061e+01           3.011929268849e+01            -3.507462022837e+01           
3560      2.314971250569e+01            2.073884182653e+00            -4.470157971379e+00           2.261914855171e+01            
3570      2.919283809187e+01            2.074838137228e+01            -2.363206070500e+00           2.039955203814e+01            
3580      2.542874024375e+01            1.535060749811e+01            7.912035568728e-01            2.025718827366e+01            
3590      4.396519909584e+01            -4.102776923004e+01           -1.461499450775e+01           6.005232641800e+00            
3600      3.100425496045e+01            8.820579856531e+00            -1.053359612599e+01           2.779396605923e+01            
3610      2.490148457762e+01            7.657398573972e+00            2.049760270036e+01            1.188681895155e+01            
3620      1.989303957120e+01            1.479443377579e+01            -1.293859856780e+01           -3.074153499207e+00           
3630      3.148015224860e+01            -2.736850567952e+01           -1.546137173575e+01           1.706126171851e+00            
3640      3.335522817026e+01            1.830578178064e+01            2.761084920066e+01            3.887236307140e+00            
3650      1.411373989255e+01            1.005632415208e+01            -9.000236888816e+00           4.130827307961e+00            
3660      7.034533370933e+00            -6.809723501517e+00           8.924675604327e-01            -1.521784226896e+00           
3670      2.912729132029e+01            7.623167302389e+00            2.377642877812e+01            -1.499892844492e+01           
3680      8.730149351984e+00            -8.631214348760e-01           -6.702740679237e+00           -5.526644233485e+00           
3690      4.742240704776e+01            4.432709992931e+01            -9.234933892514e+00           1.409641436896e+01            
3700      2.472513105445e+01            -2.699282282694e+00           2.052549907283e+01            1.351850097567e+01            
3710      2.635301962289e+01            5.283221041614e+00            -2.420496915067e+01           -8.982688188112e+00           
3720      2.572880794715e+01            -6.182325081476e+00           1.221567343416e+01            2.178365757898e+01            
3730      3.483111227684e+01            -3.148702333801e+01           -1.465501439027e+01           -2.646563238332e+00           
3740      2.213663401844e+01            -1.422605506911e+01           6.521570721642e+00            1.565627791525e+01            
3750      3.414455154051e+01            7.709835215661e-01            3.152238740553e+01            1.309943039096e+01            
3760      1.146953392203e+01            7.354106934223e+00            1.931403690696e+00            8.587025059478e+00            
3770      2.857330420718e+01            2.136202321491e+01            1.153682753377e-01            1.897588911337e+01            
3780      2.456095118793e+01            2.303563017504e+01            -8.451159647331e+00           -1.085341563833e+00           
3790      1.412452270888e+01            1.921694016215e+00            1.380005350880e+01            2.316842035173e+00            
3800      2.033937145542e+01            3.578130752504e+00            4.665433460549e+00            1.947102314068e+01            
3810      2.381048114924e+01            2.847817143834e+00            -1.002193466606e+01           2.141003913174e+01            
3820      8.256117018660e+00            -5.682250284878e+00           -3.483499373074e+00           4.872446207358e+00            
3830      1.960829704974e+01            1.463673092840e+01            -4.400662467058e+00           1.228354959983e+01            
3840      1.895338774885e+01            8.658889076258e+00            -1.656039719013e+01           -3.163509448115e+00           
3850      8.315836444602e+00            -7.273397810854e+00           -5.951044882222e-01           3.987062917303e+00            
3860      4.620390915698e+01            -3.480515371147e+01           1.008545049840e+01            2.866506906936e+01            
3870      8.423649687991e+00            -4.195771288484e+00           6.505751524371e+00            -3.320929758948e+00           
3880      1.540739533596e+01            -7.130576607255e+00           -1.252479172530e+01           -5.447228701323e+00           
3890      3.402052568693e+01            1.634493215098e+00            -2.686141947567e+00           3.387490577673e+01            
3900      2.331026843110e+01            1.666436415892e+01            7.465053208813e+00            1.448932579861e+01            
3910      1.952914378069e+01            8.734387133018e+00            -1.284934567468e+01           1.183183223132e+01            
3920      2.172913948190e+01            -7.727598765564e+00           -4.862050485091e+00           1.971801676191e+01            
3930      3.102433082883e+01            -1.399379187423e+01           -1.297878407629e+01           2.445882368918e+01            
3940      2.934246469592e+01            -2.383503466678e+01           -1.655198564734e+01           -4.347772762585e+00           
3950      1.944844819886e+01            1.603429832448e+01            1.053527006191e+01            3.186141758908e+00            
3960      3.362297694106e+01            1.131970527860e+01            7.965790373839e+00            3.064172048865e+01            
3970      4.056992596625e+01            -3.371114011793e+01           -1.318206450997e+00           2.253309247770e+01            
3980      5.501752479869e+01            2.177051521502e+01            -3.223192335245e+01           3.891112719068e+01            
3990      2.397258988689e+01            2.018263326665e+01            -9.460461440241e+00           8.823040839010e+00            
4000      3.039084243128e+01            1.709011092462e+01            -7.457302314724e-01           2.511922169752e+01            
4010      3.473046435916e+01            -3.324993693040e+01           -8.220445503885e+00           -5.750749902819e+00           
4020      1.359616812478e+01            6.956157474170e+00            1.160435309761e+01            -1.344116831961e+00           
4030      2.048572187835e+01            -1.331716112745e+01           -6.201172704909e+00           -1.427807681259e+01           
4040      2.767464500809e+01            1.090030757126e+01            9.513732140449e+00            2.359148515748e+01            
4050      8.378523153898e+01            -9.697233421558e+00           2.672419729660e+01            7.881463041124e+01            
4060      2.192074184811e+01            -6.712765217779e+00           -1.405097447109e+01           1.542815033357e+01            
4070      1.917253059117e+01            -1.046279636713e+01           -1.455060067926e+01           -6.811449282067e+00           
4080      2.714680238351e+01            1.829191469030e+01            9.210867555063e+00            1.781894091958e+01            
4090      3.246352448301e+01            5.368053837362e-01            1.322541628621e+01            2.964254756082e+01            
4100      2.965912293705e+01            -2.017447591550e+01           -4.693454060909e+00           2.122794346865e+01            
4110      3.022969419709e+01            1.012752495206e+01            -6.206391639642e-01           -2.847599790390e+01           
4120      1.013754345781e+01            3.488513512906e+00            -9.446577937879e+00           -1.167144418178e+00           
4130      2.793164432644e+01            -2.160985563965e+01           9.674922933424e+00            1.481846011718e+01            
4140      3.342151941263e+01            -1.671866661665e+01           -1.287458174987e+01           2.591774085788e+01            
4150      1.930898835809e+01            -1.257113191853e+01           -7.611528290534e+00           1.252470801184e+01            
4160      2.947709310977e+01            1.174861476678e+01            -1.981516189584e+01           1.839098769249e+01            
4170      2.809171165556e+01            -8.657765280444e+00           1.656971761515e+01            2.096739903379e+01            
4180      2.750297370357e+01            -1.750725220438e+01           1.015514793268e+01            1.862210120413e+01            
4190      2.814033071275e+01            2.613696462484e+01            1.041010129768e+01            6.058744053652e-01            
4200      1.901014427180e+01            -1.255730726516e+01           2.375689898828e+00            1.407322695716e+01            
4210      2.125870363737e+01            -1.649202675911e+01           -1.273591879225e+01           4.212114223943e+00            
4220      4.367628806546e+01            2.942219599627e+01            2.099520064908e+01            2.451844349953e+01            
4230      3.188448866368e+01            -4.230481550290e+00           -1.896829755922e+01           2.527701190611e+01            
4240      2.345311262201e+01            6.732262523378e+00            -2.220719723829e+01           -3.400812225977e+00           
4250      2.429106024874e+01            -2.027443640907e+00           3.695750261715e+00            2.392251053493e+01            
4260      2.060648466401e+01            2.041130486141e+01            -2.818743067147e+00           2.460316732449e-01            
4270      1.369112244753e+01            -1.348443011796e+01           -2.333720068614e+00           4.131935486165e-01            
4280      3.159724944880e+01            -3.277887239744e+00           -8.242077159067e+00           3.032671746294e+01            
4290      2.748453378368e+01            -2.395109911718e+01           -4.080840908680e+00           1.284878149333e+01            
4300      2.607120069261e+01            -5.599772653795e+00           2.545573032913e+01            -5.965276110979e-01           
4310      2.426051438373e+01            -4.325903062355e+00           -1.067943184003e+01           -2.134968047611e+01           
4320      3.829430554320e+01            -3.117398684799e+01           -1.037235658536e+01           1.967360159968e+01            
4330      3.132205840503e+01            -1.086432276085e+01           -2.894180896610e+01           5.040786391625e+00            
4340      3.579163236498e+01            1.134087702132e+01            6.950533633397e-01            3.394027631826e+01            
4350      3.536323543836e+01            -8.338838897651e-01           2.151536919953e+01            2.805266380462e+01            
4360      1.614069802206e+01            -1.376250574928e+01           8.113435502074e+00            2.299507011145e+00            
4370      3.367092772433e+01            -1.862979559801e+01           -2.310532995278e+01           1.589986847640e+01            
4380      2.915824218309e+01            1.279478582378e+01            2.573458604312e+01            -4.922156450236e+00           
4390      2.426384769962e+01            -2.060491429143e+01           -9.266165051198e+00           -8.849293614575e+00           
4400      2.000241327536e+01            8.566148501445e+00            7.038847485439e+00            -1.664849130601e+01           
4410      1.207000541302e+01            -4.416008909542e+00           3.131307098747e-01            1.122879535567e+01            
4420      3.105536445975e+01            5.575830602006e+00            -1.525287713486e+01           2.647065382521e+01            
4430      3.214647266650e+01            4.290982557625e+00            -3.524785587534e+00           3.166321304211e+01            
4440      4.298847146460e+01            -1.393089512832e+00           -1.157351858740e+01           4.137779172429e+01            
4450      1.834802743182e+01            -4.475794670220e+00           -8.176565970234e+00           1.580383313134e+01            
4460      1.941976172800e+01            -2.667135216991e+00           -7.813859843098e+00           1.757717638470e+01            
4470      2.595949143159e+01            -1.911319367540e+01           -2.418668169303e-01           -1.756480923200e+01           
4480      1.702449471081e+01            7.926212950734e+00            1.090431814388e+00            -1.502729273276e+01           
4490      1.543235617914e+01            -1.083373779717e+01           -7.639272007237e+00           -7.901219259169e+00           
4500      2.807009392096e+01            -2.037626144054e+00           -1.515181084434e+01           -2.354147150383e+01           
4510      5.027511020913e+01            -1.194381392376e+01           -1.264634493437e+00           4.881938872101e+01            
4520      2.483391284860e+01            1.365073657864e+01            8.958037566361e+00            1.871187273343e+01            
4530      2.865454525330e+01            9.947667572224e+00            -1.981190474550e+01           1.815531062530e+01            
4540      2.251700270034e+01            -1.790695567284e+01           -9.407417485017e+00           9.892261895070e+00            
4550      2.912561854046e+01            -7.484159820485e+00           -2.800195660757e+01           2.859970855311e+00            
4560      5.066308316239e+01            -3.328741590028e+01           -3.188497843732e+01           2.102484454765e+01            
4570      1.112874002122e+01            -4.311664379889e+00           4.848834619072e+00            9.041416237077e+00            
4580      2.258375193634e+01            -9.307295936785e+00           -1.854307511876e+01           -8.919330636734e+00           
4590      3.421843925895e+01            -2.063592735681e+01           -2.723287093137e+01           1.852249518413e+00            
4600      5.277213660160e+01            -4.034834737441e+01           1.198896601927e+01            3.183039364257e+01            
4610      3.905234524069e+01            -9.703478560217e+00           1.422546230236e+01            3.505088294058e+01            
4620      2.546303208235e+01            9.993727835799e+00            1.393302365187e+01            1.882451217661e+01            
4630      1.078961883241e+01            -6.706822094693e+00           5.407458203580e+00            -6.495676078391e+00           
4640      3.403394441031e+01            -9.866545128949e+00           -1.960863809482e+01           2.600888254825e+01            
4650      3.599687825919e+01            3.114693812917e+01            -5.960751529551e+00           1.703270180529e+01            
4660      1.234899603292e+01            -9.274464615905e+00           8.076896062428e+00            -1.116135791973e+00           
4670      1.785326799353e+01            -8.268562585286e+00           1.996748659656e+00            1.569659343973e+01            
4680      2.510332748905e+01            1.745793465505e+01            4.359624360874e+00            -1.750403507865e+01           
4690      1.183676060267e+01            -3.214149873017e+00           7.607695952207e+00            8.479451896055e+00            
4700      2.240972094727e+01            1.917703499467e+01            1.151267204198e+01            1.376700476399e+00            
4710      1.164098243445e+01            -1.870474087064e+00           1.114420204751e+01            2.796526319039e+00            
4720      3.095475166520e+01            -1.553603455120e+01           1.503545419616e+00            -2.673139787309e+01           
4730      1.648035654535e+01            -1.063469492076e+01           1.256795617430e+01            7.428952854105e-01            
4740      1.768068877395e+01            -1.724642541915e+01           2.237366051120e+00            3.187751391871e+00            
4750      1.536347584191e+01            -3.443868312941e+00           2.101488189000e+00            1.482430127796e+01            
4760      1.776591303071e+01            -1.635931848039e+01           -1.518382069244e+00           6.759798855268e+00            
4770      1.943308536015e+01            9.833628755589e+00            -1.656487598409e+01           -2.559186539481e+00           
4780      1.230376256006e+01            4.089568311765e+00            1.049832707850e+01            4.943999667344e+00            
4790      2.154261356748e+01            -2.286090042864e+00           -1.466236122686e+01           1.561643861086e+01            
4800      5.563377315636e+01            -1.258656644599e+01           -1.657269111463e+01           5.159497039376e+01            
4810      3.959891948428e+01            -1.145515850217e+01           2.948418180837e+01            -2.382303068678e+01           
4820      3.234070373591e+01            -2.877020117130e+01           3.428361271237e+00            1.436812380551e+01            
4830      3.677932532208e+01            -6.556754720490e+00           -6.882920900525e+00           3.552960932181e+01            
4840      5.280729215527e+01            4.613348196091e+01            1.033939964366e+01            -2.352464159012e+01           
4850      3.572191376499e+01            1.237354960049e+01            1.939391174836e+01            -2.732812800786e+01           
4860      2.390807743738e+01            -9.330725204357e+00           6.908814262569e+00            2.089980907563e+01            
4870      4.984928959249e+01            -2.846836869914e+01           -1.807334075221e+01           3.671318578577e+01            
4880      2.932601633873e+01            -1.223205907553e+01           -2.664953983141e+01           4.404450550660e-01            
4890      1.725210201605e+01            -5.262522075394e+00           1.017690066151e+01            -1.289851070100e+01           
4900      1.381736152667e+01            -5.184901341115e+00           9.252142210382e-01            1.277420276521e+01            
4910      1.393781386256e+01            -1.354552516738e+01           -2.701218542495e+00           -1.866767685857e+00           
4920      1.597969847589e+01            -7.546632940295e-02           1.580912479209e+01            -2.327367938606e+00           
4930      1.745056275512e+01            -7.805305337186e+00           -1.241130317217e+01           9.463556553019e+00            
4940      3.462318016102e+01            2.665615514297e+01            -1.861803737645e+01           1.189885211714e+01            
4950      1.772766825014e+01            5.031182887647e+00            -1.695647339714e+01           1.198094432998e+00            
4960      3.925219368173e+01            -1.046264041889e+01           1.724876110933e+01            3.367117616726e+01            
4970      3.163023181294e+01            1.760638790054e+01            1.827133188345e+01            1.888504966477e+01            
4980      1.881286437690e+01            1.814268222193e+01            2.144485744554e+00            4.490893981044e+00            
4990      1.601558776028e+01            -1.067065953030e+01           -4.658039669921e+00           1.099721523519e+01            
5000      3.070114785562e+01            1.479930532844e+01            1.191986023328e+01            2.411343968553e+01            
