@    title "Electric Field Projection"
@    xaxis  label "Time (ps)"
@    yaxis  label "MV/cm"
#time      Magnitude                     Efield_X                      Efield_Y                     Efield_Z                   Direction
@type xy
100       -1.451345977783e+02           -1.310668334961e+02           -6.221474838257e+01           3.855112552643e+00            -1.0
200       -1.467300415039e+02           -1.299833984375e+02           -6.719611358643e+01           1.089518356323e+01            -1.0
300       -1.196619949341e+02           -1.121496963501e+02           -3.933853912354e+01           -1.392542552948e+01           -1.0
400       -1.416332397461e+02           -1.368515472412e+02           -3.583121490479e+01           -6.910422801971e+00           -1.0
500       -1.460359954834e+02           -1.054878082275e+02           -9.926313018799e+01           1.859202003479e+01            -1.0
600       -1.585173492432e+02           -1.409955902100e+02           -7.097973632812e+01           -1.448686122894e+01           -1.0
700       -1.291639709473e+02           -9.989834594727e+01           -8.183029937744e+01           2.729847431183e+00            -1.0
800       -1.405163269043e+02           -1.227827224731e+02           -6.828497314453e+01           -2.530767917633e+00           -1.0
900       -1.212042160034e+02           -1.054461822510e+02           -5.807940292358e+01           1.408357143402e+01            -1.0
1000      -1.397378845215e+02           -1.270171813965e+02           -5.824623870850e+01           -8.305680751801e-01           -1.0
1100      -1.342708129883e+02           -1.186529312134e+02           -6.133578491211e+01           1.371333122253e+01            -1.0
1200      -1.215599441528e+02           -1.100398559570e+02           -5.165069580078e+01           -5.057193040848e-01           -1.0
1300      -1.280290832520e+02           -1.071850128174e+02           -6.949377441406e+01           8.569494247437e+00            -1.0
1400      -1.242979660034e+02           -9.899223327637e+01           -7.477777862549e+01           7.668539524078e+00            -1.0
1500      -1.205140686035e+02           -1.090257720947e+02           -5.120604705811e+01           3.868196249008e+00            -1.0
1600      -1.229375381470e+02           -1.062946624756e+02           -6.165114974976e+01           3.770679473877e+00            -1.0
1700      -1.477387695312e+02           -1.292856445312e+02           -7.083734130859e+01           9.697270393372e+00            -1.0
1800      -1.489950714111e+02           -1.278590545654e+02           -7.649076080322e+01           8.692752718925e-01            -1.0
1900      -1.595288238525e+02           -1.450789031982e+02           -6.634352111816e+01           3.070308566093e-01            -1.0
2000      -1.391283874512e+02           -1.131706008911e+02           -7.653968048096e+01           2.628308296204e+01            -1.0
2100      -1.527210540771e+02           -1.229449462891e+02           -8.975154113770e+01           1.236624526978e+01            -1.0
2200      -1.206423187256e+02           -9.801286315918e+01           -7.032678985596e+01           -1.479845166206e+00           -1.0
2300      -1.587094879150e+02           -1.429504547119e+02           -6.885488891602e+01           3.588278532028e+00            -1.0
2400      -1.279779052734e+02           -1.092275848389e+02           -6.208205413818e+01           2.436182022095e+01            -1.0
2500      -1.457152557373e+02           -1.214173126221e+02           -7.240460205078e+01           3.533190536499e+01            -1.0
2600      -1.496132812500e+02           -1.186058425903e+02           -9.093288421631e+01           6.928259372711e+00            -1.0
2700      -1.317899322510e+02           -1.220939331055e+02           -4.949848175049e+01           3.399734497070e+00            -1.0
2800      -1.411747894287e+02           -1.198414001465e+02           -7.374217987061e+01           1.142154502869e+01            -1.0
2900      -1.468134002686e+02           -1.276490936279e+02           -7.136000061035e+01           1.294740486145e+01            -1.0
3000      -1.365064392090e+02           -1.262611312866e+02           -4.691671371460e+01           2.215758705139e+01            -1.0
3100      -1.396630706787e+02           -1.289540863037e+02           -5.354113769531e+01           -3.156634092331e+00           -1.0
3200      -1.384545593262e+02           -1.273849258423e+02           -5.381520843506e+01           6.831498622894e+00            -1.0
3300      -1.354838867188e+02           -1.051612014771e+02           -8.162437438965e+01           2.518862724304e+01            -1.0
3400      -1.653161010742e+02           -1.507459716797e+02           -6.711899566650e+01           1.000534439087e+01            -1.0
3500      -1.389204254150e+02           -1.228106689453e+02           -6.461478424072e+01           -6.430714607239e+00           -1.0
3600      -1.345473022461e+02           -1.177888793945e+02           -6.502496337891e+01           -7.155066728592e-01           -1.0
3700      -1.172370834351e+02           -9.666291046143e+01           -6.417069244385e+01           1.682076644897e+01            -1.0
3800      -1.461564178467e+02           -9.621345520020e+01           -1.059803543091e+02           2.954375648499e+01            -1.0
3900      -1.403401184082e+02           -1.099584426880e+02           -8.652996063232e+01           1.081927776337e+01            -1.0
4000      -1.025102539062e+02           -8.564224243164e+01           -5.633529663086e+01           3.061230182648e-01            -1.0
4100      -1.097070388794e+02           -9.480363464355e+01           -5.278841018677e+01           -1.616439819336e+01           -1.0
4200      -1.237547073364e+02           -9.936015319824e+01           -7.369393157959e+01           -3.462889671326e+00           -1.0
4300      -1.111944503784e+02           -9.933304595947e+01           -4.988446426392e+01           2.948245286942e+00            -1.0
4400      -1.238430480957e+02           -1.088547973633e+02           -5.832098007202e+01           9.294958114624e+00            -1.0
4500      -1.395595397949e+02           -1.118489685059e+02           -8.345444488525e+01           1.425061225891e+00            -1.0
4600      -1.173486404419e+02           -9.347499084473e+01           -6.822648620605e+01           1.944929695129e+01            -1.0
4700      -1.440108489990e+02           -1.218662948608e+02           -6.920712280273e+01           3.313763809204e+01            -1.0
4800      -1.689321899414e+02           -1.428173370361e+02           -8.742053222656e+01           2.233704185486e+01            -1.0
4900      -1.438668975830e+02           -1.359157409668e+02           -4.666151809692e+01           -6.877545833588e+00           -1.0
5000      -1.323301239014e+02           -1.150526657104e+02           -6.421611785889e+01           1.226513671875e+01            -1.0
5100      -1.305051269531e+02           -1.112277603149e+02           -6.481467437744e+01           2.142502784729e+01            -1.0
5200      -1.315079803467e+02           -1.162486724854e+02           -6.125217437744e+01           5.363276481628e+00            -1.0
5300      -1.159170913696e+02           -1.011744079590e+02           -5.593763351440e+01           -8.455341339111e+00           -1.0
5400      -1.421522216797e+02           -1.337829132080e+02           -4.548107147217e+01           -1.551971054077e+01           -1.0
5500      -1.178256607056e+02           -1.041216049194e+02           -5.428771591187e+01           -9.717062950134e+00           -1.0
5600      -1.255323638916e+02           -1.074886322021e+02           -6.461358642578e+01           5.445469379425e+00            -1.0
5700      -1.444625091553e+02           -1.238039627075e+02           -7.162425994873e+01           -2.029681205750e+01           -1.0
5800      -1.134714965820e+02           -1.033457946777e+02           -4.471882247925e+01           -1.398761272430e+01           -1.0
5900      -1.214022064209e+02           -1.134700622559e+02           -4.280920028687e+01           -5.514755725861e+00           -1.0
6000      -1.282206878662e+02           -1.169463729858e+02           -5.255181503296e+01           -1.548171877861e+00           -1.0
6100      -1.333297729492e+02           -1.164330825806e+02           -6.496221160889e+01           2.767072319984e-01            -1.0
6200      -1.233445053101e+02           -1.029103088379e+02           -6.573492431641e+01           1.738549995422e+01            -1.0
6300      -1.574796600342e+02           -1.061553344727e+02           -1.048323135376e+02           5.040910339355e+01            -1.0
6400      -1.233597030640e+02           -1.085248031616e+02           -5.751952362061e+01           1.146680068970e+01            -1.0
6500      -1.122564697266e+02           -9.725927734375e+01           -5.530948257446e+01           9.110927581787e+00            -1.0
6600      -1.224096908569e+02           -9.102421569824e+01           -7.925783538818e+01           2.041860961914e+01            -1.0
6700      -1.310675659180e+02           -1.266235351562e+02           -2.846409416199e+01           -1.830254554749e+01           -1.0
6800      -1.322272491455e+02           -1.150412521362e+02           -6.517321777344e+01           1.417193293571e+00            -1.0
6900      -1.001457748413e+02           -9.109763336182e+01           -4.153435134888e+01           -2.301226615906e+00           -1.0
7000      -1.590758056641e+02           -1.320480651855e+02           -8.822931671143e+01           9.165703773499e+00            -1.0
7100      -1.191615447998e+02           -1.169373474121e+02           -2.144956398010e+01           8.065209388733e+00            -1.0
7200      -1.214778289795e+02           -1.198580169678e+02           -1.872596549988e+01           -6.344841003418e+00           -1.0
7300      -1.462180328369e+02           -1.256465225220e+02           -7.178880310059e+01           2.095314407349e+01            -1.0
7400      -1.109438400269e+02           -1.047098312378e+02           -3.299517440796e+01           -1.599079322815e+01           -1.0
7500      -1.304732360840e+02           -1.114085235596e+02           -6.677388000488e+01           1.235538578033e+01            -1.0
7600      -1.459131927490e+02           -1.318036651611e+02           -6.193764877319e+01           9.065327644348e+00            -1.0
7700      -1.200837478638e+02           -1.091594161987e+02           -4.939408874512e+01           -8.034449577332e+00           -1.0
7800      -1.253112640381e+02           -1.231008300781e+02           -2.213012504578e+01           -7.704320907593e+00           -1.0
7900      -1.057489318848e+02           -9.573146820068e+01           -4.386439895630e+01           9.707594871521e+00            -1.0
8000      -1.238782653809e+02           -1.071604232788e+02           -6.150422668457e+01           8.927376747131e+00            -1.0
8100      -1.357995758057e+02           -1.324357910156e+02           -2.838407325745e+01           -9.830138206482e+00           -1.0
8200      -1.095175781250e+02           -9.259301757812e+01           -5.577561950684e+01           1.759866523743e+01            -1.0
8300      -8.453565979004e+01           -7.373126983643e+01           -4.131503677368e+01           1.744879603386e+00            -1.0
8400      -1.103637695312e+02           -7.930805206299e+01           -7.487754058838e+01           -1.684484100342e+01           -1.0
8500      -1.146514892578e+02           -8.180416107178e+01           -8.023421478271e+01           -3.938701868057e+00           -1.0
8600      -1.194011154175e+02           -1.092707824707e+02           -4.265425491333e+01           -2.229657745361e+01           -1.0
8700      -1.374161682129e+02           -1.290776519775e+02           -4.495746994019e+01           1.417706012726e+01            -1.0
8800      -1.277068557739e+02           -1.088529205322e+02           -6.532146453857e+01           1.389926815033e+01            -1.0
8900      -1.198856887817e+02           -1.048311691284e+02           -5.802802658081e+01           3.968853950500e+00            -1.0
9000      -1.213618392944e+02           -1.123267898560e+02           -4.536958694458e+01           7.279390811920e+00            -1.0
9100      -1.063237075806e+02           -7.792835998535e+01           -7.122216796875e+01           1.262161827087e+01            -1.0
9200      -1.174892501831e+02           -1.071458511353e+02           -4.596521759033e+01           1.451514053345e+01            -1.0
9300      -1.054080886841e+02           -8.068199920654e+01           -6.747492218018e+01           -6.958086967468e+00           -1.0
9400      -1.138249740601e+02           -1.090036926270e+02           -2.881883430481e+01           1.561393070221e+01            -1.0
9500      -1.502273864746e+02           -1.080373306274e+02           -9.890276336670e+01           3.338329696655e+01            -1.0
9600      -1.190067367554e+02           -1.080717315674e+02           -4.696160125732e+01           1.666471481323e+01            -1.0
9700      -1.099112701416e+02           -1.054236679077e+02           -2.893892097473e+01           1.135239028931e+01            -1.0
9800      -1.242359390259e+02           -1.118208541870e+02           -5.284680557251e+01           1.174225425720e+01            -1.0
9900      -1.278416366577e+02           -1.151333160400e+02           -5.300397491455e+01           1.668476676941e+01            -1.0
10000     -1.064277496338e+02           -9.281175231934e+01           -4.665637969971e+01           2.315222740173e+01            -1.0
