@    title "Magnitude of Electric Field"
@    xaxis  label "Residues"
@    yaxis  label "MV/cm"
#time     EField_per_residue            Std.Deviation         EField_residue_alignement   Std.Deviation
@type xydy
21        9.077177714565e-01            4.212116287572e-01            0.006969            0.005921                      
22        3.115935698656e+00            1.220832483841e-01            0.037591            0.002402                      
23        1.001142769730e+01            4.801485295652e-01            0.120668            0.008746                      
24        2.086834933562e-01            3.178179420400e-02            0.002440            0.000412                      
25        2.967289651243e-01            4.687830121784e-02            0.003318            0.000644                      
26        4.514753646661e-01            1.869914353747e-02            0.005435            0.000345                      
27        7.260386769329e-01            2.958071345422e-02            0.008728            0.000553                      
28        3.772278540616e-01            1.828432897723e-02            0.004501            0.000303                      
29        3.979445118369e-01            1.251961197741e-02            0.004787            0.000269                      
30        6.219451828326e-01            2.051558366694e-02            0.007475            0.000430                      
31        6.431204614831e-01            6.913694620094e-02            0.007648            0.000921                      
32        4.454885217581e-01            1.565705885719e-02            0.005353            0.000336                      
33        3.909723309662e-01            1.315645709764e-02            0.004705            0.000288                      
34        2.126862317917e-01            4.244845482659e-02            0.002241            0.000495                      
35        2.193206125502e-01            2.173868001671e-02            0.002576            0.000288                      
36        2.954028689314e-01            1.580893028358e-02            0.003554            0.000257                      
37        1.734296220162e-01            5.139905801216e-02            0.000642            0.000463                      
38        1.525713543261e-01            2.374540923098e-02            0.001798            0.000308                      
39        2.243053010785e-01            2.952598785641e-02            0.002677            0.000372                      
40        1.065639242161e-01            1.224323122922e-02            0.001273            0.000165                      
41        1.356569757026e-01            1.601289284732e-02            0.001622            0.000216                      
42        7.914759620106e-02            4.406417754824e-02            0.000818            0.000580                      
43        1.832943746773e-01            1.979615062683e-02            0.002195            0.000277                      
44        1.378860058115e-01            1.794293742675e-02            0.001648            0.000245                      
45        1.117285970624e-01            1.513269080074e-02            0.001339            0.000196                      
46        6.840622989642e+00            7.981343507956e-02            0.082620            0.004123                      
47        3.110433594576e-02            1.469863764193e-02            0.000324            0.000199                      
48        3.261076645125e-01            1.448019508686e-02            0.003934            0.000257                      
49        4.869851644251e+00            4.235956079119e-02            0.058813            0.002886                      
50        3.343347191175e-01            1.479182707273e-02            0.004034            0.000266                      
51        3.769542313696e-01            1.304612659666e-02            0.004548            0.000283                      
52        7.101291503572e+00            6.106008587615e-02            0.085767            0.004193                      
53        5.876840642616e-01            2.400087900583e-02            0.007094            0.000448                      
54        6.691935417258e-01            2.710991653598e-02            0.008072            0.000500                      
55        1.242280127553e+00            5.492348435571e-02            0.014992            0.001000                      
56        1.284678305631e+00            4.316656967914e-02            0.015500            0.000875                      
57        1.122449599251e+00            7.644177039937e-02            0.013530            0.001099                      
58        2.058028533889e+00            7.678746428229e-02            0.024814            0.001504                      
59        3.432548738795e+00            8.767553992025e-02            0.041418            0.002207                      
60        4.319427733995e+00            1.964890917219e-01            0.052117            0.003340                      
61        1.876398728360e+00            4.284243604249e-01            0.022026            0.005465                      
62        1.081645437704e+01            7.871750601103e-01            0.129895            0.010479                      
63        2.972876991173e+01            2.090267615739e+00            0.358040            0.023494                      
64        2.884099007832e+00            3.059578351486e-01            0.034712            0.003770                      
65        8.290026861746e-01            1.448653330712e-01            0.009935            0.001797                      
66        3.725834594195e-01            1.200057557575e-01            0.004295            0.001520                      
67        3.793909509356e-01            4.380838439109e-02            0.004544            0.000576                      
68        1.301154643855e+01            1.645876897915e-01            0.157142            0.007693                      
69        7.240096923375e-01            2.342043881854e-02            0.008724            0.000509                      
70        7.988610344589e-01            8.041428193752e-02            0.009608            0.001069                      
71        1.080485432427e-01            2.817363992705e-02            0.001227            0.000360                      
72        3.581134610344e-01            7.621444696418e-02            0.004221            0.001051                      
73        2.615224940935e-01            2.440031700321e-02            0.003135            0.000364                      
74        5.261119654066e+00            7.168507866688e-02            0.063531            0.003095                      
75        1.970615757391e-01            1.503394228612e-02            0.002368            0.000214                      
76        2.086556091587e-01            2.097674982410e-02            0.002510            0.000289                      
77        7.155413484988e+00            1.007480079633e-01            0.086425            0.004454                      
78        2.555403268099e-01            2.462126018346e-02            0.003068            0.000341                      
79        8.900074880019e-02            2.554104945034e-02            0.000971            0.000328                      
80        4.662442513508e-01            5.421756466073e-02            0.005583            0.000715                      
81        4.107770194034e-01            4.816176707096e-02            0.004891            0.000635                      
82        7.696011450821e-02            3.523845841539e-02            0.000345            0.000271                      
83        1.304115331448e-01            5.268605407391e-02            0.000859            0.000607                      
84        8.144118185971e-01            1.208850446340e-01            0.009345            0.001617                      
85        4.382427068557e-01            9.143513475223e-02            0.004508            0.001140                      
86        9.621585750669e-01            5.868645657504e-02            0.011314            0.000902                      
87        1.486898686598e+00            1.287425982046e-01            0.017824            0.001795                      
88        3.106305972883e+00            2.974022402644e-01            0.036436            0.003937                      
89        1.372137025036e+00            2.031741372305e-01            0.015590            0.002402                      
90        1.747865597283e+00            1.115714623568e-01            0.020960            0.001698                      
91        1.920802848527e+00            1.409441650546e-01            0.022939            0.001990                      
92        8.174393825911e+00            4.136267393529e+00            0.035758            0.022870                      
93        1.353624058693e+00            1.622983512916e-01            0.016101            0.002086                      
94        1.076446369423e+00            7.784579119681e-02            0.012849            0.001098                      
95        3.656680597326e-01            1.444312423534e-01            0.002738            0.001736                      
96        3.600715918311e+00            1.341992967322e+00            0.022538            0.013800                      
97        1.427397601778e+01            6.280365459100e-01            0.172182            0.009994                      
98        1.828354772440e-01            5.522416262360e-02            0.001905            0.000688                      
99        1.395902684969e+00            8.112425827389e-02            0.016797            0.001157                      
100       1.010122380747e+00            6.820285539189e-02            0.012158            0.000989                      
101       2.852013590132e-01            1.145143775934e-01            0.001460            0.001098                      
102       2.074057422498e-01            2.750048485173e-02            0.002455            0.000351                      
103       7.772881807703e-01            2.545260829969e-01            0.004172            0.002415                      
104       6.852796871069e-01            2.670973240056e-02            0.008244            0.000497                      
105       3.039390349228e-01            2.211057140619e-02            0.003655            0.000332                      
106       3.416215238194e-01            2.657424054297e-02            0.004016            0.000361                      
107       2.874467050663e-01            1.835264350838e-02            0.003454            0.000266                      
108       2.962729929165e-01            1.511007109609e-02            0.003563            0.000247                      
109       2.257120503697e-01            2.900513147365e-02            0.002653            0.000389                      
110       2.527578020687e-01            5.473281736807e-02            0.001986            0.000545                      
111       1.020716131977e-01            2.205377911803e-02            0.001141            0.000279                      
112       2.450336415470e+00            8.950297400942e-02            0.029572            0.001846                      
1         2.157153037266e-01            7.135305105725e-02            0.001873            0.000904                      
2         2.495018338741e-01            5.683889342495e-02            0.002181            0.000878                      
3         1.515042908997e-01            4.150847960191e-02            0.001164            0.000776                      
4         2.330457767320e-01            6.701868102067e-02            0.001577            0.000947                      
5         1.681205603099e-01            4.553643360150e-02            0.001206            0.000741                      
6         2.186528105505e-01            4.936753578966e-02            0.001695            0.000891                      
7         2.015006724202e-01            1.994705484769e-02            0.002098            0.000421                      
8         1.758106641583e-01            5.449530763084e-02            0.001327            0.000746                      
9         1.931392449537e-01            4.899607209494e-02            0.001588            0.000730                      
10        2.068563127906e-01            4.232832721103e-02            0.001829            0.000817                      
11        2.782734088368e-01            4.659381753623e-02            0.002090            0.000730                      
12        2.270654395499e-01            6.386001409426e-02            0.000902            0.000831                      
13        2.359248428905e-01            6.307167887398e-02            0.001703            0.000774                      
14        1.767320535227e-01            5.774133765343e-02            0.001162            0.000697                      
15        1.937973110461e-01            4.874133604260e-02            0.001271            0.000729                      
16        2.212374551182e-01            8.364209921621e-02            0.001771            0.000839                      
17        2.494149967601e-01            4.679913944062e-02            0.001755            0.000841                      
18        1.269288999157e-01            3.037207326682e-02            0.001082            0.000328                      
19        1.181770305989e-01            1.637242320350e-02            0.000768            0.000271                      
20        1.696169903550e-01            4.861070971824e-02            0.001501            0.000741                      
21        1.501159434294e-01            4.073534042017e-02            0.001183            0.000595                      
22        1.541739033177e-01            3.183240416029e-02            0.000824            0.000460                      
23        1.504890269425e-01            3.807985325767e-02            0.001168            0.000436                      
24        1.594639192748e-01            3.309514516819e-02            0.000998            0.000573                      
25        1.311175084767e-01            3.537557082415e-02            0.001058            0.000584                      
26        1.489347589747e-01            3.749966548177e-02            0.000770            0.000640                      
27        1.944994830251e-01            3.185075318493e-02            0.001024            0.000635                      
28        1.411473006357e-01            3.294543184071e-02            0.000862            0.000457                      
29        1.062220265378e-01            2.569339927082e-02            0.000703            0.000396                      
30        1.406446379153e-01            3.576764124739e-02            0.000999            0.000566                      
31        1.164619992806e-01            3.795064250737e-02            0.000655            0.000405                      
32        1.085876431573e-01            2.376492440236e-02            0.000832            0.000453                      
33        1.050612158654e-01            2.655527931878e-02            0.000757            0.000432                      
34        1.274154424400e-01            2.715025403677e-02            0.000838            0.000374                      
35        1.260603178234e-01            3.654407787351e-02            0.000983            0.000482                      
36        1.323925158031e-01            4.044765572996e-02            0.000938            0.000537                      
37        1.010648206040e-01            1.778539414338e-02            0.000623            0.000384                      
38        1.206226474879e-01            2.314646135553e-02            0.000883            0.000522                      
39        1.012677957605e-01            2.166756646604e-02            0.000548            0.000333                      
40        9.689727242042e-02            2.620891828530e-02            0.000582            0.000300                      
41        1.288437605305e-01            3.320301872387e-02            0.000805            0.000530                      
42        1.214977371200e-01            2.918734604701e-02            0.000490            0.000380                      
43        7.965297670478e-02            2.087773508348e-02            0.000452            0.000343                      
44        1.102214189929e-01            2.976103453917e-02            0.000500            0.000349                      
45        6.602800289997e-02            2.122298607295e-02            0.000549            0.000311                      
46        9.057217918203e-02            1.934850648978e-02            0.000713            0.000309                      
47        7.318339860576e-02            2.051351606037e-02            0.000395            0.000299                      
48        1.057849274957e-01            3.057878137134e-02            0.000950            0.000240                      
49        7.354704294136e-02            1.895977290780e-02            0.000429            0.000297                      
50        7.676604262046e-02            1.596433569139e-02            0.000471            0.000219                      
51        6.238938132538e-02            1.490386756342e-02            0.000482            0.000236                      
52        5.652180393122e-02            1.482682112941e-02            0.000420            0.000170                      
53        9.765192206469e-02            2.264385246333e-02            0.000506            0.000288                      
54        8.515423674285e-02            2.378076113607e-02            0.000490            0.000376                      
55        8.294372259420e-02            2.167273003185e-02            0.000412            0.000295                      
56        1.006733127855e-01            2.546300858436e-02            0.000684            0.000283                      
57        9.337230295465e-02            2.640332853767e-02            0.000700            0.000297                      
58        1.043009104997e-01            3.033778409115e-02            0.000816            0.000385                      
59        8.937353282392e-02            2.031386467981e-02            0.000541            0.000363                      
60        1.299431257273e-01            3.030215079188e-02            0.000930            0.000401                      
61        1.122195286714e-01            2.271147441394e-02            0.000815            0.000385                      
62        9.169857061854e-02            2.056716915295e-02            0.000508            0.000409                      
63        7.088947002387e-02            1.816110297692e-02            0.000562            0.000290                      
64        5.722186267705e-02            1.420689661091e-02            0.000332            0.000251                      
65        7.426701565979e-02            1.787552470954e-02            0.000443            0.000231                      
66        7.979751624058e-02            1.618212305886e-02            0.000295            0.000189                      
67        7.459996554489e-02            1.918293724419e-02            0.000497            0.000238                      
68        8.876093714142e-02            2.186540354315e-02            0.000631            0.000267                      
69        6.946443998687e-02            1.609628422527e-02            0.000425            0.000245                      
70        7.668427253737e-02            2.430000345447e-02            0.000548            0.000247                      
71        4.859858970856e-02            1.192995284659e-02            0.000287            0.000180                      
72        7.483451574513e-02            1.848660535061e-02            0.000450            0.000247                      
73        7.764451719763e-02            1.561207974270e-02            0.000413            0.000227                      
74        8.134676103085e-02            2.556464519755e-02            0.000667            0.000357                      
75        6.338393717271e-02            1.680315777420e-02            0.000394            0.000212                      
76        6.966947833029e-02            1.679805899244e-02            0.000356            0.000249                      
77        4.896313766229e-02            1.062206013796e-02            0.000320            0.000179                      
78        6.778231468159e-02            1.552492599747e-02            0.000518            0.000243                      
79        8.057288789170e-02            2.925502400208e-02            0.000571            0.000323                      
80        5.935858085814e-02            1.236366024107e-02            0.000232            0.000168                      
81        5.023570826107e-02            1.437870173866e-02            0.000358            0.000219                      
82        5.350641740282e-02            8.946569149139e-03            0.000186            0.000130                      
83        6.068524355062e-02            1.917564177433e-02            0.000332            0.000232                      
84        7.657957971331e-02            2.389802238012e-02            0.000547            0.000247                      
85        5.264247043290e-02            1.452106363479e-02            0.000410            0.000188                      
86        5.038744822969e-02            1.471654396479e-02            0.000341            0.000218                      
87        5.979400637608e-02            1.673670500129e-02            0.000238            0.000128                      
88        5.630526555534e-02            1.186901858427e-02            0.000276            0.000184                      
89        4.633032874136e-02            1.271779637950e-02            0.000308            0.000185                      
90        5.224025856046e-02            1.414683050147e-02            0.000397            0.000187                      
91        4.514056116403e-02            1.127568741878e-02            0.000294            0.000132                      
92        5.814062756145e-02            1.592913894478e-02            0.000502            0.000196                      
93        5.164061607305e-02            1.658130190203e-02            0.000413            0.000217                      
94        3.831909019747e-02            7.479531711709e-03            0.000194            0.000126                      
95        4.643025326317e-02            9.895567244803e-03            0.000246            0.000127                      
96        3.951191833236e-02            9.916927138886e-03            0.000293            0.000138                      
97        3.127442763534e-02            5.455948063620e-03            0.000176            0.000116                      
98        3.955531531138e-02            6.929812535577e-03            0.000215            0.000128                      
99        3.251777132756e-02            8.350832336304e-03            0.000159            0.000110                      
100       4.048687451978e-02            6.680519497390e-03            0.000165            0.000076                      
101       3.414561080376e-01            9.306898197657e-02            0.002668            0.000714                      
102       1.940361015431e-01            6.230755977693e-02            0.000686            0.000401                      
103       2.834520165894e-01            5.096103765851e-02            0.001128            0.000760                      
104       3.492988847240e-01            7.918622851494e-02            0.001512            0.001097                      
105       3.300441306501e-01            9.605564558068e-02            0.001831            0.001515                      
106       4.546028874408e-01            1.087202423578e-01            0.003648            0.000842                      
107       1.965340411817e-01            6.938441036861e-02            0.000981            0.000781                      
108       2.719618171377e-01            6.774216789486e-02            0.001168            0.000825                      
109       4.607241828618e-01            1.313734894240e-01            0.001878            0.001298                      
110       2.953792978035e-01            5.922421538742e-02            0.002186            0.000932                      
111       3.819721773565e-01            1.112649827733e-01            0.001819            0.001160                      
112       2.091299036192e-01            4.316759438944e-02            0.000440            0.000337                      
113       3.044860948037e-01            8.000728704647e-02            0.001306            0.000757                      
114       1.842955879594e-01            2.858660380954e-02            0.000591            0.000432                      
115       2.019699864162e-01            4.846002788660e-02            0.000930            0.000681                      
116       3.391862331345e-01            1.330573327062e-01            0.001770            0.001192                      
117       2.581081831111e-01            7.072451597876e-02            0.001860            0.000593                      
118       3.366330965566e-01            2.905716558131e-02            0.001969            0.000613                      
119       2.522364117147e-01            4.781787035555e-02            0.001236            0.000625                      
120       1.947419447781e-01            3.988043802335e-02            0.001063            0.000683                      
121       2.058065715273e-01            3.604175950132e-02            0.000859            0.000592                      
122       1.468951001708e-01            1.514953131795e-02            0.000999            0.000319                      
123       3.572829249084e-01            9.179312734005e-02            0.001069            0.000806                      
124       2.279572119402e-01            6.403135141335e-02            0.001829            0.000477                      
125       1.662833104343e-01            4.355097503492e-02            0.000729            0.000458                      
126       1.763805810267e-01            3.717216731213e-02            0.000628            0.000366                      
127       1.628575246899e-01            3.509158806614e-02            0.000896            0.000552                      
128       1.365447104366e-01            2.547230198902e-02            0.000989            0.000621                      
129       1.914866466784e-01            4.452607263688e-02            0.000950            0.000508                      
130       1.480361914140e-01            3.705251052818e-02            0.000870            0.000490                      
131       1.697192866159e-01            3.592093080133e-02            0.000808            0.000396                      
132       2.007385111080e-01            6.769619803365e-02            0.000639            0.000502                      
133       1.949971887989e-01            4.546982152800e-02            0.001463            0.000725                      
134       2.032839376013e-01            5.359630775652e-02            0.000639            0.000474                      
135       1.743314692569e-01            4.252941304796e-02            0.001257            0.000646                      
136       2.001271788933e-01            4.387099367796e-02            0.001180            0.000575                      
137       2.389534696452e-01            4.318168524156e-02            0.001843            0.000358                      
138       1.373316007787e-01            2.943263754563e-02            0.000759            0.000412                      
139       1.875363984420e-01            6.068682218889e-02            0.000756            0.000490                      
140       1.689241237148e-01            3.470656470571e-02            0.001001            0.000381                      
141       2.047175284113e-01            3.032849760806e-02            0.000383            0.000301                      
142       1.345477946761e-01            2.683630383547e-02            0.000823            0.000467                      
143       1.204409424344e-01            2.389761089799e-02            0.000454            0.000231                      
144       1.513169335765e-01            3.945944367987e-02            0.000483            0.000297                      
145       1.325081708352e-01            2.764898166502e-02            0.000957            0.000424                      
146       1.538752581749e-01            3.367795083319e-02            0.000962            0.000484                      
147       1.278735183329e-01            3.065125938459e-02            0.000628            0.000324                      
148       1.281478939995e-01            3.329488410441e-02            0.000444            0.000254                      
149       1.503184151903e-01            2.527973064859e-02            0.000617            0.000364                      
150       1.285371004205e-01            3.810242498225e-02            0.000355            0.000264                      
151       8.090867266068e-02            1.054201001349e-02            0.000622            0.000231                      
152       1.099446958435e-01            1.329623191955e-02            0.000595            0.000314                      
153       1.095087218718e-01            2.295815681128e-02            0.000684            0.000405                      
154       1.140263724353e-01            2.424558736381e-02            0.000460            0.000286                      
155       1.029839629728e-01            2.066855914153e-02            0.000547            0.000305                      
156       1.337224865830e-01            2.542600226339e-02            0.000425            0.000229                      
157       1.114865647520e-01            2.683735221234e-02            0.000516            0.000323                      
158       1.388014203779e-01            4.477071189632e-02            0.000648            0.000387                      
159       8.535530352407e-02            2.295094669910e-02            0.000265            0.000190                      
160       1.263735777187e-01            1.967814445345e-02            0.000439            0.000240                      
161       1.015086406339e-01            2.789145727348e-02            0.000783            0.000313                      
162       9.608699415198e-02            1.663620863155e-02            0.000552            0.000290                      
163       9.652108908726e-02            2.380082043229e-02            0.000658            0.000351                      
164       1.330837250742e-01            2.514205087238e-02            0.000435            0.000289                      
165       1.265817825656e-01            2.816857223661e-02            0.000540            0.000343                      
166       1.077668849566e-01            2.341914036871e-02            0.000623            0.000325                      
167       1.210168043662e-01            2.084655551038e-02            0.000614            0.000284                      
168       7.206767052969e-02            1.863632573725e-02            0.000338            0.000255                      
169       8.809194117767e-02            2.698649401597e-02            0.000474            0.000256                      
170       8.308744387488e-02            1.695441737643e-02            0.000277            0.000195                      
171       7.855050887472e-02            1.710146766536e-02            0.000370            0.000261                      
172       1.059788144244e-01            2.797281749799e-02            0.000803            0.000372                      
173       1.356424977597e-01            2.779975816460e-02            0.000621            0.000296                      
174       7.094116257980e-02            1.921870978836e-02            0.000409            0.000239                      
175       7.521949549163e-02            2.230158113661e-02            0.000256            0.000177                      
176       1.067781421227e-01            2.215817727212e-02            0.000274            0.000177                      
177       7.605974757776e-02            1.640987774962e-02            0.000361            0.000254                      
178       1.031612913408e-01            2.092765592992e-02            0.000371            0.000217                      
179       9.369116254467e-02            2.894135252566e-02            0.000566            0.000284                      
180       8.028910093371e-02            1.876413931192e-02            0.000280            0.000191                      
181       6.770702121393e-02            1.774941474693e-02            0.000239            0.000195                      
182       1.076457354941e-01            2.160578195658e-02            0.000633            0.000349                      
183       5.664189093853e-02            1.490725524212e-02            0.000373            0.000198                      
184       8.753363494058e-02            3.087195427897e-02            0.000401            0.000259                      
185       6.771396492976e-02            1.779674060592e-02            0.000386            0.000217                      
186       5.780034250046e-02            1.587084450715e-02            0.000527            0.000126                      
187       6.890936470508e-02            2.327005912681e-02            0.000367            0.000188                      
188       5.787987260324e-02            1.496868400754e-02            0.000511            0.000144                      
189       5.157491073082e-02            1.597218345604e-02            0.000304            0.000158                      
190       6.023172083483e-02            1.385741713748e-02            0.000248            0.000184                      
191       8.935170130644e-02            2.516920891567e-02            0.000353            0.000240                      
192       6.179242970742e-02            1.700641033497e-02            0.000305            0.000259                      
193       6.206293535457e-02            1.312038535098e-02            0.000279            0.000163                      
194       7.732338248583e-02            2.418130367806e-02            0.000303            0.000200                      
195       6.351587361062e-02            1.468536314880e-02            0.000224            0.000130                      
196       6.233061699197e-02            1.475204245125e-02            0.000202            0.000120                      
197       5.830217328256e-02            1.257883267415e-02            0.000310            0.000148                      
198       6.014080461995e-02            1.420815398798e-02            0.000396            0.000178                      
199       4.355239752025e-02            9.714344697438e-03            0.000179            0.000115                      
200       4.714674978746e-02            1.224051152742e-02            0.000281            0.000132                      
201       4.085892628250e-02            9.898176207204e-03            0.000151            0.000091                      
202       4.947176515075e-02            1.330852123781e-02            0.000318            0.000138                      
