@    title "Magnitude of Electric Field"
@    xaxis  label "Residues"
@    yaxis  label "MV/cm"
#time  EField_Magnitude
@type xydy
1         4.756534521190e+00            4.659151437388e-01            
2         1.447625043069e+00            5.054850090232e-01            
3         2.078635212551e+00            5.054053531071e-01            
4         2.434927994111e+00            5.849618695434e-01            
5         6.702696631997e+00            7.648125841269e-01            
6         1.954522071910e+00            4.881782619980e-01            
7         4.346122999486e+00            1.473294807804e+00            
8         1.070147644808e+01            1.832419888208e+00            
9         1.292249894346e+00            2.382996881912e-01            
10        1.094280535010e+01            1.520508694356e+00            
11        4.923788998658e+01            7.431126780725e+00            
12        2.074029632025e+00            4.271972243165e-01            
13        3.721742084170e-01            9.005793600159e-02            
14        9.195130090904e+00            2.015829619733e+00            
15        3.309514618301e-01            6.648573890172e-02            
16        2.989140320625e+00            3.168361123857e-01            
17        3.075093252982e-01            5.600806487620e-02            
18        4.388066550596e-01            2.433803036834e-01            
19        3.401095966917e+00            3.266706110930e-01            
20        7.679961043018e+00            1.290925171403e+00            
21        2.413337181346e-01            1.955727821721e-01            
22        5.217743146103e+00            9.990832659995e-01            
23        4.017119275006e-01            9.463647934911e-02            
24        4.713633782211e-01            2.199007694779e-01            
25        6.925247608950e-01            1.972052770360e-01            
26        1.548439170093e+00            6.387923495470e-01            
27        2.348079464017e+00            3.891841089765e-01            
28        1.305488054460e+00            1.965481814165e-01            
29        1.268246829868e+01            3.098964977296e+00            
30        1.284795432783e+01            4.789323357128e+00            
31        7.778211763078e+00            2.023534812564e+00            
32        2.247736163995e+00            1.129060989797e+00            
33        7.792734731346e-01            2.042700099015e-01            
34        3.680008326771e-01            1.205796973299e-01            
35        5.984360340435e+00            1.793112320361e+00            
36        2.475213047535e-01            5.946868767457e-02            
37        1.234256340389e-01            2.660348870557e-02            
38        2.337366516734e-01            4.809025261295e-02            
39        2.338763054873e-01            3.327992641667e-02            
40        2.747406750445e-01            6.297315679150e-02            
41        2.205458769079e-01            3.592349444729e-02            
42        3.440713303513e-01            5.662138341994e-02            
43        2.543655669648e+00            1.958204515095e-01            
44        2.332809147629e-01            5.678167824915e-02            
45        5.010640874913e+00            8.571788745192e-01            
46        3.234114022847e-01            6.955994198732e-02            
47        3.263069159252e+00            2.446005227652e-01            
48        3.712142704245e+00            7.259976276424e-01            
49        3.969972420043e-01            8.597794483803e-02            
50        2.977157286490e-01            4.734013356285e-02            
51        1.941455913063e-01            4.379198304857e-02            
52        3.505340931867e+00            1.860064126135e-01            
53        1.625871458247e-01            4.907005728313e-02            
54        2.113994730322e-01            3.034564154786e-02            
55        1.965841832002e-01            5.359011618264e-02            
56        2.573234344402e-01            3.255152234360e-02            
57        1.374774261382e-01            2.825560553515e-02            
58        2.270899899780e-01            6.814040293989e-02            
59        7.625309560748e-01            1.190340076626e-01            
60        3.692537841164e+00            6.366018331263e-01            
61        4.832039448614e+00            3.337719844328e-01            
62        5.246796103996e+00            3.586308769160e-01            
63        2.278633699204e+00            3.580511286710e-01            
64        9.033544644799e+00            1.096210588146e+00            
65        4.727472097862e+00            5.066923361764e-01            
66        3.229735319385e+00            7.674995830765e-01            
67        7.379170585207e+00            3.133623020405e+00            
68        2.933720646765e+00            7.587465917966e-01            
69        2.722417573457e+00            8.285296823744e-01            
70        3.852679920334e+01            6.657351256334e+00            
71        4.383746843760e+00            1.429213302649e+00            
72        8.585840117344e+00            1.101441465446e+00            
73        2.707886736786e+00            5.887655990469e-01            
74        2.948161068287e+00            7.596945951615e-01            
75        1.405009150224e+00            3.502039997697e-01            
76        7.580150078699e+00            1.366625634384e+00            
77        1.215903287925e+00            2.005651771258e-01            
78        8.628030849509e-01            1.488966960852e-01            
79        4.753436493643e-01            7.099823418203e-02            
80        6.738576174985e+00            8.208038584786e-01            
81        5.450379043294e-01            1.004048899650e-01            
82        1.336994018114e-01            1.588858091542e-02            
83        2.790610021446e+00            2.987506484237e-01            
84        2.428637444736e-01            3.449751434763e-02            
85        2.768331382975e+00            2.820153396180e-01            
86        1.248586650014e-01            2.447670800024e-02            
87        1.960731310552e-01            2.887546174414e-02            
88        3.349661739832e-01            9.100922333110e-02            
89        3.107234317785e+00            3.682573284250e-01            
90        1.856271195631e-01            4.897458337513e-02            
91        1.233647827790e-01            2.486273368922e-02            
92        3.403365023771e+00            2.576968873164e-01            
93        4.483451859234e-01            7.188907161165e-02            
94        5.539709060359e-01            8.019997807328e-02            
95        2.353089645668e+00            1.253429850287e-01            
96        3.378085541317e+00            4.568873272507e-01            
97        1.481988199862e+00            2.904925599566e-01            
98        1.233260549591e+00            1.820539119862e-01            
99        1.321672333545e+00            1.786543770932e-01            
100       3.783452900144e+00            6.830647479949e-01            
101       9.416977492668e+00            2.294998493044e+00            
102       1.684454074757e+00            3.641979383617e-01            
103       2.681234212826e+00            4.248373796790e-01            
104       1.157862707145e+01            3.794669402327e+00            
105       1.565559592609e+01            6.574631141097e+00            
106       2.127661290595e+00            4.714932618273e-01            
107       2.071598289585e+00            5.063266175855e-01            
108       7.774836469274e+00            1.031402222697e+00            
109       7.571777002836e-01            3.494795115364e-01            
110       8.405075041500e-01            1.705169272331e-01            
111       7.061042923695e-01            1.093314371740e-01            
112       3.748478793555e-01            5.147764074273e-02            
113       3.792774408719e-01            5.327992046417e-02            
114       1.931367192573e-01            5.667662181531e-02            
115       1.453900260931e-01            4.777527601630e-02            
116       2.120039995891e-01            5.755002147993e-02            
117       1.897631400037e-01            4.536676987877e-02            
118       1.708760622655e-01            2.474617012627e-02            
119       1.822602290236e+00            1.138204593453e-01            
120       1.721833774989e-01            3.447465206294e-02            
121       1.760257398111e-01            2.264930579927e-02            
122       1.571105448605e-01            6.838420624143e-02            
123       1.285581501766e-01            6.625290012913e-02            
124       2.078340288159e+00            2.368582660009e-01            
125       1.528018042999e+00            9.206001502306e-02            
126       2.572866800643e-01            3.043278349292e-02            
127       2.247093779424e+00            2.174078833061e-01            
128       1.704137134792e+00            1.041843218928e-01            
129       1.695311229381e-01            2.497410080300e-02            
130       1.947648243009e-01            3.401217982662e-02            
131       1.500151023637e-01            2.835018288718e-02            
132       2.538776759511e-01            4.254529960307e-02            
133       2.744276710195e-01            6.476078062690e-02            
134       1.837556589305e-01            4.510970103974e-02            
135       2.627466388232e+00            4.765847580901e-01            
136       4.231507094666e-01            1.483971464622e-01            
137       7.596439739262e+00            2.309174495658e+00            
138       1.337355395592e+00            5.423705328225e-01            
139       3.623594859485e-01            9.262369452899e-02            
140       4.630638064963e-01            2.083298265286e-01            
141       9.493457128943e-01            5.028586713625e-01            
142       1.018715392281e+00            2.566817174252e-01            
143       3.468087787555e-01            7.146433917559e-02            
144       5.942765489203e-01            1.910408602228e-01            
145       2.832424871102e+01            5.181998504518e+00            
146       4.473238964755e-01            7.268134979538e-02            
147       3.367413548027e+00            3.176148680246e-01            
148       7.607066770725e+00            8.998563848158e-01            
149       6.613398663851e-01            1.124774930023e-01            
150       3.433840741592e-01            5.303813341965e-02            
151       3.728759739205e-01            1.025020190389e-01            
152       4.545106418723e-01            8.630115007179e-02            
153       2.948646592581e-01            5.167715015436e-02            
154       2.476223853388e+00            1.672854216589e-01            
155       1.052191127177e-01            4.259842662073e-02            
156       2.031192432689e-01            2.774128211650e-02            
157       2.728468264197e-01            5.724563048740e-02            
158       4.288798986910e-01            8.280519522219e-02            
159       2.459310538295e+00            1.671294357784e-01            
160       2.216670447721e-01            2.898982676678e-02            
161       4.568343015513e-01            2.230031638093e-01            
162       2.794524685553e+00            3.166496883298e-01            
163       3.213745376308e-01            1.248104828127e-01            
164       2.144161143941e+00            1.862936478195e-01            
