@    title "Magnitude of Electric Field"
@    xaxis  label "Residues"
@    yaxis  label "MV/cm"
#time     EField_per_residue            Std.Deviation         EField_residue_alignement   Std.Deviation
@type xydy
21        5.757415894903e-01            2.590004495821e-01            0.003321            0.002466                      
22        3.107449562094e+00            7.098159403606e-02            0.022581            0.002802                      
23        7.574091400156e+00            2.905699042611e-01            0.055064            0.007052                      
24        6.161224063469e-02            2.154560880161e-02            0.000391            0.000174                      
25        9.764483676520e-02            3.168476850023e-02            0.000414            0.000260                      
26        1.332833615552e-01            1.693173710889e-02            0.000956            0.000170                      
27        1.910111975214e-01            2.924344428393e-02            0.001359            0.000268                      
28        5.084812128911e-02            1.998167815837e-02            0.000210            0.000147                      
29        1.406088161091e-01            1.264109568608e-02            0.001002            0.000158                      
30        3.795467398781e-01            2.631183517755e-02            0.002744            0.000392                      
31        1.109733586470e-01            4.171949015911e-02            0.000490            0.000286                      
32        2.550402037286e-01            1.301052874836e-02            0.001821            0.000245                      
33        3.938224917032e-01            1.426318610454e-02            0.002850            0.000373                      
34        4.903984027063e-01            4.792265669351e-02            0.003503            0.000560                      
35        5.074744878174e-01            2.244166342595e-02            0.003656            0.000481                      
36        4.019995058891e-01            1.354979163367e-02            0.002908            0.000369                      
37        4.342230698437e-01            5.240923787600e-02            0.002705            0.000521                      
38        3.397461629452e-01            2.651405932748e-02            0.002443            0.000357                      
39        5.452200798907e-01            3.363661340362e-02            0.003943            0.000544                      
40        3.021611294719e-01            1.350877264078e-02            0.002188            0.000288                      
41        9.033289165334e-02            1.823815276800e-02            0.000608            0.000156                      
42        2.106721249887e-01            7.463195144531e-02            0.001249            0.000627                      
43        6.693621974344e-02            2.634624509102e-02            0.000371            0.000218                      
44        3.961463241517e-02            1.803638289151e-02            0.000179            0.000137                      
45        3.521617198822e-02            1.476435875177e-02            0.000152            0.000119                      
46        8.876122522648e+00            1.417612572928e-01            0.064519            0.008042                      
47        1.402554605020e-01            2.936127782586e-02            0.001002            0.000249                      
48        5.094355587754e-01            2.334889785887e-02            0.003695            0.000478                      
49        5.782757651727e+00            7.549320376453e-02            0.042013            0.005100                      
50        2.549308641138e-01            2.342124179892e-02            0.001841            0.000280                      
51        2.617636284251e-01            2.479669264935e-02            0.001887            0.000302                      
52        8.826311459206e+00            1.109310014997e-01            0.064123            0.007759                      
53        4.736922195695e-01            4.184090701222e-02            0.003418            0.000503                      
54        2.251790821630e-01            4.124508151042e-02            0.001566            0.000376                      
55        8.149408266739e-01            1.425823111274e-01            0.005825            0.001382                      
56        8.789459328791e-01            9.493972151949e-02            0.006240            0.001060                      
57        2.074124230970e-01            8.701957221578e-02            0.000681            0.000530                      
58        1.226547618165e+00            1.289980226496e-01            0.008663            0.001410                      
59        3.661240729832e+00            5.085037430689e-01            0.026223            0.005221                      
60        2.028601057540e+00            3.788918909399e-01            0.013160            0.003653                      
61        3.986334190782e+00            3.213734100264e-01            0.028336            0.004327                      
62        1.349621462483e+01            1.250842394557e+00            0.096958            0.016639                      
63        6.303805031029e+01            1.441104662676e+01            0.442362            0.061241                      
64        3.243019399946e+01            2.755867648394e+00            0.235319            0.029743                      
65        1.436826006844e+01            1.125839446881e+00            0.104195            0.012437                      
66        4.106917270292e+00            4.560343313944e-01            0.029611            0.004625                      
67        3.526598765240e-01            1.341151641158e-01            0.002049            0.001125                      
68        2.403155007008e+01            4.298222686894e-01            0.174631            0.021108                      
69        2.068538783055e+00            1.003560784366e-01            0.014999            0.001915                      
70        1.238781595198e+00            2.178806733825e-01            0.008847            0.002091                      
71        6.226444358866e-01            6.928649065198e-02            0.004466            0.000707                      
72        6.180212950746e-01            1.382814657845e-01            0.004279            0.001375                      
73        2.205055552751e-01            3.726325226630e-02            0.001538            0.000328                      
74        5.878788011419e+00            1.069216175709e-01            0.042710            0.005261                      
75        3.545182522181e-02            1.433933476235e-02            0.000120            0.000092                      
76        1.485247629516e-01            3.730022729804e-02            0.001036            0.000315                      
77        1.009429236895e+01            1.917038097972e-01            0.073337            0.008946                      
78        1.401720887758e-01            2.174222123213e-02            0.000950            0.000199                      
79        5.806778487147e-01            2.558081353524e-02            0.004199            0.000536                      
80        5.983696586221e-01            8.144216739999e-02            0.004245            0.000836                      
81        7.626158516282e-01            3.897994725173e-02            0.005476            0.000753                      
82        7.930559845788e-01            2.627463884978e-02            0.005727            0.000752                      
83        1.324594344529e+00            8.608789499190e-02            0.009569            0.001304                      
84        2.287861229118e+00            1.129224738833e-01            0.016470            0.002245                      
85        1.193253148191e+00            9.330565361865e-02            0.008549            0.001260                      
86        9.949120020735e-01            1.029640744542e-01            0.007187            0.001190                      
87        8.673189304208e-01            8.816326603749e-02            0.006158            0.001069                      
88        4.862357426161e-01            1.774830986022e-01            0.002701            0.001476                      
89        9.359182740759e-01            1.386137392934e-01            0.006734            0.001360                      
90        5.541952459970e-01            7.640027778288e-02            0.003961            0.000755                      
91        5.106896633995e-01            1.052480601203e-01            0.003521            0.000915                      
92        2.559242570340e+00            6.017480608611e-01            0.018186            0.005059                      
93        2.566279807793e-01            6.876047766775e-02            0.001797            0.000555                      
94        3.183969933167e-01            5.600404374010e-02            0.002262            0.000519                      
95        1.527339506013e+00            9.159793060505e-02            0.011069            0.001515                      
96        1.381144009987e+00            3.932105995314e-01            0.009345            0.003829                      
97        9.943679732788e+00            2.731423223575e-01            0.072277            0.009182                      
98        6.514892270054e-01            3.326287245461e-02            0.004724            0.000616                      
99        1.033509156134e+00            3.355107691732e-02            0.007496            0.000967                      
100       5.271830056755e-01            3.020530424190e-02            0.003825            0.000521                      
101       1.195266815093e-01            7.484988508813e-02            0.000618            0.000549                      
102       3.490706198507e-01            1.455112895580e-02            0.002526            0.000329                      
103       4.543285675634e-01            1.437338904833e-01            0.001789            0.001324                      
104       4.199498654778e-01            1.779388646925e-02            0.003046            0.000403                      
105       2.138215071381e-01            1.262007025651e-02            0.001549            0.000209                      
106       3.810037161038e-01            2.231626935359e-02            0.002733            0.000385                      
107       3.036414927647e-01            1.103021976064e-02            0.002203            0.000279                      
108       2.167668265916e-01            9.622310686107e-03            0.001573            0.000205                      
109       1.987508244044e-01            2.344142067683e-02            0.001406            0.000254                      
110       1.861342162068e-01            5.248031478567e-02            0.001037            0.000403                      
111       9.995604196703e-02            1.757641975717e-02            0.000706            0.000151                      
112       2.576079470913e+00            6.358838687890e-02            0.018719            0.002321                      
1         3.356219355965e-01            1.129335590042e-01            0.001526            0.000753                      
2         3.870997078563e-01            8.904616789698e-02            0.001753            0.000797                      
3         2.325691928136e-01            7.332822489779e-02            0.001185            0.000680                      
4         3.460701326901e-01            9.937938745186e-02            0.001129            0.000745                      
5         2.445055192463e-01            7.130131148837e-02            0.000902            0.000598                      
6         3.466303387149e-01            7.805574845236e-02            0.001490            0.000798                      
7         3.408450728617e-01            3.562963363817e-02            0.002196            0.000461                      
8         2.557910276666e-01            8.273040701214e-02            0.000963            0.000619                      
9         2.899258471537e-01            7.706309163225e-02            0.001234            0.000591                      
10        3.380354523745e-01            7.798464201731e-02            0.001671            0.000829                      
11        4.291693013906e-01            6.856347948181e-02            0.001390            0.000763                      
12        3.412326443226e-01            9.167194897028e-02            0.000880            0.000619                      
13        3.690661599483e-01            8.357271902106e-02            0.001364            0.000767                      
14        2.521177188722e-01            8.120459587496e-02            0.000892            0.000566                      
15        2.819000449737e-01            7.155993301452e-02            0.000937            0.000601                      
16        3.149555019983e-01            1.158788924120e-01            0.001097            0.000562                      
17        3.835861703617e-01            7.313798106786e-02            0.001268            0.000773                      
18        1.718095471894e-01            3.838982226947e-02            0.000725            0.000303                      
19        1.501938677576e-01            2.023492527651e-02            0.000474            0.000244                      
20        2.529410524794e-01            8.151931686777e-02            0.001154            0.000671                      
21        2.131492322993e-01            6.077390256107e-02            0.000865            0.000496                      
22        2.137478676845e-01            4.388321359691e-02            0.000496            0.000355                      
23        2.076452486497e-01            5.147473733292e-02            0.000741            0.000357                      
24        2.280918320132e-01            5.009757876414e-02            0.000738            0.000457                      
25        1.916192432456e-01            5.678462626460e-02            0.000901            0.000493                      
26        2.223989987203e-01            6.160581612949e-02            0.000698            0.000603                      
27        2.995032017805e-01            5.293076770354e-02            0.001045            0.000590                      
28        1.880962781102e-01            4.587512507433e-02            0.000467            0.000318                      
29        1.394308078607e-01            3.416311204052e-02            0.000512            0.000254                      
30        1.938645811049e-01            5.323483012251e-02            0.000673            0.000504                      
31        1.515142311503e-01            4.829535822635e-02            0.000402            0.000270                      
32        1.453815584481e-01            3.489284426701e-02            0.000648            0.000351                      
33        1.417164980504e-01            3.864618864446e-02            0.000560            0.000358                      
34        1.729206719243e-01            3.508225644629e-02            0.000517            0.000307                      
35        1.730448648606e-01            5.180622949104e-02            0.000754            0.000379                      
36        1.790348653469e-01            6.314476922245e-02            0.000644            0.000443                      
37        1.377447705512e-01            2.762190608500e-02            0.000523            0.000316                      
38        1.732141891212e-01            3.812063153354e-02            0.000752            0.000474                      
39        1.336537618669e-01            2.878613257537e-02            0.000388            0.000267                      
40        1.217341658703e-01            3.209540509353e-02            0.000389            0.000224                      
41        1.741310765352e-01            4.811790438802e-02            0.000618            0.000392                      
42        1.494277644643e-01            3.460397936389e-02            0.000356            0.000285                      
43        9.930955999138e-02            2.670247809949e-02            0.000324            0.000286                      
44        1.423946768468e-01            3.803384077160e-02            0.000303            0.000234                      
45        8.507249629384e-02            2.950349055328e-02            0.000400            0.000242                      
46        1.217885455696e-01            2.939699457076e-02            0.000513            0.000257                      
47        9.156220252568e-02            2.682832962997e-02            0.000256            0.000206                      
48        1.391020584290e-01            3.746926756701e-02            0.000632            0.000190                      
49        9.318267880211e-02            2.438860425733e-02            0.000336            0.000221                      
50        9.300881173256e-02            1.962433934331e-02            0.000275            0.000158                      
51        7.938275593117e-02            1.924377558070e-02            0.000334            0.000168                      
52        6.856580739048e-02            1.737567796068e-02            0.000277            0.000137                      
53        1.232749954119e-01            2.900235207586e-02            0.000307            0.000193                      
54        1.115309849761e-01            3.402805906661e-02            0.000395            0.000295                      
55        1.086345626192e-01            3.215091443029e-02            0.000379            0.000251                      
56        1.266969917203e-01            3.135591253639e-02            0.000363            0.000211                      
57        1.212655903343e-01            3.264869388053e-02            0.000473            0.000256                      
58        1.376450214682e-01            4.141160452502e-02            0.000549            0.000299                      
59        1.154621969590e-01            2.783843751748e-02            0.000420            0.000291                      
60        1.667402426464e-01            4.038270338397e-02            0.000523            0.000313                      
61        1.486134795055e-01            3.032306842415e-02            0.000571            0.000291                      
62        1.166147066883e-01            3.086855020428e-02            0.000367            0.000298                      
63        9.203871772289e-02            2.581516782574e-02            0.000404            0.000211                      
64        7.161817966740e-02            2.003082946582e-02            0.000273            0.000183                      
65        8.983363797454e-02            2.150626905476e-02            0.000275            0.000167                      
66        9.566398000235e-02            1.956345474435e-02            0.000162            0.000130                      
67        9.398036065181e-02            2.415816561128e-02            0.000322            0.000187                      
68        1.114640905796e-01            2.769018568688e-02            0.000408            0.000207                      
69        8.575358855479e-02            2.021833907706e-02            0.000282            0.000166                      
70        9.417137879252e-02            2.998685072363e-02            0.000317            0.000174                      
71        5.964095913928e-02            1.500136218008e-02            0.000215            0.000137                      
72        9.192129548383e-02            2.331979494076e-02            0.000252            0.000168                      
73        9.367450410576e-02            1.928896418048e-02            0.000240            0.000161                      
74        1.070609100046e-01            3.527626987432e-02            0.000497            0.000251                      
75        7.814356610422e-02            2.005984978526e-02            0.000255            0.000162                      
76        8.648577912160e-02            2.174755139028e-02            0.000253            0.000180                      
77        5.955203131322e-02            1.332951155928e-02            0.000225            0.000124                      
78        8.516471962457e-02            1.949229451354e-02            0.000381            0.000189                      
79        1.006840613123e-01            3.827250467446e-02            0.000339            0.000224                      
80        7.004982389715e-02            1.427608603753e-02            0.000156            0.000120                      
81        6.082141001531e-02            1.855665614906e-02            0.000252            0.000159                      
82        6.273288226453e-02            9.648608019574e-03            0.000127            0.000097                      
83        7.303399748865e-02            2.384712288893e-02            0.000222            0.000160                      
84        9.358809288169e-02            3.038781546352e-02            0.000345            0.000174                      
85        6.359428690613e-02            1.762070966254e-02            0.000273            0.000133                      
86        6.174211174616e-02            1.921480742403e-02            0.000221            0.000153                      
87        6.848734706152e-02            1.904695926883e-02            0.000129            0.000094                      
88        6.490530775589e-02            1.490942606717e-02            0.000175            0.000118                      
89        5.470178278241e-02            1.582759239030e-02            0.000191            0.000133                      
90        6.413707633628e-02            1.748619209482e-02            0.000284            0.000141                      
91        5.311282582261e-02            1.347291273572e-02            0.000162            0.000091                      
92        7.099227647581e-02            2.086463190337e-02            0.000347            0.000126                      
93        6.360631970757e-02            2.143069759174e-02            0.000280            0.000151                      
94        4.434618195248e-02            8.715201153416e-03            0.000124            0.000089                      
95        5.320918751125e-02            1.141658298824e-02            0.000137            0.000090                      
96        4.626419636598e-02            1.181770825288e-02            0.000202            0.000099                      
97        3.596157548275e-02            6.763421113773e-03            0.000122            0.000080                      
98        4.573622684382e-02            8.069304052978e-03            0.000132            0.000086                      
99        3.686956828230e-02            9.612204032294e-03            0.000099            0.000066                      
100       4.517636437566e-02            7.230135653510e-03            0.000081            0.000061                      
101       2.217454087208e-01            5.995272123766e-02            0.001292            0.000427                      
102       1.424825413334e-01            4.873086326602e-02            0.000372            0.000265                      
103       2.055686728205e-01            3.602635997449e-02            0.000508            0.000378                      
104       2.281687364925e-01            4.771138543944e-02            0.000751            0.000539                      
105       2.170728136593e-01            5.620920518420e-02            0.000766            0.000531                      
106       2.969544152322e-01            7.492710284922e-02            0.001854            0.000525                      
107       1.409216651232e-01            4.414619809695e-02            0.000476            0.000406                      
108       2.021480601488e-01            5.243323453906e-02            0.000648            0.000420                      
109       3.006878716972e-01            8.567650137659e-02            0.001052            0.000740                      
110       2.027712879555e-01            4.178358267784e-02            0.000989            0.000480                      
111       2.605570059924e-01            8.060583994600e-02            0.000769            0.000544                      
112       1.700167316191e-01            3.590217113267e-02            0.000340            0.000261                      
113       2.184115033207e-01            5.625290952739e-02            0.000847            0.000469                      
114       1.496256671759e-01            2.136486149325e-02            0.000447            0.000254                      
115       1.474377557439e-01            3.364017984111e-02            0.000470            0.000343                      
116       2.344845442985e-01            9.141124682776e-02            0.000959            0.000606                      
117       1.827215703280e-01            5.090970808745e-02            0.000863            0.000395                      
118       2.513154261244e-01            2.501356293135e-02            0.001292            0.000306                      
119       1.908459399103e-01            3.498265596940e-02            0.000771            0.000329                      
120       1.429243237131e-01            2.743464695448e-02            0.000574            0.000366                      
121       1.545467990430e-01            2.878055911631e-02            0.000436            0.000262                      
122       1.190974036228e-01            1.281484216650e-02            0.000459            0.000187                      
123       2.537706278260e-01            6.903525960200e-02            0.000753            0.000452                      
124       1.639995703857e-01            4.566071738049e-02            0.000869            0.000322                      
125       1.292885679085e-01            3.498777657882e-02            0.000478            0.000308                      
126       1.421816551380e-01            2.952598749149e-02            0.000446            0.000240                      
127       1.261125043019e-01            2.908797984866e-02            0.000435            0.000283                      
128       1.062873896217e-01            1.693151751371e-02            0.000486            0.000300                      
129       1.405759462983e-01            3.368187357034e-02            0.000577            0.000266                      
130       1.124774679480e-01            2.722771282987e-02            0.000473            0.000281                      
131       1.344798171340e-01            2.817915755312e-02            0.000500            0.000238                      
132       1.526374833811e-01            4.648116234634e-02            0.000454            0.000338                      
133       1.387526636079e-01            2.849583684940e-02            0.000675            0.000357                      
134       1.615726718130e-01            4.474971437254e-02            0.000331            0.000235                      
135       1.275182531552e-01            2.846453756084e-02            0.000592            0.000338                      
136       1.472624149817e-01            3.599543030935e-02            0.000492            0.000286                      
137       1.708870165825e-01            3.295764646710e-02            0.001001            0.000230                      
138       1.081692471751e-01            2.274358347403e-02            0.000446            0.000247                      
139       1.425583530549e-01            4.409248528589e-02            0.000437            0.000295                      
140       1.333389270841e-01            2.769017515491e-02            0.000636            0.000242                      
141       1.674780199479e-01            2.469904920475e-02            0.000361            0.000225                      
142       1.057572414594e-01            2.321124715647e-02            0.000393            0.000241                      
143       1.007060418178e-01            1.986413559396e-02            0.000345            0.000156                      
144       1.232080352895e-01            3.399617711901e-02            0.000361            0.000214                      
145       1.008923523721e-01            2.003574670323e-02            0.000503            0.000218                      
146       1.207435568650e-01            2.673145735053e-02            0.000600            0.000250                      
147       1.024081041577e-01            2.462395619995e-02            0.000396            0.000204                      
148       1.083402047456e-01            2.888675917543e-02            0.000345            0.000165                      
149       1.243195327790e-01            1.872358116801e-02            0.000450            0.000228                      
150       1.099111836725e-01            3.439252678002e-02            0.000275            0.000181                      
151       6.896367716928e-02            9.054289374305e-03            0.000305            0.000134                      
152       9.067881136945e-02            1.218063463580e-02            0.000280            0.000158                      
153       8.524047359759e-02            1.667952582221e-02            0.000304            0.000195                      
154       9.256785736999e-02            2.032097280734e-02            0.000284            0.000170                      
155       8.447410615229e-02            1.663147969145e-02            0.000273            0.000155                      
156       1.134236888527e-01            2.163857198530e-02            0.000386            0.000157                      
157       9.150189284488e-02            2.384868670839e-02            0.000277            0.000172                      
158       1.121585157604e-01            3.602632657829e-02            0.000443            0.000258                      
159       7.246840518369e-02            1.963155828764e-02            0.000186            0.000136                      
160       1.080640321623e-01            1.937539073178e-02            0.000391            0.000137                      
161       8.010878405899e-02            2.123969252138e-02            0.000382            0.000182                      
162       7.999274843937e-02            1.508908034932e-02            0.000246            0.000155                      
163       7.657743842563e-02            1.783170638188e-02            0.000319            0.000199                      
164       1.056486114764e-01            1.959182467658e-02            0.000269            0.000175                      
165       1.012497281923e-01            2.287386622985e-02            0.000325            0.000204                      
166       8.907532274001e-02            1.858697501693e-02            0.000363            0.000174                      
167       9.732924985932e-02            1.811395235719e-02            0.000389            0.000144                      
168       6.033623307289e-02            1.452062162428e-02            0.000195            0.000145                      
169       7.213551458673e-02            2.126462484557e-02            0.000256            0.000165                      
170       7.194084268663e-02            1.489325944958e-02            0.000143            0.000107                      
171       6.531865862925e-02            1.357855604451e-02            0.000206            0.000147                      
172       8.221141103935e-02            2.053347240939e-02            0.000411            0.000206                      
173       1.092673220404e-01            2.242580775526e-02            0.000417            0.000185                      
174       5.980660254682e-02            1.575558254603e-02            0.000217            0.000140                      
175       6.584093228358e-02            1.943582872574e-02            0.000162            0.000114                      
176       9.152773848045e-02            1.915014321161e-02            0.000246            0.000144                      
177       6.347192302358e-02            1.269764909829e-02            0.000225            0.000148                      
178       8.707101739436e-02            1.759771066956e-02            0.000275            0.000142                      
179       7.597458993591e-02            2.264367483819e-02            0.000322            0.000165                      
180       6.928348580376e-02            1.607875272634e-02            0.000187            0.000119                      
181       5.826760133148e-02            1.475213584573e-02            0.000173            0.000125                      
182       8.779803719694e-02            1.879787989742e-02            0.000343            0.000169                      
183       4.768657063785e-02            1.173771347595e-02            0.000198            0.000116                      
184       7.438341743272e-02            2.567696461712e-02            0.000227            0.000167                      
185       5.612671417307e-02            1.452095973908e-02            0.000214            0.000123                      
186       4.744229387463e-02            1.240896462166e-02            0.000287            0.000094                      
187       5.828663023168e-02            2.102912175310e-02            0.000237            0.000112                      
188       4.728378981717e-02            1.172791215018e-02            0.000273            0.000092                      
189       4.378237064046e-02            1.361087715890e-02            0.000170            0.000091                      
190       5.081100835307e-02            1.169874931986e-02            0.000131            0.000107                      
191       7.501283815182e-02            2.058531735956e-02            0.000217            0.000146                      
192       5.361773040456e-02            1.237697895017e-02            0.000183            0.000158                      
193       5.336742126759e-02            1.112331711761e-02            0.000183            0.000095                      
194       6.422075495702e-02            1.991014215040e-02            0.000211            0.000131                      
195       5.499519558614e-02            1.287614759450e-02            0.000167            0.000093                      
196       5.746008036694e-02            1.357391446926e-02            0.000111            0.000078                      
197       5.012068170993e-02            1.102082536167e-02            0.000197            0.000093                      
198       5.147228825193e-02            1.162817387344e-02            0.000229            0.000108                      
199       3.859973304086e-02            8.395335727962e-03            0.000109            0.000071                      
200       4.051742658567e-02            1.111987114445e-02            0.000174            0.000077                      
201       3.641158162989e-02            9.154267552541e-03            0.000100            0.000065                      
202       4.236782776649e-02            1.093347334972e-02            0.000192            0.000092                      
