@    title "Electric Field"
@    xaxis  label "Time (ps)"
@    yaxis  label "MV/cm"
#time      Magnitude                     Efield_X                      Efield_Y                     Efield_Z
@type xy
10        1.354312319400e+02            -2.005242872269e+01           -2.109642102245e+01           -1.322666235570e+02           
20        1.646887023646e+02            1.460091142826e+01            1.348175406024e+01            -1.634852420846e+02           
30        1.511629518519e+02            1.041074085077e+01            -2.155962857320e+01           -1.492549392928e+02           
40        1.643568901907e+02            4.010424917027e+01            -8.595698718383e+00           -1.591569995796e+02           
50        1.506063805126e+02            -1.135061098167e+01           1.785036502338e+01            -1.491134130451e+02           
60        1.337817203103e+02            6.150834292743e-01            -1.487409204540e+00           -1.337720373450e+02           
70        1.128407723812e+02            -7.818542612623e+00           -7.523585045209e+00           -1.123178791247e+02           
80        1.314969267209e+02            -1.125665316297e+01           -2.927801127573e+01           -1.277009301155e+02           
90        1.302698346926e+02            -7.512539291135e+00           -3.159745249731e+01           -1.261562229139e+02           
100       1.389649808286e+02            -9.793150205140e-01           -2.103449856245e+00           -1.389456092775e+02           
110       1.472317892937e+02            2.123163806024e+01            1.540694012647e+01            -1.448759590817e+02           
120       1.229745275690e+02            1.173083235030e+01            -2.534754395844e+01           -1.197606947978e+02           
130       1.203392255467e+02            -2.198299397670e+01           -1.142907525557e+01           -1.177610012687e+02           
140       1.214450223178e+02            -1.147046485798e+01           -1.306441701934e+01           -1.201941882524e+02           
150       1.427499845977e+02            7.812987076859e+00            -2.097214665088e+01           -1.409846956248e+02           
160       1.157041857998e+02            -1.594467691311e+01           -3.029504504578e+01           -1.105234641848e+02           
170       1.496898248746e+02            -1.614170258373e+01           -2.837287045834e+01           -1.460871976959e+02           
180       1.736972310207e+02            -1.472490472283e+01           -1.209555755837e+01           -1.726487843355e+02           
190       9.528671752890e+01            -2.643376499591e+00           -2.332798231634e+01           -9.234920865477e+01           
200       1.405364929303e+02            2.730416195707e+01            -2.898077013418e+01           -1.347779787184e+02           
210       1.588493795787e+02            -3.737343757361e+01           -1.005970705313e+01           -1.540621752751e+02           
220       1.318907748052e+02            -1.560463421574e+01           -2.172762543258e+01           -1.291494566878e+02           
230       1.365515229252e+02            1.987519491729e+01            -2.541743698887e+01           -1.326847728155e+02           
240       1.513771369265e+02            2.390006059007e-01            1.381065901763e+01            -1.507456339676e+02           
250       1.291247846955e+02            -1.872137849767e+01           -2.220331976038e+01           -1.258162652499e+02           
260       1.512238573898e+02            -1.169354986968e+01           1.375639525774e+01            -1.501421910217e+02           
270       1.626932813899e+02            8.514703791968e+00            -1.647677340662e+00           -1.624619610498e+02           
280       1.183487945112e+02            2.177685168763e+01            1.222109480577e+01            -1.156842717684e+02           
290       1.672392098441e+02            -1.508281329462e+01           3.078623198049e+00            -1.665292290609e+02           
300       1.446256541986e+02            -3.205363322752e+01           1.139834431457e+01            -1.405675004977e+02           
310       1.551521932763e+02            2.427890927828e+01            -3.358218754139e+01           -1.495157995753e+02           
320       1.489240135217e+02            -3.006128255419e+01           -3.639080668437e+01           -1.412458505000e+02           
330       1.271754752287e+02            1.471383766215e+01            -2.304964780517e+01           -1.242007174574e+02           
340       1.491904123170e+02            -2.670287976403e+01           -6.112266227735e+00           -1.466539312162e+02           
350       1.264660993613e+02            1.680299736053e+01            7.181024427338e+00            -1.251389885508e+02           
360       1.419014531633e+02            1.528835680244e+01            -2.013806176208e+01           -1.396307524316e+02           
370       1.128512552739e+02            -2.478154999172e+01           1.063691625184e+01            -1.095816435794e+02           
380       1.551424390929e+02            -3.361382678857e+01           -1.231914852015e+01           -1.509553763072e+02           
390       1.478781809421e+02            -1.911759142265e+01           -6.175314152903e+00           -1.465071315399e+02           
400       1.293390020195e+02            8.846199611824e+00            7.330186854671e-01            -1.290340454277e+02           
410       1.387484509429e+02            1.516969557894e+00            1.690199234730e+01            -1.377067685232e+02           
420       1.304776145850e+02            -1.563226569349e+01           8.706940271797e+00            -1.292448427141e+02           
430       1.347870360172e+02            -2.722785742841e+01           5.230334379714e-02            -1.320082805074e+02           
440       1.561016603108e+02            -4.475003637766e+01           -8.359944509811e+00           -1.493160203186e+02           
450       1.442321884745e+02            2.734915387335e-01            -2.952640443727e+01           -1.411773382506e+02           
460       1.132849761458e+02            -4.459901233397e+01           -1.163908576761e+01           -1.034840354918e+02           
470       1.350647221048e+02            6.199859215810e-01            -1.733387415305e+01           -1.339463757686e+02           
480       1.376599842527e+02            -1.587559823377e+01           1.120407537674e+01            -1.362817131537e+02           
490       1.196368533234e+02            1.883018010557e+01            1.882621178993e+01            -1.166360782089e+02           
500       1.269462330185e+02            -1.761071194599e+01           -3.916935324958e-01           -1.257181589052e+02           
510       1.119862359952e+02            -3.731256794550e+01           1.569355489391e+01            -1.044145663233e+02           
520       1.199518762478e+02            -2.238788934873e+01           -3.259135298627e+01           -1.132476875543e+02           
530       1.498748674156e+02            9.651273797319e+00            -2.073437747888e+01           -1.481195948803e+02           
540       1.458938748592e+02            2.196616779551e+01            1.228249502939e+01            -1.437068213749e+02           
550       1.437956540510e+02            -4.365780945522e+01           2.023283915816e+01            -1.355057859175e+02           
560       1.432596960051e+02            -1.360534199445e+01           1.478662089787e+00            -1.426045186070e+02           
570       1.418763820674e+02            -8.346740433218e+00           -3.091386122856e+01           -1.382156752927e+02           
580       1.251130206717e+02            2.117870105631e+00            1.214194720617e+01            -1.245044404263e+02           
590       1.142204320512e+02            3.963363729719e+00            -1.117750024429e+00           -1.141461759359e+02           
600       1.266477395721e+02            -3.370940742585e+00           -1.685874578929e+01           -1.254753736302e+02           
610       1.272002019180e+02            -9.879101380585e+00           1.560533667767e+00            -1.268063857168e+02           
620       1.225985028681e+02            -1.462884102784e+01           2.010111976369e+01            -1.200513844149e+02           
630       1.184050568601e+02            -5.565493775499e-01           -3.161930938668e+01           -1.141037554892e+02           
640       9.779863656249e+01            -1.284735094059e+01           -1.883599359701e+01           -9.510375509150e+01           
650       1.409498018151e+02            -1.669961513915e+01           -1.123899902710e+01           -1.395050335536e+02           
660       1.447954070968e+02            -1.849688436305e+01           -1.271319212265e+01           -1.430452723135e+02           
670       1.324609100235e+02            1.395782864902e+01            -1.915660864008e+00           -1.317095362801e+02           
680       1.522408340519e+02            -2.185328257770e+01           -8.134825105610e+00           -1.504444422831e+02           
690       1.012092538896e+02            9.706106547699e+00            -4.129840789114e+01           -9.188877012038e+01           
700       1.152373777504e+02            -4.558894486289e+01           -4.305434454651e-01           -1.058353247712e+02           
710       1.337990888069e+02            1.783499702661e+01            -1.809173054097e+01           -1.313651336262e+02           
720       1.144332160110e+02            -1.343463235978e+01           3.005815733660e+00            -1.136020979197e+02           
730       1.122735689707e+02            -4.308450359835e+00           5.818351933807e+00            -1.120398961338e+02           
740       1.220914021426e+02            -1.259753379650e+00           -4.699170202478e+00           -1.219944314220e+02           
750       9.096496830990e+01            -4.182326254498e+00           -5.910941583532e+00           -9.067631651274e+01           
760       1.235340772616e+02            -2.104061473046e+01           1.735441864383e+01            -1.204856212591e+02           
770       1.255414834334e+02            -9.265108584183e+00           1.837928088795e+00            -1.251856375385e+02           
780       1.455581662542e+02            5.585289233225e+00            5.761486526155e+00            -1.453368142642e+02           
790       1.303756788541e+02            -5.967949641918e+00           2.038620133789e+00            -1.302230595620e+02           
800       1.380971571425e+02            -5.159647340594e-01           -3.342806694601e+01           -1.339892642397e+02           
810       1.400568711317e+02            4.475885884684e+00            -6.502639855710e+00           -1.398342206746e+02           
820       1.036807870168e+02            7.335346499951e+00            -2.692823446724e+01           -9.985373541649e+01           
830       1.523276576100e+02            7.877373181141e+00            -2.173955247021e+01           -1.505624592092e+02           
840       1.380936357599e+02            -4.567138214212e+01           -4.136318572885e+01           -1.235842383032e+02           
850       1.242431521793e+02            -2.384194931720e+01           2.345790208606e+01            -1.196563794619e+02           
860       1.357064211702e+02            4.666261220267e+00            -2.721924147535e+01           -1.328667439450e+02           
870       1.603309605106e+02            3.177428432816e+01            -4.141473432977e+00           -1.570963397139e+02           
880       1.453099860942e+02            5.075374850924e+00            -1.104461269514e+01           -1.448007222331e+02           
890       1.236640885906e+02            -1.578634229393e+01           -3.064123129188e+00           -1.226140667027e+02           
900       1.521835032431e+02            3.654797882099e+00            -1.009788109282e+01           -1.518041300795e+02           
910       1.332841425613e+02            -1.769712231987e+01           -1.368978281584e+01           -1.313927865842e+02           
920       1.257776431227e+02            6.288301351200e+00            2.731633450122e+01            -1.226143981963e+02           
930       1.387058443038e+02            -1.650916067460e+01           1.976166154279e+01            -1.362946645725e+02           
940       1.069470215176e+02            5.209333244817e+00            1.864635001546e+00            -1.068037985979e+02           
950       1.276631767847e+02            4.510983206658e+01            -4.083218524615e+01           -1.122306660664e+02           
960       1.268347693098e+02            1.456435740935e+01            3.133131476355e+00            -1.259568246911e+02           
970       1.200506825650e+02            -1.733114432239e+01           8.841727396118e+00            -1.184635879815e+02           
980       1.511366498464e+02            -2.628545583487e+01           -2.357887965057e+01           -1.469537279989e+02           
990       1.514332710433e+02            -1.691354919542e+01           4.619576819281e+01            -1.432198255604e+02           
1000      1.442479787218e+02            -2.682961189887e+01           -7.802737913035e+00           -1.415159657839e+02           
1010      1.368760931507e+02            -1.596488293700e+01           2.530680047140e-01            -1.359416174157e+02           
1020      1.435704722848e+02            -3.456412384185e+01           -1.819601715756e+01           -1.381546481836e+02           
1030      1.149135297978e+02            4.142024977720e+00            -1.901345318332e+01           -1.132539251316e+02           
1040      1.511999455090e+02            -2.398493821639e+01           1.891022390730e+01            -1.480829149242e+02           
1050      1.402427475608e+02            -3.007178920916e+01           4.270389404295e+00            -1.369141318911e+02           
1060      1.475205791895e+02            8.596724374716e+00            -3.029156393270e+01           -1.441209171805e+02           
1070      1.640884849346e+02            -3.916592726126e+01           -3.267187948143e+01           -1.559602812291e+02           
1080      1.361994311797e+02            2.135772608421e+01            -7.559155625954e+00           -1.343018680302e+02           
1090      1.252868192532e+02            -2.376433647331e+00           9.489693777893e+00            -1.249043047845e+02           
1100      1.769107159126e+02            -4.018628828241e+01           7.725349449970e-01            -1.722842616972e+02           
1110      1.503653144625e+02            4.306044984359e+01            -1.700375389760e+01           -1.430608185566e+02           
1120      1.208984719904e+02            -3.383803136716e+01           7.775025078427e-01            -1.160638774669e+02           
1130      1.380315192142e+02            -2.253611549081e+01           6.494430921087e+00            -1.360244322251e+02           
1140      1.404524233177e+02            1.982851452588e+01            6.307244653349e+00            -1.389025985804e+02           
1150      1.282679196850e+02            -9.893111883246e+00           2.105919526102e+01            -1.261399851457e+02           
1160      1.342814294956e+02            -8.249288250660e+00           -1.368263864298e+01           -1.333275551059e+02           
1170      1.571770247047e+02            -1.342471508548e+01           -2.469752405785e+00           -1.565831869741e+02           
1180      1.295510827753e+02            2.467144063459e+00            -2.464920062096e+01           -1.271605802015e+02           
1190      1.181384759740e+02            8.351539464698e+00            -1.134655048654e+00           -1.178374467305e+02           
1200      1.571870622565e+02            -4.956157449989e+01           -2.722644409532e+01           -1.466633683502e+02           
1210      1.326915684709e+02            6.248452086953e-01            -3.857609386096e+01           -1.269588393699e+02           
1220      1.405051611548e+02            2.356388428185e+01            1.824713717753e-01            -1.385150185824e+02           
1230      1.104508205761e+02            1.864101857020e+01            6.286427633426e+00            -1.086847598342e+02           
1240      1.395982446236e+02            -1.701282927721e+01           3.926725975100e+00            -1.385020374041e+02           
1250      1.298611048867e+02            -9.679259949541e+00           -3.723864835148e+01           -1.240302445301e+02           
1260      1.099782452972e+02            2.552705056500e+00            -3.011317329172e+01           -1.057444794296e+02           
1270      1.305264680857e+02            -2.199581103806e+01           -1.411520936004e+00           -1.286520531370e+02           
1280      1.486560881583e+02            -4.054774308177e+01           -1.767853304152e+01           -1.419224525824e+02           
1290      1.558980954715e+02            3.552775857566e+01            4.430232244588e+01            -1.451871163985e+02           
1300      1.074433621294e+02            -3.588787452256e+01           -5.108136551971e+00           -1.011436773550e+02           
1310      1.625676273402e+02            -1.871423329794e+01           7.031702395415e+00            -1.613337103413e+02           
1320      1.625407701133e+02            -1.489117715816e+00           -6.322926372743e+00           -1.624109142870e+02           
1330      1.488198230255e+02            3.015343203253e+00            5.229782310859e+00            -1.486973328869e+02           
1340      1.507898016717e+02            -2.693029083962e+01           -9.015784079009e+00           -1.480913210183e+02           
1350      1.077184019361e+02            7.884948505893e-01            -1.751236237261e+01           -1.062824047322e+02           
1360      1.425507648114e+02            -3.251313689460e+01           -8.451236445210e+00           -1.385358909458e+02           
1370      1.259554492148e+02            -7.314158299372e+00           7.418267841831e+00            -1.255238924567e+02           
1380      1.315366181072e+02            -1.282587642039e+01           -5.666797406302e+00           -1.307871025915e+02           
1390      1.287654245812e+02            -8.876622280783e+00           2.862461411718e+01            -1.252292761742e+02           
1400      1.260703210377e+02            -7.477006944901e+00           -1.766346047595e+01           -1.246026579882e+02           
1410      1.484351860245e+02            -3.162927082735e-01           2.036305066229e+01            -1.470314611802e+02           
1420      1.588423691240e+02            2.069369958124e+01            -1.897221396326e+01           -1.563416902938e+02           
1430      1.628387913900e+02            -8.466429589995e+00           -1.608324058606e+01           -1.618212622729e+02           
1440      1.293365223735e+02            -7.269111884781e+00           -3.745013003070e+01           -1.235822956282e+02           
1450      1.539711422545e+02            -6.405505249095e+00           1.024119903872e+01            -1.534965797401e+02           
1460      1.491161443161e+02            1.087323775038e+01            -2.531218417670e+01           -1.465492767936e+02           
1470      1.597143157202e+02            -4.225619798642e+01           3.172259580746e+01            -1.507207792342e+02           
1480      1.032696151449e+02            -9.009868714983e-01           -2.933021187453e+01           -9.901282899821e+01           
1490      1.267027021110e+02            1.074421003879e+01            1.413909703431e+01            -1.254520729519e+02           
1500      1.285117034651e+02            1.755096418104e-01            -1.224161092874e+01           -1.279272061984e+02           
1510      1.249368783171e+02            -7.705170473981e+00           -1.024319440280e+00           -1.246948462499e+02           
1520      1.152119644994e+02            -2.443283415604e+01           -2.050384593887e+01           -1.107087425664e+02           
1530      1.428035999104e+02            1.104105459321e+01            -2.994163943750e+01           -1.391921746674e+02           
1540      1.444745686483e+02            2.645588882689e+01            -9.097187362685e+00           -1.417400018152e+02           
1550      1.494015483194e+02            -5.092294712422e+00           3.450505428027e+01            -1.452731647756e+02           
1560      1.315038344092e+02            -2.146890345448e+01           1.239122816294e+00            -1.297336086888e+02           
1570      1.495651743687e+02            2.503932034514e+01            -3.952878365004e+01           -1.420572035616e+02           
1580      1.346798382870e+02            -2.261353045711e+01           -2.640491095031e+01           -1.301155938348e+02           
1590      9.771531979871e+01            -1.198253879502e+01           -9.265532153731e-01           -9.697341896896e+01           
1600      1.658088536900e+02            -2.055433937798e+01           -2.369301940721e+00           -1.645128612086e+02           
1610      1.321499968664e+02            -1.753107262408e+01           -1.155489421159e+01           -1.304713285907e+02           
1620      1.365629189934e+02            1.606197235438e+00            -4.934776323099e+00           -1.364642772196e+02           
1630      1.203653268041e+02            -3.538431813768e+01           5.743638556342e+00            -1.149033182407e+02           
1640      1.260871319885e+02            2.422582745127e+00            -3.383056129079e+01           -1.214396519622e+02           
1650      1.649279840390e+02            -2.718507257539e+01           -1.231503298353e+01           -1.622052764581e+02           
1660      1.284905312072e+02            -9.920857413202e+00           2.540507743033e+01            -1.255626347241e+02           
1670      1.333059801159e+02            4.238023263244e+00            2.391529437938e+01            -1.310747198670e+02           
1680      1.386259210363e+02            -2.106284862031e+01           -1.777347091048e+01           -1.358587727126e+02           
1690      1.278703435395e+02            1.076066609229e+01            1.164225392368e+01            -1.268837686457e+02           
1700      1.320696690215e+02            -3.314375846328e+01           1.292123817273e+01            -1.271885621998e+02           
1710      1.342570789089e+02            -2.660978245607e+00           -1.115844115788e+01           -1.337661079005e+02           
1720      1.455003082604e+02            -1.376795686762e+01           1.566835904726e+01            -1.439975193964e+02           
1730      1.342544539811e+02            3.519524508210e+01            -4.450387033049e+01           -1.216756288785e+02           
1740      1.407153493624e+02            -6.581143061758e-03           -7.896081533878e+00           -1.404936347287e+02           
1750      1.354170969245e+02            4.077947545666e+00            1.120173865403e+01            -1.348913693844e+02           
1760      1.283568618153e+02            1.215286744154e+01            1.029478366879e+01            -1.273648664947e+02           
1770      1.549719823395e+02            2.674575207844e+01            -1.002364110642e+01           -1.523171253503e+02           
1780      1.533093818688e+02            -1.052239728591e+01           3.133731852807e+00            -1.529157462429e+02           
1790      1.362581234488e+02            -7.077885490140e+00           -9.964998887183e+00           -1.357088005251e+02           
1800      1.397811230718e+02            -2.859084993410e+01           2.794361367135e+00            -1.367973582048e+02           
1810      1.324141999810e+02            8.869331414706e+00            -3.252059447340e+01           -1.280518108109e+02           
1820      1.563336683408e+02            -7.119847073594e+00           -8.124212127858e+00           -1.559599974732e+02           
1830      1.066000879450e+02            1.491523079623e+01            -2.378799210868e+01           -1.028360154402e+02           
1840      1.378720134610e+02            -2.095240548860e+01           -4.828288866066e+00           -1.361850815129e+02           
1850      1.061077613045e+02            -2.142752702680e+01           2.106333251734e-01            -1.039214786662e+02           
1860      1.435764571533e+02            -1.850170762376e+01           1.499980091566e+01            -1.415870468517e+02           
1870      1.425881023710e+02            2.161424752872e+01            1.405101976781e+01            -1.402382261903e+02           
1880      1.201667145216e+02            -2.355540570251e+01           4.782186833071e+00            -1.177383235408e+02           
1890      1.423516812964e+02            -1.043755024617e+01           -1.929231255108e+01           -1.406515744285e+02           
1900      1.266522319952e+02            1.321090804355e+01            2.375149585051e+01            -1.237017632166e+02           
1910      1.536236663488e+02            -1.664084273634e+01           -3.628459869348e+01           -1.483466922891e+02           
1920      1.234589723093e+02            -2.229690093866e+00           2.869325896116e+00            -1.234054832439e+02           
1930      1.398008783044e+02            1.529748199994e+01            -1.651187407515e+01           -1.379769206559e+02           
1940      1.393037085237e+02            -2.960483431585e-01           5.236406282287e+01            -1.290869493346e+02           
1950      1.519978594660e+02            -2.791514744769e+01           3.969870250184e+00            -1.493597467708e+02           
1960      1.293388600185e+02            7.526077014920e+00            -1.728892051887e+01           -1.279569931772e+02           
1970      1.462033453299e+02            -2.693812778465e+01           1.009518336496e+01            -1.433451873274e+02           
1980      1.334063020925e+02            -3.524446115864e+00           1.329618188432e+01            -1.326952571303e+02           
1990      1.683472970990e+02            -2.238233190850e+01           -3.766415098449e+01           -1.625461638719e+02           
2000      1.361997010550e+02            2.274854367802e+01            -1.896022588556e+00           -1.342731076067e+02           
2010      1.465580958850e+02            -2.305207019028e+01           1.212554272748e+01            -1.442249934753e+02           
2020      1.422483467873e+02            9.463287718385e+00            -4.620046104732e+00           -1.418580047910e+02           
2030      1.529138547806e+02            -3.007171567461e+01           -2.456745707451e+01           -1.479012473008e+02           
2040      1.467206037763e+02            -1.662854492416e+01           -1.024935819996e+01           -1.454145031374e+02           
2050      1.340276387632e+02            -3.124140927127e+01           -2.131477621774e+01           -1.285809574314e+02           
2060      1.270943933309e+02            -1.054082583420e+01           -1.417364433447e+01           -1.258609693796e+02           
2070      1.328145882672e+02            5.000201128780e+00            -9.694027495734e+00           -1.323659271723e+02           
2080      1.487366198277e+02            -2.458445008828e+01           -6.963838032019e+00           -1.465253966093e+02           
2090      1.289937457757e+02            -1.089303637250e+00           -1.879265440880e+01           -1.276128363727e+02           
2100      1.447441143040e+02            -1.797723404062e+01           -5.088959130065e+01           -1.343053505232e+02           
2110      1.537762912796e+02            1.544917067512e+00            -3.594606611525e+01           -1.495079975179e+02           
2120      1.266644435789e+02            -3.607397899576e+01           -1.770002845531e+01           -1.201218477183e+02           
2130      1.279100104373e+02            -3.847411210385e+01           4.652327935766e+01            -1.127665639527e+02           
2140      1.375129545433e+02            -1.339796778888e+01           -8.308360531069e+00           -1.366062892829e+02           
2150      1.548010593991e+02            -7.655737897765e+00           2.066175772225e+01            -1.532248329617e+02           
2160      1.183184867410e+02            2.865591787537e+01            -2.032518529734e+01           -1.129822531110e+02           
2170      1.636300685526e+02            -2.514951299532e+01           -1.774600925336e+01           -1.607089931715e+02           
2180      1.195497788594e+02            -1.847649828596e+01           5.551942319871e+00            -1.179828147354e+02           
2190      1.094532871763e+02            -3.364467892412e+00           4.066633049880e+00            -1.093259572341e+02           
2200      1.403170033601e+02            4.909470674308e+00            -3.048329628427e+01           -1.368777818980e+02           
2210      1.423617306455e+02            -3.490742948236e+01           -2.091605832132e+00           -1.379998511027e+02           
2220      1.281211173967e+02            -5.645633495638e+00           -2.134757951231e+01           -1.262039159233e+02           
2230      1.294561779571e+02            -2.476841405591e+01           3.773777932725e+00            -1.270086070963e+02           
2240      1.386508133721e+02            -2.847322641887e+01           8.727306554443e+00            -1.354147611834e+02           
2250      1.464390754363e+02            7.623350963082e+00            -4.021991340875e+00           -1.461851939165e+02           
2260      1.215207057245e+02            1.024138173645e+01            -3.726264563839e+00           -1.210310330961e+02           
2270      1.314118875350e+02            1.059840378028e+01            5.567670167559e+00            -1.308654235149e+02           
2280      1.343665259281e+02            1.103394897703e+01            -2.115177738950e+01           -1.322316814278e+02           
2290      1.486029281592e+02            1.866578904584e+01            -1.274235061650e+01           -1.468742696239e+02           
2300      1.163824853094e+02            4.363623812504e+00            -1.532619830489e+01           -1.152863795924e+02           
2310      1.558468772955e+02            -2.390827165926e+01           -2.178730843435e+01           -1.524531301752e+02           
2320      1.583894498690e+02            1.475041864217e+01            4.417563163356e+00            -1.576392340611e+02           
2330      1.319113516742e+02            -2.033539518586e+01           1.121048694852e+01            -1.298514589272e+02           
2340      1.387610539741e+02            -1.344761299930e+01           1.125604436754e+01            -1.376484408550e+02           
2350      1.602509430394e+02            1.112296749683e+01            2.215940519338e+01            -1.583212086252e+02           
2360      1.283601592099e+02            9.404059005352e+00            -2.180653323330e+01           -1.261442398802e+02           
2370      1.405955307018e+02            -3.468934655610e+01           -1.296785759107e+01           -1.356303327370e+02           
2380      1.295180672241e+02            6.672215510957e+00            -4.876592310121e+01           -1.198010685333e+02           
2390      1.195589207322e+02            -1.184219386978e+01           -2.112991088843e+01           -1.170795662652e+02           
2400      1.376103155244e+02            1.073713542309e+00            -1.367231043003e+00           -1.375993341453e+02           
2410      1.489461358503e+02            1.834011987369e+01            3.669522142819e+01            -1.431853767397e+02           
2420      1.314517034894e+02            -1.163333738535e+01           -8.499391660045e+00           -1.306597725122e+02           
2430      1.350933267086e+02            1.191169501995e+01            -1.333526753053e+01           -1.339047761764e+02           
2440      1.381758091319e+02            -8.624993026728e+00           3.753424270924e+00            -1.378552702322e+02           
2450      1.281252128924e+02            6.339862776369e+00            1.023196125511e+01            -1.275585484692e+02           
2460      1.549526209542e+02            7.877178959890e+00            1.884869689465e+01            -1.536001022708e+02           
2470      1.144492305856e+02            -1.200071370867e+01           -1.854285511047e+01           -1.122976926587e+02           
2480      1.462537852170e+02            -1.480863234001e+01           -6.867840367682e+00           -1.453399699574e+02           
2490      1.579746111163e+02            -5.011011799481e+01           -1.298457951100e+01           -1.492526533326e+02           
2500      1.335144293883e+02            2.157946774295e+01            -7.332139422657e+00           -1.315548142726e+02           
2510      1.475651849351e+02            -1.974320738173e+01           -1.389734309827e+01           -1.455766238859e+02           
2520      1.469546705802e+02            -3.393713957274e-02           -3.749981994512e+00           -1.469068129416e+02           
2530      1.369335589365e+02            2.279797018281e+01            -1.188988996083e+01           -1.344978908209e+02           
2540      1.366856012663e+02            6.938211954555e+00            -1.920913771603e+01           -1.351511148182e+02           
2550      1.443975919384e+02            2.379382792992e+01            -2.688109918368e+01           -1.398639510980e+02           
2560      1.530497523197e+02            -6.938602182094e+00           -1.403241835020e+01           -1.522470811547e+02           
2570      1.378717850478e+02            -3.496014893957e+00           -2.954149797915e+01           -1.346243176001e+02           
2580      1.276525698151e+02            -1.151154534425e+01           -1.658214475228e+01           -1.260464016924e+02           
2590      1.470805701333e+02            4.892021534225e+01            -1.142924446061e+01           -1.382348690189e+02           
2600      1.692196524548e+02            -4.518827904454e+01           2.403625654893e+01            -1.612934238741e+02           
2610      1.160618582066e+02            -2.288543286654e+01           1.489115351217e+01            -1.128045452983e+02           
2620      1.340556709818e+02            -4.179412729847e+01           -4.483246993292e+01           -1.192234183600e+02           
2630      1.130400705590e+02            -4.973013177801e+00           -1.421185574987e+01           -1.120328070168e+02           
2640      1.440489242470e+02            -2.015036632699e+01           -1.354233735582e+01           -1.419882404023e+02           
2650      1.553988924895e+02            -1.358189398100e+01           -3.026377037152e+01           -1.518171668348e+02           
2660      1.238277716602e+02            -2.044617559077e+01           1.479875148295e+01            -1.212281646013e+02           
2670      1.579880217725e+02            2.992634099114e+01            1.363174954560e+01            -1.545276821246e+02           
2680      1.494593802323e+02            2.585218787612e+01            -2.478699071125e+01           -1.451047063776e+02           
2690      1.306628271387e+02            -4.218108169885e+01           -2.241627945939e+00           -1.236466976783e+02           
2700      1.669788434944e+02            -1.397941175524e+01           -1.405751483265e+01           -1.657977578209e+02           
2710      1.717764330857e+02            1.068998478544e+01            -9.142784066062e+00           -1.711995230381e+02           
2720      1.337081222455e+02            -1.313861438502e+01           -3.237127246657e+01           -1.290633158002e+02           
2730      1.521739626867e+02            1.123004515202e+00            -1.753621166115e+01           -1.511559957831e+02           
2740      1.465052695074e+02            1.442583650796e+01            7.179836608507e+00            -1.456164110970e+02           
2750      1.482221233282e+02            -1.905984432638e+01           -2.141855520831e+01           -1.454227137381e+02           
2760      1.237775766973e+02            1.118936574433e+00            2.022702522699e+00            -1.237559903540e+02           
2770      1.387222651601e+02            1.176981483770e+01            2.257701229910e+01            -1.363657465255e+02           
2780      1.175206958187e+02            -1.999945074863e+01           3.096421861795e+01            -1.115901119313e+02           
2790      1.084293255160e+02            2.182257337903e+01            -2.662721553775e+01           -1.028187011962e+02           
2800      1.256690746273e+02            5.476353181549e+00            -2.234505083543e+01           -1.235452329177e+02           
2810      1.403988743060e+02            -1.996757113165e+01           -1.627019153317e+00           -1.389621992420e+02           
2820      1.294652278639e+02            -3.926228825646e+01           -2.951125423902e+01           -1.197864926440e+02           
2830      1.421110832295e+02            -1.119460822336e+01           -1.626177451057e+01           -1.407330643920e+02           
2840      1.283415786699e+02            -4.747845232369e-01           -5.815195623104e+00           -1.282088877380e+02           
2850      1.288113441964e+02            4.132834010322e-01            -4.334506914354e+01           -1.212987904782e+02           
2860      1.423913119394e+02            -2.269405596708e+01           -1.058473135333e+01           -1.401721406049e+02           
2870      1.042997207811e+02            -2.434221891071e+01           -1.616457272805e+01           -1.001228980904e+02           
2880      1.723805325070e+02            8.578920520342e+00            -4.304976641252e+01           -1.666978335850e+02           
2890      1.497288208474e+02            4.376640685979e+00            -1.836137323059e+01           -1.485342545737e+02           
2900      1.165626278895e+02            1.107355950691e+01            -1.681908835879e+01           -1.148100203254e+02           
2910      1.145253041175e+02            8.098497529068e+00            -1.961462073588e+01           -1.125421088942e+02           
2920      1.291309434928e+02            1.591071826043e-01            1.510453634073e+00            -1.291220112221e+02           
2930      1.292562569410e+02            -2.897510008256e+01           -9.722893581968e+00           -1.255909585679e+02           
2940      1.403663994231e+02            1.413274819553e+01            -1.057834398032e+01           -1.392518946158e+02           
2950      1.447480490769e+02            6.648118861432e+00            -9.921997992096e+00           -1.442544771680e+02           
2960      1.312249630238e+02            -9.423804149392e+00           -6.185442735175e+00           -1.307399064330e+02           
2970      1.279694000078e+02            -4.654292403808e+00           3.176484675958e+01            -1.238769527027e+02           
2980      1.368960256596e+02            1.033236703540e+01            1.124324762036e+00            -1.365009154793e+02           
2990      9.930883595078e+01            -7.155786985682e+00           6.773110022009e+00            -9.881884734778e+01           
3000      1.341259588333e+02            2.597156125739e+01            -3.548427149852e+00           -1.315395739067e+02           
3010      1.357908958740e+02            -4.242374306136e+01           -6.688182804802e+00           -1.288202687378e+02           
3020      1.125757969966e+02            1.488054364498e+00            5.866354000749e+00            -1.124129959318e+02           
3030      1.069179285812e+02            2.110119423160e+00            7.476124358299e+00            -1.066353525464e+02           
3040      1.253194175710e+02            -1.498505733813e+01           -3.228653142604e+01           -1.201581639564e+02           
3050      1.340031090028e+02            -5.985154179382e+00           -1.699801271847e+01           -1.327858377820e+02           
3060      1.473732831326e+02            -2.064031235374e+01           -3.712094359024e+00           -1.458735152202e+02           
3070      1.476534646333e+02            -5.465503172956e-01           5.893744112540e+00            -1.475347778706e+02           
3080      1.453837715476e+02            -1.279909582079e-01           2.259069501255e+00            -1.453661626813e+02           
3090      1.390391352413e+02            -4.477732163579e-01           -1.435113858296e+00           -1.390310076063e+02           
3100      1.663524386183e+02            9.320576792498e+00            -1.499673370256e+00           -1.660843510458e+02           
3110      1.493220588689e+02            -1.766852391798e+01           8.427191200306e+00            -1.480333846667e+02           
3120      1.461123905458e+02            6.749106836349e+00            -2.102575139979e+01           -1.444340611005e+02           
3130      9.816199425975e+01            -3.482767524327e-01           -8.728255092543e+00           -9.777255946018e+01           
3140      1.651168489933e+02            -6.933016363690e+00           -2.303041476053e+00           -1.649551548316e+02           
3150      1.188314250802e+02            1.225981411772e+01            -1.119411517739e+01           -1.176660372826e+02           
3160      1.387811627803e+02            -4.387160166217e+00           1.815257419715e+01            -1.375189005859e+02           
3170      1.132377456965e+02            -5.621712472287e+00           3.200990479521e+00            -1.130528065077e+02           
3180      1.267373517175e+02            1.690110978427e+00            2.881372089713e+01            -1.234069257915e+02           
3190      1.227881444493e+02            -3.550982266276e+01           -2.157717928615e+01           -1.155439580671e+02           
3200      1.545609931562e+02            -1.158953230653e+01           2.984024615894e+00            -1.540969790211e+02           
3210      1.427671981718e+02            1.361549477822e+01            9.831269977136e+00            -1.417760110400e+02           
3220      1.608517146259e+02            -5.771961849163e+01           -3.166395512649e+01           -1.467620989392e+02           
3230      1.523687295774e+02            -9.213598265778e+00           -7.503842823936e+00           -1.519046796610e+02           
3240      1.547497016370e+02            2.690920894560e+00            -2.354758393837e+00           -1.547083844347e+02           
3250      1.477521196470e+02            -3.121532141987e+01           -2.043808734311e+01           -1.429635518395e+02           
3260      1.217121010197e+02            -2.594303562057e+01           -1.863842990532e+01           -1.174453207586e+02           
3270      1.178302926358e+02            -1.106547240362e+01           -2.039814131087e+00           -1.172918255525e+02           
3280      1.117335378648e+02            -2.206654448085e+01           -2.161940259155e+01           -1.073780821679e+02           
3290      1.218425633075e+02            9.613915369839e-01            1.549537310898e+01            -1.208494078258e+02           
3300      9.854812837168e+01            -3.397437252231e+00           -1.014756898646e+01           -9.796539118149e+01           
3310      1.330658451351e+02            -2.558111792480e+01           3.202680318078e+01            -1.265954557844e+02           
3320      1.189295669489e+02            -2.234473258125e+01           1.417662839922e+01            -1.159481695748e+02           
3330      1.421986976522e+02            -1.035109584067e+01           -1.061218488076e+01           -1.414238521641e+02           
3340      1.542128812685e+02            -3.841294953891e+01           5.639602280828e-01            -1.493510629548e+02           
3350      1.328260333921e+02            -1.537623995165e+01           -1.791076167275e+01           -1.307116330245e+02           
3360      1.749357523062e+02            1.512872077026e+01            2.696700932612e+01            -1.721813568618e+02           
3370      1.446807613494e+02            3.812444166143e+01            -2.154677597525e+01           -1.378941119038e+02           
3380      1.354609616136e+02            7.736896924782e+00            -2.513160669365e+01           -1.328842161141e+02           
3390      1.488606912550e+02            -2.523362556789e+01           4.948897713862e+01            -1.381072434139e+02           
3400      1.564473919742e+02            -3.243040554444e+01           7.918886916643e+00            -1.528441902126e+02           
3410      1.264422828397e+02            1.140661894544e+01            -1.045692103228e+01           -1.254918034633e+02           
3420      1.506662566550e+02            1.481449807317e+01            -6.020308928353e+00           -1.498152442900e+02           
3430      1.243858375874e+02            2.519824916362e+01            1.259156742497e+01            -1.211541879639e+02           
3440      1.481329411071e+02            -2.570322695354e+01           1.928103942104e+01            -1.446062027856e+02           
3450      1.379599584585e+02            2.140520663159e+01            -4.320630449541e+00           -1.362207745516e+02           
3460      1.558265353326e+02            -1.781146122101e+01           -7.719882672094e+00           -1.546126268274e+02           
3470      1.593685551990e+02            1.692421316038e+01            -3.588552963258e+01           -1.543506921206e+02           
3480      1.259921666156e+02            1.111961928331e+01            -3.971179250271e+00           -1.254376731722e+02           
3490      1.467523922663e+02            -2.893119153833e+01           -7.946207837912e+00           -1.436527360444e+02           
3500      1.432105705446e+02            -9.595213462922e+00           -2.914715990606e+01           -1.398843896356e+02           
3510      1.557570613340e+02            1.242140527720e+01            1.518644345269e+00            -1.552535492853e+02           
3520      1.444448204347e+02            -1.763256961270e+01           -1.167080978671e+01           -1.428887358688e+02           
3530      1.348305919144e+02            -2.797347338553e-02           -6.265242081913e+00           -1.346849452430e+02           
3540      1.483379481548e+02            2.152136453832e+01            2.837196644728e+01            -1.440000321219e+02           
3550      1.521494469244e+02            2.642650812848e+01            5.533494724651e-01            -1.498358691098e+02           
3560      1.178904921247e+02            -2.851938540570e+01           1.076865776423e+01            -1.138808535244e+02           
3570      1.130419461579e+02            2.275742115444e+01            -1.552927828908e+00           -1.107166192978e+02           
3580      1.454238438952e+02            2.120339370154e+00            3.581441690311e+01            -1.409287978949e+02           
3590      1.394698392978e+02            -2.545743653034e+01           -1.160060781220e+01           -1.366352110455e+02           
3600      1.303324035372e+02            -1.710728436806e+01           -1.053966063716e+00           -1.292004852501e+02           
3610      1.200163374200e+02            -1.238848295839e+01           -8.398378166847e-01           -1.193722807445e+02           
3620      1.341329744940e+02            5.219511787047e+00            -2.743434672517e+01           -1.311936285155e+02           
3630      1.534325419617e+02            1.174855970171e+00            9.390929976812e+00            -1.531403770416e+02           
3640      1.311828553879e+02            -1.411705433132e+01           7.290890942516e+00            -1.302171003901e+02           
3650      1.208385011343e+02            6.485787461289e+00            2.269349647248e+01            -1.185111097546e+02           
3660      1.170275321468e+02            -4.684026456510e+00           -1.283233325263e+01           -1.162275113724e+02           
3670      1.439926987728e+02            -1.000863487625e+01           3.671608621830e+01            -1.388727962583e+02           
3680      1.203772988127e+02            -2.525889563639e+01           -7.164048109436e-01           -1.176952379020e+02           
3690      1.210388019333e+02            1.051456849789e+01            1.942567625369e+01            -1.190062121271e+02           
3700      1.374049919141e+02            -8.404024647492e+00           -3.355726835197e+00           -1.371066857234e+02           
3710      1.368746455746e+02            -1.368558103954e+01           -4.613524257149e-01           -1.361879606527e+02           
3720      1.328124012700e+02            1.820884976280e+01            -1.296644569001e+01           -1.309176955479e+02           
3730      1.338320074806e+02            -4.300020794240e+01           -2.354048454598e+00           -1.267140355251e+02           
3740      1.352509130184e+02            -2.590209070337e+01           2.728781982860e+01            -1.299125323382e+02           
3750      1.571955337679e+02            -7.584062188573e+00           -7.862406307333e+00           -1.568154979725e+02           
3760      1.726097342068e+02            -3.152379198716e+01           -2.121162545905e+01           -1.683758825577e+02           
3770      1.536466779684e+02            -3.476511888440e+01           2.300474848294e+01            -1.478832975928e+02           
3780      1.381743152968e+02            2.216048419943e+01            -1.099169026367e+01           -1.359420357834e+02           
3790      1.595220117849e+02            -9.336865929129e+00           2.947113365622e+01            -1.564977554457e+02           
3800      1.404929996573e+02            -1.642463882652e+01           -5.388304932100e+01           -1.287055988991e+02           
3810      1.212711323737e+02            2.107515928625e+01            -3.820513975085e+01           -1.131498674541e+02           
3820      1.561237640143e+02            -4.759265320003e+01           2.623562518116e+01            -1.463600390227e+02           
3830      1.300958151320e+02            -8.050174683095e+00           -6.639943551735e+00           -1.296766245399e+02           
3840      1.493904936254e+02            -3.369887805171e+01           -1.361662373975e+01           -1.449016658345e+02           
3850      1.416213631167e+02            3.742140911094e+00            -5.115197197904e+01           -1.320078885335e+02           
3860      1.139334247306e+02            1.248861931984e+01            -1.022837606843e+01           -1.127840413415e+02           
3870      1.228614456373e+02            4.723407486779e+00            -7.897552744233e+00           -1.225163373043e+02           
3880      1.612957975280e+02            -4.404313493381e+01           1.484156938580e+01            -1.544547324739e+02           
3890      1.392950393590e+02            -1.598604338450e+00           -3.729847229906e+01           -1.341990179485e+02           
3900      1.466773469844e+02            -2.551496644926e+01           1.381206844752e+01            -1.437791965852e+02           
3910      1.320645639917e+02            1.293840245860e+01            2.674325267549e+01            -1.286796224757e+02           
3920      1.230854895141e+02            -2.780780023248e+00           1.677252365326e+01            -1.219056497529e+02           
3930      1.242096150795e+02            4.339668789011e+00            7.933238624693e+00            -1.238800204953e+02           
3940      1.489674775280e+02            1.004609276214e+01            3.322081676659e+01            -1.448680872885e+02           
3950      1.362967134477e+02            -2.210275467935e-01           -3.849770424332e+01           -1.307465946458e+02           
3960      1.388203093644e+02            -2.862785208484e+01           4.204080463221e+00            -1.357713153965e+02           
3970      1.483959068253e+02            -8.498527958500e+00           2.214995832346e+01            -1.464871992063e+02           
3980      1.240614651016e+02            1.023459823116e+01            3.603647032752e+00            -1.235860584786e+02           
3990      1.097512283170e+02            2.036867338845e+01            -2.194940845710e+01           -1.055872754164e+02           
4000      1.387511914931e+02            -3.740779423914e+01           -3.422925545732e+01           -1.291545900917e+02           
4010      1.386206634629e+02            -8.151908823185e+00           1.468866051741e+01            -1.375989751911e+02           
4020      1.504528301371e+02            -9.603422274372e-01           -2.864724745861e+01           -1.476972140973e+02           
4030      1.563772848191e+02            -1.177593279323e+00           -5.361455817837e+00           -1.562809114159e+02           
4040      1.516799388072e+02            -6.083486157259e+00           -1.053320257094e+01           -1.511914239510e+02           
4050      1.343860896549e+02            -4.926475359684e+01           4.576050639714e+00            -1.249466482396e+02           
4060      1.490147100636e+02            4.109209183351e+01            -6.039075904293e+01           -1.298837173256e+02           
4070      1.286791624693e+02            1.711891625162e+01            6.515847888529e+00            -1.273688081379e+02           
4080      1.215904799190e+02            9.510968467418e+00            -3.029671974779e+01           -1.173707589575e+02           
4090      1.127691639310e+02            8.184079775600e+00            -1.424087021132e+00           -1.124627811682e+02           
4100      1.252728080145e+02            -8.731239152259e+00           3.910027566956e+01            -1.186937670363e+02           
4110      1.055237506036e+02            1.788014130465e+01            6.264122243032e+00            -1.038090711879e+02           
4120      1.234561299756e+02            1.119019374618e-01            -4.065709829130e+01           -1.165693092758e+02           
4130      1.216560130191e+02            -1.136860677596e+01           2.212220511143e+01            -1.190863062014e+02           
4140      1.468836984885e+02            -1.470581402235e+01           1.279473170107e+01            -1.455845278740e+02           
4150      1.489905950862e+02            -1.629715375379e+01           6.021398005844e+00            -1.479741293934e+02           
4160      9.342034162345e+01            -1.913865494915e+01           -4.936614425315e-01           -9.143756566182e+01           
4170      1.219431798638e+02            -1.641475452154e+01           -1.513143291340e+01           -1.198821700140e+02           
4180      1.744970868561e+02            -5.040647268506e+01           -4.547513379882e+00           -1.669962303609e+02           
4190      1.381692268003e+02            2.329093622788e+01            2.152378328636e+00            -1.361750152992e+02           
4200      1.380531148828e+02            3.257037771889e+01            4.251246081391e+01            -1.272419887445e+02           
4210      1.355249940202e+02            1.258137175934e+01            -1.266066214464e+01           -1.343444852716e+02           
4220      1.373504599031e+02            2.035578604328e+01            3.269751224556e+01            -1.318395369497e+02           
4230      1.424315357639e+02            -2.710184129432e+01           -5.141107452693e+00           -1.397347544195e+02           
4240      1.353331461075e+02            2.256751176622e+01            -2.026613787582e+01           -1.318903010219e+02           
4250      1.277991230211e+02            3.173396374099e+01            -2.551356476966e+00           -1.237701982320e+02           
4260      1.390636030935e+02            -6.036004652904e+00           -1.872528405977e+01           -1.376648687577e+02           
4270      1.362334873154e+02            -4.566377573000e+00           -1.739796308120e+01           -1.350408165800e+02           
4280      1.209153368962e+02            8.788329705828e-01            -3.995907346287e+00           -1.208460966429e+02           
4290      1.615555674323e+02            -3.554218824290e+01           -2.555520984823e+01           -1.555116891841e+02           
4300      1.442105793993e+02            -1.147111931698e+01           -1.860981975661e+00           -1.437415784607e+02           
4310      1.238582716461e+02            -1.707635631208e+01           -6.320591765630e+00           -1.225125284613e+02           
4320      1.386641538807e+02            7.931618778916e+00            -1.206509553696e+01           -1.379103711280e+02           
4330      1.248607355715e+02            -1.219326718226e+00           1.985039468447e+01            -1.232666960727e+02           
4340      1.209594266932e+02            4.403485942473e-02            9.068324737426e+00            -1.206190136477e+02           
4350      1.156893113377e+02            -3.245335605040e+01           2.133205295213e+01            -1.089758686853e+02           
4360      1.232631577215e+02            1.189720657302e+01            3.049347242684e+01            -1.188377493332e+02           
4370      1.360113621122e+02            -1.276056658423e+01           5.621703132773e+00            -1.352946969321e+02           
4380      1.414666981383e+02            2.143191903011e+00            -3.423594433216e+01           -1.372447941683e+02           
4390      1.549828530504e+02            -1.225097447592e-01           -5.670476455304e+01           -1.442367477725e+02           
4400      1.534316463455e+02            1.317317795761e+01            9.799143194540e+00            -1.525506941166e+02           
4410      1.157274580491e+02            -4.493198946380e+01           -8.154767262381e+00           -1.063365442369e+02           
4420      1.476238373417e+02            1.165102441158e+01            2.473818872549e+01            -1.450692007292e+02           
4430      1.327091129248e+02            -1.041517922860e+01           -8.929108012478e+00           -1.319981201571e+02           
4440      1.358076081795e+02            -5.708856843170e-01           -4.322083238336e+00           -1.357376149984e+02           
4450      1.100027632602e+02            -7.490757643068e+00           1.406101106109e+00            -1.097384133041e+02           
4460      1.258070731095e+02            -1.544242171130e+01           -2.060513844054e+01           -1.231437352280e+02           
4470      1.332976273841e+02            -2.466017499051e+00           -4.460670793200e+01           -1.255882869992e+02           
4480      1.358672841944e+02            -3.807980143897e+01           1.336915114919e+01            -1.297347811278e+02           
4490      1.541743754024e+02            -6.588028145544e-01           3.739853477394e+00            -1.541276013748e+02           
4500      1.630725924960e+02            2.620513412974e+00            1.060883890787e+00            -1.630480844971e+02           
4510      1.403480142371e+02            1.095542313608e+01            9.220452839025e-01            -1.399167382292e+02           
4520      1.337356055722e+02            1.348067463759e+01            -1.942819043473e+01           -1.316283746976e+02           
4530      1.274890235199e+02            6.580354446756e+00            -1.620393515698e+01           -1.262837382201e+02           
4540      1.267583065915e+02            -2.063667163374e+01           -2.928016374565e+01           -1.215913980710e+02           
4550      1.398034058753e+02            3.025791392062e+01            -3.443452212603e+01           -1.320746555001e+02           
4560      1.383755157162e+02            -2.471428564755e+01           -4.054976637750e+00           -1.360902075799e+02           
4570      1.341475585367e+02            -2.623510136115e+01           -4.755717463148e+00           -1.314711758118e+02           
4580      1.519963250187e+02            1.126998621251e+01            -1.455223643235e+01           -1.508777738595e+02           
4590      1.382091986776e+02            3.651831578214e+01            2.789139490377e+00            -1.332682104346e+02           
4600      1.181600731371e+02            -9.356766940770e+00           2.899350359610e+01            -1.141649269496e+02           
4610      1.244258501472e+02            -2.255632273708e+01           -9.171524976225e+00           -1.220200295814e+02           
4620      1.531620102044e+02            -2.628252257045e+00           -3.392192688515e+01           -1.493351818439e+02           
4630      1.245755372345e+02            -8.422369392061e+00           4.305278294964e+00            -1.242159118224e+02           
4640      1.339992717766e+02            -7.026487646362e+00           7.536645289762e+00            -1.336025160160e+02           
4650      1.681245509437e+02            -5.202557134899e+00           4.782540942601e+00            -1.679759665291e+02           
4660      1.304688416126e+02            1.035283506577e+01            -1.417365415965e+00           -1.300497155441e+02           
4670      1.419654433237e+02            9.349901394085e+00            -2.494484456671e+01           -1.394436128748e+02           
4680      1.670973518937e+02            -1.492980527771e+01           1.230698975334e+01            -1.659733831898e+02           
4690      1.850405455577e+02            -1.532157383139e+01           3.004476143107e+01            -1.819411036192e+02           
4700      1.416052057511e+02            -2.588228586284e+01           9.174430716089e+00            -1.389171385948e+02           
4710      1.270131063256e+02            7.099852864578e+00            2.358244314500e+01            -1.246025266321e+02           
4720      1.362561260669e+02            -3.035414500171e+01           1.509850613765e+01            -1.319711820224e+02           
4730      1.396690624763e+02            -1.463624244766e+01           -2.042246196745e+01           -1.373905035555e+02           
4740      1.395103061614e+02            4.022571713093e+00            -1.907514320645e+01           -1.381415337750e+02           
4750      1.286424381263e+02            9.562713365137e-01            -3.787815060200e+01           -1.229357886833e+02           
4760      1.205665834733e+02            1.367530886473e+01            -6.998317317420e+00           -1.195839058260e+02           
4770      1.429487008729e+02            -2.974606750688e+00           -2.586821784522e+01           -1.405571702243e+02           
4780      1.335225119401e+02            -6.674726494933e+00           -5.814726496985e+00           -1.332287438085e+02           
4790      1.412874495823e+02            -1.063466573210e+01           -8.941028158579e+00           -1.406026504363e+02           
4800      1.150230082340e+02            6.790751859670e+00            1.760449683512e+01            -1.134647954370e+02           
4810      1.606901881118e+02            -3.154240737439e+01           -2.561848315910e+01           -1.554673805435e+02           
4820      1.320820732072e+02            7.809374642308e+00            -7.341969434786e+00           -1.316464325959e+02           
4830      1.375177455173e+02            -1.891076422247e+01           -7.195960039477e+00           -1.360210700142e+02           
4840      1.449960830828e+02            -1.156955786280e+01           3.564389395979e+00            -1.444898078359e+02           
4850      1.632811768537e+02            7.304754375795e+00            -2.824730330582e+01           -1.606532699144e+02           
4860      1.494366475469e+02            -1.414917709400e+01           8.596899871507e+00            -1.485166850230e+02           
4870      1.334818566760e+02            -1.900652654793e+01           -7.870752553057e+00           -1.318871080299e+02           
4880      1.217004317749e+02            1.335918933819e+01            -1.484190598274e+01           -1.200510099134e+02           
4890      1.327707774170e+02            -3.937233587209e+00           6.695284075350e+00            -1.325433917581e+02           
4900      1.554698308610e+02            2.564951237952e+01            -1.532322817239e+01           -1.525718502903e+02           
4910      1.324031043454e+02            -4.173045660248e+01           -1.221769268835e+01           -1.250595019078e+02           
4920      1.299113077353e+02            -2.093395407072e+01           3.563309623928e+01            -1.231624938724e+02           
4930      1.290730697971e+02            -3.349174295388e+01           -2.520317538876e+01           -1.220776820352e+02           
4940      1.369874450626e+02            1.631381116153e+01            -2.243478889833e+01           -1.341495431123e+02           
4950      1.173739433946e+02            8.394634750370e-01            4.599145436865e+00            -1.172807987282e+02           
4960      1.124383049535e+02            4.430284044606e+00            -3.919639730486e+01           -1.052919153707e+02           
4970      1.304373864890e+02            1.277183842472e+01            8.904526373432e-01            -1.298075461267e+02           
4980      1.408632670775e+02            2.464610234618e+01            -7.653634870060e+00           -1.384790652921e+02           
4990      9.000399326729e+01            1.723344484170e+01            -3.762296449727e+00           -8.825855374054e+01           
5000      1.308972341535e+02            5.815639545269e+00            5.127186186914e+00            -1.306674259620e+02           
