@    title "Magnitude of Electric Field"
@    xaxis  label "Residues"
@    yaxis  label "MV/cm"
#time     EField_per_residue            Std.Deviation         EField_residue_alignement   Std.Deviation
@type xydy
21        4.759494593773e-01            2.193118854433e-01            0.010802            0.008471                      
22        2.980300022647e+00            5.569420402700e-02            0.076793            0.034988                      
23        6.550461252612e+00            2.258853977516e-01            0.168389            0.077229                      
24        1.022402374864e-01            1.923117000768e-02            0.002569            0.001318                      
25        7.212940675042e-02            2.705812755837e-02            0.001095            0.000963                      
26        4.211949632161e-02            1.399701778212e-02            0.001003            0.000661                      
27        4.638776769027e-02            1.947966811705e-02            0.000995            0.000765                      
28        8.486507428897e-02            2.107874129953e-02            0.002085            0.001212                      
29        3.836287132372e-02            1.173793229760e-02            0.000800            0.000535                      
30        2.161946361417e-01            2.415941453980e-02            0.005519            0.002639                      
31        2.535766029266e-01            3.077879266496e-02            0.006318            0.003419                      
32        1.189691733234e-01            1.545470312072e-02            0.002880            0.001474                      
33        2.949925785005e-01            1.428939644327e-02            0.007573            0.003437                      
34        4.616675994143e-01            4.610266665142e-02            0.011774            0.005543                      
35        4.966401490509e-01            2.421849349570e-02            0.012680            0.005946                      
36        3.502742839782e-01            1.131079437133e-02            0.008977            0.004136                      
37        5.038970387251e-01            4.324109718685e-02            0.011819            0.006016                      
38        5.665533635192e-01            2.120156807317e-02            0.014467            0.006727                      
39        5.992078022214e-01            2.912567532917e-02            0.015422            0.007048                      
40        3.637305201310e-01            1.241346613604e-02            0.009319            0.004296                      
41        2.415980711409e-01            1.672673838141e-02            0.006121            0.002886                      
42        2.526912008559e-01            6.672356173644e-02            0.005316            0.003359                      
43        8.879137871952e-02            2.880711635652e-02            0.001955            0.001366                      
44        1.391130187597e-01            2.906313491502e-02            0.003450            0.001777                      
45        1.341416820478e-01            2.218142105839e-02            0.003331            0.001796                      
46        9.225088856802e+00            1.777653516676e-01            0.236795            0.107883                      
47        2.211410254138e-01            3.628573287843e-02            0.005632            0.002812                      
48        5.468602389258e-01            2.776971404838e-02            0.013960            0.006498                      
49        5.847815704914e+00            9.376341712898e-02            0.150269            0.068228                      
50        1.219173737771e-01            2.302060043697e-02            0.002958            0.001497                      
51        6.196610078387e-02            2.396975503279e-02            0.001231            0.000930                      
52        8.721288616885e+00            1.358350115545e-01            0.223907            0.101486                      
53        1.603980848134e-01            3.939740443441e-02            0.003573            0.002010                      
54        3.077420479337e-01            3.585905177715e-02            0.007783            0.003877                      
55        7.905292084908e-01            1.789707398495e-01            0.019246            0.010548                      
56        8.632519299223e-01            1.365874285609e-01            0.021456            0.010809                      
57        1.103111743985e+00            7.055030997025e-02            0.027799            0.012842                      
58        3.184909010726e+00            7.971793508333e-02            0.081488            0.037620                      
59        6.156223447475e+00            6.125634705813e-01            0.156951            0.075197                      
60        4.064177746345e+00            3.838479340338e-01            0.101664            0.047527                      
61        2.580317780884e+00            3.228586456553e-01            0.064770            0.032504                      
62        9.375695914119e+00            6.192440263247e-01            0.238413            0.110904                      
63        1.330361625602e+02            7.567389454329e+00            3.322207            1.715931                      
64        9.681105277299e+01            9.737509155217e+00            2.614903            1.005005                      
65        3.661091516502e+01            3.286639383219e+00            0.948889            0.427090                      
66        1.287858427599e+01            1.207244423763e+00            0.332621            0.150979                      
67        1.350440068649e+00            3.149492002834e-01            0.033436            0.016993                      
68        3.053021946019e+01            6.617712631426e-01            0.785327            0.357109                      
69        3.092586568120e+00            2.234258540214e-01            0.079397            0.036854                      
70        9.456729291034e-01            3.056852500052e-01            0.022340            0.015576                      
71        1.163438618858e+00            1.001873741555e-01            0.029718            0.013043                      
72        7.424425557796e-01            1.689006749075e-01            0.017614            0.010459                      
73        1.202810181000e-01            4.586367144681e-02            0.002413            0.001693                      
74        5.613009765094e+00            1.190818706543e-01            0.144305            0.065792                      
75        1.773637214800e-01            1.842158420849e-02            0.004500            0.002190                      
76        4.640004317150e-01            4.025189127633e-02            0.011861            0.005461                      
77        1.096816757807e+01            2.366118432326e-01            0.281826            0.127648                      
78        3.712282009810e-01            1.507632650824e-02            0.009356            0.004220                      
79        8.048291787623e-01            2.282065164444e-02            0.020601            0.009458                      
80        1.090609416826e+00            8.055285969971e-02            0.027632            0.013123                      
81        1.108158658709e+00            3.488144894591e-02            0.028436            0.012943                      
82        8.744676149216e-01            3.362611290448e-02            0.022527            0.010155                      
83        1.295709438466e+00            7.765537739490e-02            0.033029            0.015360                      
84        1.312880161911e+00            1.170892659201e-01            0.033247            0.015221                      
85        1.064657509403e+00            9.085583243023e-02            0.027205            0.012554                      
86        6.314236333064e-01            8.381857754459e-02            0.016037            0.007558                      
87        2.417335391327e-01            7.473087849494e-02            0.005322            0.004116                      
88        3.815318349916e-01            1.240074636082e-01            0.008920            0.005693                      
89        5.432663665386e-01            9.379919979953e-02            0.013805            0.006614                      
90        1.829362533548e-01            5.751963797050e-02            0.004389            0.002811                      
91        7.279487113727e-01            8.347323241645e-02            0.018444            0.008765                      
92        1.713254269588e+00            1.822985182041e-01            0.043454            0.020985                      
93        7.170008859021e-02            3.293240886290e-02            0.001520            0.001226                      
94        4.238276131074e-01            4.152876212473e-02            0.010897            0.005076                      
95        1.205805069924e+00            5.900101229030e-02            0.030919            0.014037                      
96        9.707312295058e-01            2.627190065410e-01            0.024236            0.014731                      
97        8.316473928852e+00            1.932682559147e-01            0.213931            0.097676                      
98        5.852320021322e-01            2.460662103762e-02            0.015022            0.006948                      
99        7.659209634158e-01            2.402529370204e-02            0.019680            0.009081                      
100       3.831920938296e-01            2.116496425995e-02            0.009840            0.004502                      
101       9.228185055895e-02            5.962879259152e-02            0.002044            0.002465                      
102       3.210512818274e-01            1.078060622842e-02            0.008229            0.003811                      
103       3.306138545284e-01            1.170712655720e-01            0.005596            0.005771                      
104       3.152876657524e-01            1.457474528754e-02            0.008087            0.003685                      
105       1.732106222865e-01            9.869880055470e-03            0.004459            0.002083                      
106       3.410580877429e-01            2.150223988849e-02            0.008667            0.004038                      
107       2.698160838676e-01            8.934041377048e-03            0.006957            0.003193                      
108       1.781644041919e-01            7.942215014152e-03            0.004581            0.002083                      
109       1.739539243927e-01            2.064613832177e-02            0.004276            0.002024                      
110       1.530860723867e-01            4.856933130081e-02            0.003441            0.002580                      
111       9.078844970442e-02            1.510452383722e-02            0.002292            0.001165                      
112       2.513332208534e+00            5.313573728065e-02            0.064699            0.029425                      
1         4.023640303769e-01            1.373581979329e-01            0.006735            0.005754                      
2         4.591976068574e-01            1.052499718637e-01            0.007959            0.007274                      
3         2.790590055814e-01            9.294570911717e-02            0.005666            0.004338                      
4         4.016598277349e-01            1.143404740918e-01            0.006480            0.007429                      
5         2.828372840605e-01            8.489922688565e-02            0.004615            0.004234                      
6         4.187074462306e-01            9.322905864957e-02            0.007156            0.005152                      
7         4.254825394194e-01            4.562132460429e-02            0.009054            0.005362                      
8         2.949374584538e-01            9.647709158325e-02            0.004291            0.004502                      
9         3.401515549446e-01            9.274975526435e-02            0.005113            0.004241                      
10        4.139050834670e-01            1.005727511779e-01            0.007927            0.005729                      
11        5.075001269406e-01            8.148822272856e-02            0.006913            0.006019                      
12        3.981886441495e-01            1.020939295861e-01            0.006364            0.004978                      
13        4.431849704839e-01            9.165877344094e-02            0.007269            0.005189                      
14        2.893272307751e-01            9.077808192393e-02            0.004572            0.004504                      
15        3.252906729210e-01            8.238483842135e-02            0.004645            0.004172                      
16        3.564763501107e-01            1.273259143730e-01            0.004702            0.005023                      
17        4.545533428321e-01            8.878235642644e-02            0.006917            0.006091                      
18        1.921806631978e-01            4.144514715411e-02            0.003333            0.002553                      
19        1.635150016408e-01            2.209356997507e-02            0.002416            0.002338                      
20        2.979442785316e-01            1.012437809046e-01            0.005100            0.004035                      
21        2.436866473443e-01            7.094571206444e-02            0.003662            0.003084                      
22        2.424176093433e-01            4.988760401512e-02            0.003202            0.003161                      
23        2.344410760851e-01            5.677110798892e-02            0.003311            0.003122                      
24        2.622432284309e-01            5.900699999277e-02            0.003934            0.003605                      
25        2.234948330974e-01            6.889117415750e-02            0.003918            0.003370                      
26        2.621445799889e-01            7.658442924765e-02            0.004064            0.003525                      
27        3.559299035870e-01            6.610427906389e-02            0.005899            0.005404                      
28        2.084463456902e-01            5.158612544882e-02            0.002682            0.003277                      
29        1.541864405626e-01            3.790576623136e-02            0.002210            0.002074                      
30        2.197424728743e-01            6.304666633229e-02            0.003235            0.003207                      
31        1.667548433764e-01            5.211965859592e-02            0.002299            0.002205                      
32        1.625802231591e-01            4.033249427616e-02            0.002919            0.002614                      
33        1.591818427787e-01            4.464306631246e-02            0.002629            0.002304                      
34        1.942972146001e-01            3.847457493703e-02            0.002599            0.002317                      
35        1.957456104551e-01            5.901266489059e-02            0.003095            0.002605                      
36        2.008368191870e-01            7.534019371991e-02            0.002849            0.002651                      
37        1.557883908855e-01            3.300944748401e-02            0.002506            0.002118                      
38        2.008132969764e-01            4.711056781924e-02            0.003606            0.002629                      
39        1.486042524295e-01            3.200909490515e-02            0.002250            0.002068                      
40        1.323650557760e-01            3.433265319256e-02            0.001934            0.001699                      
41        1.951375579898e-01            5.575783950228e-02            0.003138            0.003264                      
42        1.599386152010e-01            3.679893259361e-02            0.002229            0.001891                      
43        1.078163299415e-01            2.983019617420e-02            0.001772            0.001570                      
44        1.561333837779e-01            4.116671565313e-02            0.002004            0.001998                      
45        9.389091617684e-02            3.352131362924e-02            0.001768            0.001629                      
46        1.371125358895e-01            3.512283302684e-02            0.002104            0.001726                      
47        9.943536070695e-02            2.959286510256e-02            0.001516            0.001334                      
48        1.542188134949e-01            3.987130232984e-02            0.002454            0.002070                      
49        1.022495368249e-01            2.719423376382e-02            0.001631            0.001294                      
50        9.945564859299e-02            2.104360768283e-02            0.001292            0.001155                      
51        8.716823649273e-02            2.127850732553e-02            0.001492            0.001189                      
52        7.372671971276e-02            1.841436608545e-02            0.001202            0.000973                      
53        1.339507212454e-01            3.156506754733e-02            0.001729            0.001644                      
54        1.238666414306e-01            3.939379620253e-02            0.001984            0.001847                      
55        1.210368985471e-01            3.755685334198e-02            0.002014            0.001936                      
56        1.373544981474e-01            3.352413386694e-02            0.001824            0.002170                      
57        1.340655536964e-01            3.512755947235e-02            0.002251            0.001799                      
58        1.527265517084e-01            4.655307042969e-02            0.002570            0.002283                      
59        1.273513524420e-01            3.162193416364e-02            0.002266            0.001902                      
60        1.820163777303e-01            4.476167842322e-02            0.002383            0.002372                      
61        1.649158428375e-01            3.354552466184e-02            0.002613            0.002073                      
62        1.275704412456e-01            3.651680752025e-02            0.001827            0.001572                      
63        1.019352297078e-01            2.959591598986e-02            0.001788            0.001657                      
64        7.810442342786e-02            2.290791591818e-02            0.001365            0.001182                      
65        9.603273509370e-02            2.289377229126e-02            0.001345            0.001183                      
66        1.017578445577e-01            2.074280751818e-02            0.001272            0.001416                      
67        1.025048268186e-01            2.636252409423e-02            0.001630            0.001643                      
68        1.211122795091e-01            3.016453744214e-02            0.002005            0.002136                      
69        9.274257155279e-02            2.200570334662e-02            0.001399            0.001189                      
70        1.013296216458e-01            3.219887002390e-02            0.001390            0.001200                      
71        6.453082856957e-02            1.637205471725e-02            0.001055            0.000838                      
72        9.910210318859e-02            2.545902549514e-02            0.001339            0.001589                      
73        1.000384372178e-01            2.079459952028e-02            0.001395            0.001520                      
74        1.191037602956e-01            3.970699933428e-02            0.002221            0.001771                      
75        8.454952409884e-02            2.137521058813e-02            0.001268            0.001172                      
76        9.385648077852e-02            2.395710865293e-02            0.001436            0.001381                      
77        6.419758226712e-02            1.452779389161e-02            0.001014            0.000814                      
78        9.296499573712e-02            2.139398589967e-02            0.001745            0.001389                      
79        1.092581866586e-01            4.217366318841e-02            0.001654            0.001504                      
80        7.424513149748e-02            1.496210157157e-02            0.000944            0.000873                      
81        6.540932096279e-02            2.047557630723e-02            0.001093            0.000879                      
82        6.628483776012e-02            9.800152430558e-03            0.000808            0.000836                      
83        7.812743335973e-02            2.588879783421e-02            0.001166            0.001049                      
84        1.006258261175e-01            3.310068268859e-02            0.001670            0.001704                      
85        6.823892893799e-02            1.888690628413e-02            0.001278            0.001171                      
86        6.662861491396e-02            2.125862053441e-02            0.001081            0.000958                      
87        7.161745748679e-02            1.968974571413e-02            0.000976            0.001131                      
88        6.815859639452e-02            1.624627461943e-02            0.000919            0.001047                      
89        5.819556379481e-02            1.726712894286e-02            0.000888            0.000720                      
90        6.937624062921e-02            1.893679058117e-02            0.001248            0.000994                      
91        5.632351976711e-02            1.437093198662e-02            0.000757            0.000824                      
92        7.659671797434e-02            2.297392681027e-02            0.001456            0.001016                      
93        6.882804491208e-02            2.348013569103e-02            0.001116            0.000970                      
94        4.676515373558e-02            9.260488130759e-03            0.000692            0.000611                      
95        5.577533222355e-02            1.203828917883e-02            0.000813            0.000721                      
96        4.910575556338e-02            1.260431954882e-02            0.000934            0.000690                      
97        3.786698129828e-02            7.378763164543e-03            0.000615            0.000496                      
98        4.817476283768e-02            8.578828842270e-03            0.000611            0.000496                      
99        3.854443996030e-02            1.009401759602e-02            0.000533            0.000484                      
100       4.681344451703e-02            7.400245001242e-03            0.000614            0.000574                      
101       1.830360358054e-01            4.918304944526e-02            0.004183            0.002595                      
102       1.225928639947e-01            4.207573077313e-02            0.001666            0.001664                      
103       1.764094588532e-01            3.073242275276e-02            0.002635            0.002857                      
104       1.891143427685e-01            3.809433884650e-02            0.003178            0.003041                      
105       1.814731186292e-01            4.582602625525e-02            0.003029            0.002444                      
106       2.428740010712e-01            6.112350863192e-02            0.005900            0.003466                      
107       1.206919220996e-01            3.600388626266e-02            0.002074            0.002112                      
108       1.754856700362e-01            4.571701492936e-02            0.003044            0.002701                      
109       2.480600175593e-01            7.041164774220e-02            0.003983            0.003768                      
110       1.710953177426e-01            3.570056782957e-02            0.003383            0.002614                      
111       2.183717745310e-01            6.813273353185e-02            0.003398            0.002699                      
112       1.518926233485e-01            3.204355253368e-02            0.002098            0.001843                      
113       1.865687118967e-01            4.730490202086e-02            0.003087            0.002512                      
114       1.341535036266e-01            1.861028887605e-02            0.002005            0.001769                      
115       1.273836046105e-01            2.862737784057e-02            0.001854            0.001615                      
116       1.978304522379e-01            7.624602468188e-02            0.003643            0.003044                      
117       1.563328595577e-01            4.326128530939e-02            0.002819            0.002144                      
118       2.171618358718e-01            2.315612627816e-02            0.004552            0.002913                      
119       1.662648781005e-01            3.043981367090e-02            0.002797            0.002117                      
120       1.237118636383e-01            2.313594261653e-02            0.002249            0.001954                      
121       1.352791687857e-01            2.571913885115e-02            0.001971            0.001825                      
122       1.074074216215e-01            1.260844510819e-02            0.001713            0.001612                      
123       2.152895206246e-01            5.910974073179e-02            0.003387            0.002809                      
124       1.408758838688e-01            3.841686935416e-02            0.002828            0.002115                      
125       1.143381868325e-01            3.114484742108e-02            0.002013            0.002048                      
126       1.273016669565e-01            2.619499073051e-02            0.001894            0.001527                      
127       1.117646799042e-01            2.634810377381e-02            0.001885            0.001606                      
128       9.466888262002e-02            1.444500356639e-02            0.001827            0.001281                      
129       1.215220300971e-01            2.924780627301e-02            0.002188            0.001724                      
130       9.890521178633e-02            2.365139394378e-02            0.001720            0.001309                      
131       1.198165635728e-01            2.515895174879e-02            0.001972            0.001552                      
132       1.336795567574e-01            3.875789166366e-02            0.002046            0.001985                      
133       1.191754074101e-01            2.306343626242e-02            0.002426            0.001886                      
134       1.434028911786e-01            3.989671652425e-02            0.001970            0.002401                      
135       1.105916548092e-01            2.376505217531e-02            0.002123            0.001530                      
136       1.277458654993e-01            3.239205092934e-02            0.001921            0.001632                      
137       1.457896101331e-01            2.828672657123e-02            0.003443            0.001953                      
138       9.622161303022e-02            2.011269590355e-02            0.001749            0.001334                      
139       1.251991382464e-01            3.772846487695e-02            0.002063            0.001643                      
140       1.185230312291e-01            2.480517800745e-02            0.002470            0.001668                      
141       1.503785349573e-01            2.213402152093e-02            0.001952            0.001939                      
142       9.436966682888e-02            2.171778764470e-02            0.001644            0.001352                      
143       9.181701846076e-02            1.799629638348e-02            0.001456            0.001248                      
144       1.109990432347e-01            3.117833417057e-02            0.001629            0.001358                      
145       8.891685708241e-02            1.728300697318e-02            0.001665            0.001212                      
146       1.072685917546e-01            2.395330466429e-02            0.002325            0.001570                      
147       9.195247817456e-02            2.204234128543e-02            0.001686            0.001454                      
148       9.916062468950e-02            2.659346118025e-02            0.001506            0.001307                      
149       1.124881487954e-01            1.657566899123e-02            0.001950            0.001417                      
150       1.009691875725e-01            3.192750190148e-02            0.001521            0.001455                      
151       6.383146956646e-02            8.574619677605e-03            0.001166            0.000928                      
152       8.246861621859e-02            1.171264102742e-02            0.001221            0.001203                      
153       7.609771871594e-02            1.460802008567e-02            0.001152            0.000874                      
154       8.351223678179e-02            1.853539416423e-02            0.001214            0.001046                      
155       7.672093233987e-02            1.504680796119e-02            0.001132            0.001050                      
156       1.038231189892e-01            1.979561071873e-02            0.001711            0.001302                      
157       8.309382500233e-02            2.223416431698e-02            0.001290            0.001179                      
158       1.008436899176e-01            3.208173571883e-02            0.001849            0.001649                      
159       6.662805185427e-02            1.804707630653e-02            0.000906            0.000817                      
160       9.936663479160e-02            1.875403361709e-02            0.001834            0.001483                      
161       7.177888091314e-02            1.856200293489e-02            0.001410            0.001013                      
162       7.310459485799e-02            1.423257997573e-02            0.001092            0.000902                      
163       6.887518674591e-02            1.567617946699e-02            0.001166            0.000877                      
164       9.440971842126e-02            1.733817689452e-02            0.001250            0.001115                      
165       9.091248172812e-02            2.053980310365e-02            0.001341            0.001196                      
166       8.107764751040e-02            1.671297428655e-02            0.001482            0.001119                      
167       8.750611670389e-02            1.678657761870e-02            0.001452            0.001063                      
168       5.535166576173e-02            1.298796315840e-02            0.000918            0.000719                      
169       6.541807189948e-02            1.881230926736e-02            0.000983            0.000902                      
170       6.667359636476e-02            1.390442077377e-02            0.000890            0.000851                      
171       5.974388846063e-02            1.226116459921e-02            0.000892            0.000727                      
172       7.311303145201e-02            1.781595426556e-02            0.001399            0.001049                      
173       9.822179093568e-02            2.017665316243e-02            0.001749            0.001241                      
174       5.504388585953e-02            1.427268584414e-02            0.000871            0.000848                      
175       6.135913409704e-02            1.795809786289e-02            0.000906            0.000979                      
176       8.433944485597e-02            1.766298156353e-02            0.001379            0.001394                      
177       5.808970704922e-02            1.127572384708e-02            0.000983            0.000773                      
178       7.986363460730e-02            1.611363144279e-02            0.001155            0.000960                      
179       6.877888194307e-02            2.015185133494e-02            0.001188            0.000823                      
180       6.423438843101e-02            1.484571968718e-02            0.000895            0.000927                      
181       5.398726226364e-02            1.350075424261e-02            0.000801            0.000785                      
182       7.966991706704e-02            1.766337284879e-02            0.001422            0.001105                      
183       4.394803659702e-02            1.048592057179e-02            0.000814            0.000697                      
184       6.852757318524e-02            2.330605375706e-02            0.001046            0.000903                      
185       5.129238123985e-02            1.311966235807e-02            0.000853            0.000645                      
186       4.328453404593e-02            1.095806477053e-02            0.001008            0.000627                      
187       5.366669703834e-02            1.977405498770e-02            0.000935            0.000728                      
188       4.313069613244e-02            1.042942077074e-02            0.000957            0.000592                      
189       4.049119970323e-02            1.254312877307e-02            0.000652            0.000512                      
190       4.679782830583e-02            1.081100140834e-02            0.000678            0.000610                      
191       6.878174433898e-02            1.863048837273e-02            0.001003            0.000872                      
192       4.992882082294e-02            1.067058681418e-02            0.000858            0.000727                      
193       4.952411891526e-02            1.028987615392e-02            0.000768            0.000755                      
194       5.863257452698e-02            1.805364170546e-02            0.000964            0.000877                      
195       5.117020143585e-02            1.201988205207e-02            0.000795            0.000688                      
196       5.480796780214e-02            1.286311538342e-02            0.000760            0.000773                      
197       4.647724035377e-02            1.028825176846e-02            0.000792            0.000625                      
198       4.775738800142e-02            1.056280852506e-02            0.000888            0.000635                      
199       3.633615275378e-02            7.830320171469e-03            0.000522            0.000544                      
200       3.767416406888e-02            1.052738105958e-02            0.000679            0.000542                      
201       3.433628648461e-02            8.739468617174e-03            0.000527            0.000450                      
202       3.930934892474e-02            9.956272931397e-03            0.000784            0.000590                      
