@    title "Magnitude of Electric Field"
@    xaxis  label "Residues"
@    yaxis  label "MV/cm"
#time     EField_per_residue            Std.Deviation         EField_residue_alignement   Std.Deviation
@type xydy
1         4.755608726685e+00            5.633977917517e-01            0.068033            0.034781                      
2         1.475861959478e+00            5.702176497375e-01            0.020755            0.013883                      
3         2.109947224100e+00            7.324611814884e-01            0.030351            0.019685                      
4         2.441065217642e+00            8.028017724731e-01            0.022457            0.017308                      
5         6.700769302550e+00            9.320245855544e-01            0.058523            0.038550                      
6         2.086493604660e+00            7.176954797215e-01            0.014455            0.010527                      
7         4.609908976099e+00            2.370613667917e+00            0.048401            0.048402                      
8         1.048533880166e+01            1.980136932683e+00            0.056315            0.044182                      
9         1.341392864618e+00            3.785531490903e-01            0.022867            0.011932                      
10        1.129880730731e+01            2.202854243731e+00            0.137092            0.071985                      
11        5.419660042518e+01            1.825847470696e+01            0.332904            0.279180                      
12        2.186100220508e+00            8.144453734619e-01            0.030374            0.015955                      
13        3.869839365816e-01            1.374173355903e-01            0.006133            0.003444                      
14        9.302676443663e+00            2.433317304403e+00            0.088541            0.060160                      
15        3.283615389620e-01            8.293369852493e-02            0.005480            0.002766                      
16        2.982276828207e+00            3.621560181368e-01            0.045101            0.016079                      
17        3.130369197851e-01            6.164323595954e-02            0.006038            0.001870                      
18        4.589828617562e-01            2.770785130064e-01            0.004311            0.004043                      
19        3.410564223235e+00            3.926750419348e-01            0.047627            0.019796                      
20        7.722763877715e+00            1.530051846808e+00            0.075403            0.051366                      
21        2.544960835322e-01            2.020555457429e-01            0.002012            0.002640                      
22        5.224014814586e+00            1.004651610838e+00            0.033027            0.027745                      
23        4.123927504324e-01            1.108263927484e-01            0.002766            0.002287                      
24        4.470949774874e-01            2.204885025948e-01            0.004852            0.003801                      
25        7.006794324896e-01            2.509058389035e-01            0.009949            0.005252                      
26        1.626362401970e+00            7.363632688476e-01            0.020199            0.018801                      
27        2.419651077998e+00            7.888847562778e-01            0.039670            0.017920                      
28        1.330559316334e+00            4.070029144121e-01            0.013210            0.009782                      
29        1.302273437997e+01            7.470595894118e+00            0.163063            0.124962                      
30        1.408147234010e+01            8.272132587011e+00            0.165477            0.140831                      
31        7.742233265340e+00            3.532758425981e+00            0.110174            0.071531                      
32        2.298673142500e+00            1.554927645342e+00            0.030536            0.027523                      
33        7.816089841176e-01            2.431721811872e-01            0.006383            0.005561                      
34        3.821805927985e-01            1.397555495157e-01            0.003570            0.002744                      
35        6.017049109549e+00            1.822512246268e+00            0.061300            0.033788                      
36        2.529942098515e-01            6.181382936505e-02            0.002420            0.001599                      
37        1.239169860574e-01            2.886193852764e-02            0.001213            0.000855                      
38        2.323010965235e-01            5.336029410260e-02            0.004392            0.001619                      
39        2.312146096849e-01            3.967127516044e-02            0.004433            0.001555                      
40        2.736160261614e-01            8.058433022610e-02            0.004880            0.002384                      
41        2.219220590826e-01            4.811202964585e-02            0.003024            0.001671                      
42        3.425759117442e-01            7.758571743081e-02            0.005226            0.002615                      
43        2.543278585726e+00            2.714252607918e-01            0.048977            0.013813                      
44        2.342186268133e-01            6.323730117365e-02            0.001832            0.001671                      
45        5.023575838845e+00            9.983083063510e-01            0.084134            0.032320                      
46        3.172005351636e-01            7.876405214770e-02            0.002501            0.002092                      
47        3.241595850647e+00            3.338501509921e-01            0.063155            0.018891                      
48        3.608681318765e+00            7.362401887317e-01            0.061909            0.022567                      
49        3.889433431369e-01            9.859059525337e-02            0.005985            0.002867                      
50        2.928169232210e-01            5.995484327558e-02            0.004316            0.001830                      
51        1.940136801881e-01            4.393622838089e-02            0.003623            0.001369                      
52        3.479389934752e+00            3.116199621770e-01            0.060323            0.020987                      
53        1.639992712284e-01            4.877887321373e-02            0.002425            0.001281                      
54        2.087813966473e-01            3.611044002873e-02            0.001542            0.001175                      
55        1.988948950991e-01            5.728864149059e-02            0.001971            0.001548                      
56        2.591104743924e-01            4.817505926774e-02            0.002279            0.001684                      
57        1.367006759254e-01            3.302878788857e-02            0.001244            0.000989                      
58        2.248510391081e-01            7.706106265938e-02            0.003467            0.002061                      
59        7.573254813137e-01            1.639780686819e-01            0.011475            0.004797                      
60        3.758851984057e+00            7.137612858983e-01            0.026541            0.019834                      
61        4.775098431004e+00            4.738075521170e-01            0.043612            0.029530                      
62        5.178204109467e+00            5.949705906393e-01            0.084067            0.033042                      
63        2.213033177635e+00            5.661948399120e-01            0.027877            0.016203                      
64        8.854508689006e+00            1.318374412145e+00            0.051131            0.043704                      
65        4.645030877950e+00            5.853848832108e-01            0.066362            0.031895                      
66        3.155077594608e+00            1.184950505845e+00            0.022071            0.020949                      
67        6.867884814261e+00            4.059279817016e+00            0.041934            0.035454                      
68        2.914799002827e+00            8.936959060140e-01            0.028744            0.020148                      
69        2.599563184249e+00            9.609073234864e-01            0.038079            0.027175                      
70        3.979789002767e+01            1.504701263120e+01            0.581617            0.291313                      
71        4.346835920253e+00            2.378603419441e+00            0.031121            0.030055                      
72        8.422548044571e+00            1.579639918562e+00            0.049621            0.039183                      
73        2.680476353650e+00            9.525713464502e-01            0.018896            0.024615                      
74        2.882903630704e+00            1.246588807239e+00            0.019191            0.015792                      
75        1.388573351282e+00            5.274829953443e-01            0.007412            0.006891                      
76        7.555047943082e+00            1.857170113115e+00            0.035822            0.031414                      
77        1.219660645938e+00            3.495959032122e-01            0.008745            0.005801                      
78        8.666351580278e-01            2.365601137812e-01            0.009706            0.004566                      
79        4.750398728721e-01            1.095050268973e-01            0.003960            0.002369                      
80        6.710459731824e+00            1.199386009686e+00            0.031758            0.026470                      
81        5.359363100125e-01            1.100146979489e-01            0.003612            0.003602                      
82        1.337399908376e-01            2.060388097253e-02            0.001354            0.001081                      
83        2.775378254845e+00            3.300448152828e-01            0.028957            0.014210                      
84        2.422572395796e-01            5.092142420226e-02            0.002690            0.002271                      
85        2.764640401504e+00            3.757730096723e-01            0.031769            0.013694                      
86        1.268462075477e-01            3.211358601881e-02            0.001999            0.001429                      
87        1.958576777748e-01            3.824928207019e-02            0.001106            0.000975                      
88        3.388674909382e-01            1.072782125405e-01            0.004655            0.004157                      
89        3.127988715393e+00            4.770436269845e-01            0.051150            0.021355                      
90        1.911289070661e-01            5.136941716498e-02            0.002076            0.001519                      
91        1.260927461205e-01            2.980058698644e-02            0.001296            0.000938                      
92        3.435144267219e+00            3.563802298749e-01            0.070409            0.025505                      
93        4.577060494360e-01            1.026848137175e-01            0.009289            0.004643                      
94        5.658078933624e-01            1.204743932265e-01            0.011626            0.005400                      
95        2.380177094956e+00            1.726687446355e-01            0.048156            0.015927                      
96        3.389862518415e+00            5.447118194405e-01            0.058774            0.025483                      
97        1.529064284978e+00            4.397141654700e-01            0.031289            0.016248                      
98        1.272564167807e+00            2.785155455795e-01            0.022578            0.009429                      
99        1.357255273428e+00            3.060241495792e-01            0.018288            0.009912                      
100       3.933802108733e+00            1.345086229706e+00            0.052478            0.036620                      
101       9.970514005107e+00            3.268860553626e+00            0.127500            0.074990                      
102       1.750660794369e+00            5.680999509581e-01            0.013253            0.013336                      
103       2.766059271292e+00            7.995191089900e-01            0.037732            0.023982                      
104       1.223473099601e+01            6.741557362763e+00            0.191089            0.111183                      
105       1.833412828008e+01            1.070196786921e+01            0.229290            0.173199                      
106       2.213213898849e+00            6.874172618101e-01            0.034935            0.017402                      
107       2.107907771107e+00            6.660215631605e-01            0.016011            0.013102                      
108       7.781337340665e+00            1.570096734622e+00            0.041786            0.030937                      
109       7.905245054524e-01            3.799439155020e-01            0.003975            0.004002                      
110       8.460793995739e-01            2.136463114213e-01            0.004514            0.004608                      
111       7.110354172051e-01            1.425009004868e-01            0.005319            0.004222                      
112       3.781920479073e-01            7.113880919144e-02            0.002127            0.001676                      
113       3.817705667135e-01            6.510815370067e-02            0.002647            0.002137                      
114       1.884757289688e-01            6.616035279406e-02            0.001192            0.001143                      
115       1.422760198683e-01            5.494207867131e-02            0.002091            0.001379                      
116       2.168882494181e-01            6.323561621766e-02            0.001591            0.001558                      
117       1.921874094093e-01            5.301397670713e-02            0.002231            0.001551                      
118       1.725520243533e-01            2.812428333293e-02            0.001262            0.001165                      
119       1.821548750246e+00            1.313280589591e-01            0.024622            0.010248                      
120       1.774323594520e-01            3.246214663299e-02            0.001326            0.001108                      
121       1.778436374720e-01            2.502281555210e-02            0.001485            0.001367                      
122       1.567220105897e-01            7.085964457721e-02            0.001840            0.001239                      
123       1.241446518259e-01            7.005314980278e-02            0.001297            0.001335                      
124       2.083685842920e+00            2.436472067173e-01            0.040636            0.012969                      
125       1.536193453362e+00            1.196620090812e-01            0.026620            0.009197                      
126       2.631327140582e-01            3.676255101560e-02            0.003940            0.001751                      
127       2.273179293997e+00            2.422076721438e-01            0.038983            0.014799                      
128       1.714594125547e+00            1.337261685156e-01            0.027412            0.010254                      
129       1.713596848457e-01            2.824828693879e-02            0.000999            0.001049                      
130       2.005831254394e-01            3.783354173871e-02            0.001193            0.001045                      
131       1.542766163642e-01            3.360913689894e-02            0.000887            0.000851                      
132       2.646478172890e-01            4.807965635815e-02            0.003288            0.002123                      
133       2.825128599120e-01            6.898485009618e-02            0.001720            0.001649                      
134       1.882918450576e-01            4.971407237020e-02            0.001214            0.001137                      
135       2.647030664511e+00            4.778581289251e-01            0.025623            0.015262                      
136       4.425476363897e-01            1.570573939007e-01            0.002345            0.002128                      
137       7.727001052015e+00            2.492942667593e+00            0.046972            0.047180                      
138       1.410939220939e+00            7.450442107472e-01            0.011372            0.008699                      
139       3.801169717767e-01            1.090194540876e-01            0.002169            0.001949                      
140       4.725874636311e-01            2.092540347359e-01            0.002761            0.002639                      
141       9.750639205821e-01            5.238742442694e-01            0.006896            0.006200                      
142       1.064929923545e+00            3.557565269992e-01            0.006318            0.005138                      
143       3.600580332854e-01            8.551493964164e-02            0.006230            0.002546                      
144       6.238369525781e-01            2.127462463235e-01            0.008123            0.004608                      
145       3.043507343818e+01            8.792434035918e+00            0.233449            0.149194                      
146       4.614477644138e-01            9.626680261741e-02            0.007888            0.003803                      
147       3.400609109708e+00            3.920944354669e-01            0.033332            0.017716                      
148       7.770925912174e+00            1.288413445443e+00            0.084775            0.041319                      
149       6.745441169129e-01            1.409163528873e-01            0.005505            0.004109                      
150       3.518264731599e-01            6.369915970873e-02            0.001718            0.001857                      
151       3.721260540830e-01            1.117768395565e-01            0.004322            0.002648                      
152       4.750897942913e-01            1.079549094513e-01            0.006615            0.003685                      
153       3.068639524997e-01            6.065141329399e-02            0.003636            0.002236                      
154       2.499808489502e+00            2.072955656044e-01            0.042646            0.016190                      
155       1.032665622295e-01            4.221881992747e-02            0.000913            0.000938                      
156       2.049548144559e-01            3.503803477480e-02            0.002871            0.001469                      
157       2.798634969202e-01            6.457170267076e-02            0.004737            0.002272                      
158       4.357574860334e-01            9.494982035521e-02            0.005121            0.002513                      
159       2.476413743254e+00            2.281946773943e-01            0.041013            0.017222                      
160       2.272455023385e-01            3.834512514501e-02            0.003475            0.001626                      
161       4.819659331639e-01            2.583663472803e-01            0.005077            0.004665                      
162       2.816687459835e+00            3.491228700109e-01            0.044355            0.019686                      
163       3.319364903733e-01            1.527890520442e-01            0.003991            0.003762                      
164       2.157655211973e+00            2.123069875294e-01            0.030528            0.014142                      
