@    title "Magnitude of Electric Field"
@    xaxis  label "Residues"
@    yaxis  label "MV/cm"
#time  EField_Magnitude
@type xydy
21        9.657002113923e-01            4.741751006452e-02            
22        2.956605266637e+00            3.291598702664e-02            
23        7.466104401892e+00            8.192613271281e-02            
24        7.827881459777e-02            1.660216676897e-02            
25        9.968000614871e-02            2.172556312617e-02            
26        7.580251161652e-02            1.361283056056e-02            
27        9.215515934900e-02            2.375496705151e-02            
28        5.331006459394e-02            2.188302322528e-02            
29        7.928474121718e-02            1.253037092894e-02            
30        2.993688039168e-01            2.290273312462e-02            
31        1.976976136773e-01            2.877267875848e-02            
32        1.780201364791e-01            1.386182168425e-02            
33        3.462023143875e-01            1.265077753745e-02            
34        5.644282310128e-01            6.204736273310e-02            
35        5.095678452424e-01            2.011863741836e-02            
36        3.875356786483e-01            9.451893525368e-03            
37        5.578885872131e-01            6.438490417640e-02            
38        4.827347962413e-01            2.059067638476e-02            
39        5.579827264762e-01            2.961404675439e-02            
40        3.442108361606e-01            9.387364625857e-03            
41        1.548953667099e-01            1.815855579249e-02            
42        2.704533452086e-01            6.126081975927e-02            
43        4.105280304409e-02            1.794203917169e-02            
44        7.688849314817e-02            2.304029737657e-02            
45        8.145474964478e-02            1.703057456636e-02            
46        9.018117022949e+00            8.799916621263e-02            
47        1.999702287450e-01            2.446689613514e-02            
48        5.406669875667e-01            2.301742259692e-02            
49        5.920655056721e+00            6.363067494118e-02            
50        1.876105000453e-01            2.249823661741e-02            
51        1.678091413442e-01            2.852802957094e-02            
52        8.998154207025e+00            9.405561207304e-02            
53        3.504646109959e-01            3.676843349339e-02            
54        6.900687391676e-02            3.320669078239e-02            
55        2.357422530279e-01            1.109634794752e-01            
56        1.969959718682e-01            9.310466019612e-02            
57        6.058968274704e-01            8.230863001156e-02            
58        2.429115933929e+00            8.523416084962e-02            
59        8.284916497866e-01            3.833669044823e-01            
60        1.750406382047e+00            3.320640292171e-01            
61        3.477722878081e+00            3.151091210566e-01            
62        1.320364718254e+01            7.634314372650e-01            
63        8.550237317892e+01            1.666854522231e+01            
64        7.086318995435e+01            5.223221006700e+00            
65        2.648755716473e+01            1.523705035864e+00            
66        5.934403178684e+00            6.111954493994e-01            
67        3.389536780556e-01            1.399744219690e-01            
68        2.708693557762e+01            3.878835348705e-01            
69        2.617281622220e+00            1.236300499616e-01            
70        1.155444719135e+00            2.690682139239e-01            
71        8.889591576699e-01            6.639179287101e-02            
72        1.994032343777e-01            1.055070451274e-01            
73        1.864097535346e-01            3.089400172234e-02            
74        5.711394203012e+00            7.323025526453e-02            
75        8.202184894660e-02            1.815249416155e-02            
76        2.832600185125e-01            3.991345780818e-02            
77        1.072948995827e+01            1.554308033050e-01            
78        2.571518914361e-01            1.751722312956e-02            
79        7.397934457927e-01            2.377739737196e-02            
80        8.976384083417e-01            8.169527664906e-02            
81        1.015048497394e+00            3.413096013698e-02            
82        8.916679675499e-01            2.603521548498e-02            
83        1.455233640151e+00            5.837102406545e-02            
84        1.965824208116e+00            1.032749529224e-01            
85        1.238743209268e+00            7.632616928255e-02            
86        7.646149053828e-01            6.618369777320e-02            
87        5.141310771328e-01            7.292170946029e-02            
88        2.623057431606e-01            1.174974738660e-01            
89        8.899367352381e-01            1.000319532497e-01            
90        3.693348161736e-01            5.483110556860e-02            
91        7.147073059476e-01            8.821828183084e-02            
92        2.003921936730e+00            2.636348756923e-01            
93        1.416899542873e-01            4.984099101329e-02            
94        3.670171011447e-01            4.354653819988e-02            
95        1.360091149081e+00            6.610334851331e-02            
96        1.619959432813e+00            1.158110457787e-01            
97        9.659154727651e+00            1.732795842588e-01            
98        6.113656487280e-01            2.370539617960e-02            
99        8.815503485095e-01            2.447275364126e-02            
100       4.618479843885e-01            2.071275882622e-02            
101       1.087500491407e-01            3.616020315033e-02            
102       3.326488582981e-01            9.814635122269e-03            
103       3.753350857598e-01            6.446747186750e-02            
104       3.555371221142e-01            1.333859093299e-02            
105       1.787749134916e-01            8.934073367664e-03            
106       3.427131135245e-01            4.091315213022e-02            
107       2.901070070118e-01            9.506104800883e-03            
108       1.878298776683e-01            8.091167362372e-03            
109       1.732028747556e-01            2.265873230039e-02            
110       3.014249313710e-01            2.487618042175e-02            
111       1.329529896004e-01            9.605560843538e-03            
112       7.178742799493e-02            6.919426373269e-03            
113       2.101280751651e+00            1.262076610235e-02            
