@    title "Magnitude of Electric Field"
@    xaxis  label "Residues"
@    yaxis  label "MV/cm"
#time     EField_per_residue            Std.Deviation         EField_residue_alignement   Std.Deviation
@type xydy
21        6.993603088822e-01            3.102750946777e-01            0.003129            0.002502                      
22        3.174989711846e+00            9.053612939144e-02            0.019431            0.001824                      
23        8.676766239534e+00            3.695753937469e-01            0.053106            0.005103                      
24        5.072821685813e-02            2.172523191421e-02            0.000208            0.000150                      
25        1.640390539048e-01            4.017481294392e-02            0.000827            0.000284                      
26        2.607150223289e-01            1.855719500087e-02            0.001588            0.000177                      
27        4.124136620527e-01            3.141313670008e-02            0.002505            0.000283                      
28        1.778191561261e-01            2.164298470227e-02            0.001045            0.000162                      
29        2.630241894571e-01            1.232884625805e-02            0.001601            0.000161                      
30        5.363550593881e-01            2.566278615670e-02            0.003275            0.000340                      
31        2.365979842906e-01            5.550733900469e-02            0.001302            0.000368                      
32        3.755706508737e-01            1.252711428910e-02            0.002287            0.000219                      
33        4.399540860143e-01            1.381460383701e-02            0.002692            0.000252                      
34        4.097863783154e-01            4.642254366812e-02            0.002443            0.000357                      
35        4.157984369046e-01            2.102681363614e-02            0.002522            0.000258                      
36        3.902698023083e-01            1.537782761709e-02            0.002383            0.000228                      
37        3.132814911042e-01            6.125440706710e-02            0.001391            0.000343                      
38        9.820317642023e-02            2.637222484389e-02            0.000529            0.000179                      
39        4.172670668478e-01            3.428806513749e-02            0.002541            0.000314                      
40        2.170601417905e-01            1.354909374546e-02            0.001323            0.000145                      
41        4.780503248875e-02            1.599732965850e-02            0.000240            0.000112                      
42        1.407827152698e-01            6.527987635885e-02            0.000723            0.000451                      
43        1.361532559707e-01            2.544379225782e-02            0.000812            0.000180                      
44        7.871462846060e-02            2.240038648135e-02            0.000455            0.000150                      
45        6.575890410049e-02            1.824225142026e-02            0.000380            0.000121                      
46        8.079936157842e+00            1.109697412281e-01            0.049524            0.004403                      
47        8.004668501463e-02            2.299683556026e-02            0.000475            0.000154                      
48        4.341090483423e-01            1.910520534938e-02            0.002657            0.000263                      
49        5.462518878989e+00            5.921310060739e-02            0.033492            0.003011                      
50        3.239530816465e-01            2.037121865357e-02            0.001984            0.000222                      
51        3.641764034176e-01            1.959908574458e-02            0.002229            0.000236                      
52        8.254727951136e+00            8.665903567175e-02            0.050614            0.004554                      
53        6.111293785467e-01            3.557196312249e-02            0.003744            0.000410                      
54        5.542525908551e-01            3.879683681914e-02            0.003389            0.000378                      
55        1.338548877385e+00            9.764251714806e-02            0.008180            0.000844                      
56        1.463960740153e+00            7.031477995564e-02            0.008956            0.000926                      
57        8.392671757780e-01            1.126743842846e-01            0.005096            0.000836                      
58        1.211742203912e+00            1.391115642197e-01            0.007319            0.001043                      
59        5.630653401280e+00            1.631925934495e-01            0.034459            0.003278                      
60        5.869489932928e+00            3.637745675557e-01            0.035871            0.003908                      
61        3.168709480058e+00            2.290191811737e-01            0.018481            0.002321                      
62        6.905273236216e+00            1.533583627668e+00            0.039105            0.009706                      
63        9.567156503825e+01            1.373177987110e+01            0.580985            0.038562                      
64        1.387314741434e+01            9.645132499198e-01            0.085024            0.010990                      
65        4.115412918496e+00            4.138138278019e-01            0.025185            0.003763                      
66        1.354708982889e+00            2.391963894323e-01            0.008144            0.001685                      
67        4.811066224880e-01            8.484797377707e-02            0.002880            0.000589                      
68        1.837703442734e+01            2.801300183791e-01            0.112675            0.010347                      
69        1.307292701163e+00            4.909357788962e-02            0.008000            0.000794                      
70        1.099034654135e+00            1.408712218320e-01            0.006688            0.001114                      
71        3.062292101120e-01            4.710158429936e-02            0.001843            0.000352                      
72        4.924541941381e-01            1.088768040249e-01            0.002910            0.000832                      
73        2.649711298406e-01            3.098891209860e-02            0.001596            0.000236                      
74        5.754335203175e+00            9.168093903525e-02            0.035278            0.003190                      
75        1.192644705509e-01            1.810244476340e-02            0.000714            0.000129                      
76        8.204736200333e-02            2.920165256632e-02            0.000468            0.000195                      
77        8.811081977103e+00            1.475836812523e-01            0.054022            0.004921                      
78        9.240566571882e-02            2.448570106730e-02            0.000502            0.000162                      
79        2.674265527864e-01            2.799436320795e-02            0.001605            0.000236                      
80        1.137169315391e-01            4.924693084157e-02            0.000374            0.000282                      
81        2.248039220003e-01            4.692625543953e-02            0.001222            0.000329                      
82        5.045224395355e-01            2.409030737526e-02            0.003035            0.000307                      
83        8.641155373002e-01            8.667323516037e-02            0.005221            0.000708                      
84        2.335139809745e+00            9.438058589995e-02            0.014145            0.001410                      
85        1.024158876278e+00            7.318877306647e-02            0.006114            0.000691                      
86        1.221263819869e+00            1.037844629296e-01            0.007416            0.000899                      
87        1.526803622138e+00            1.015805930683e-01            0.009260            0.000977                      
88        2.005666121209e+00            2.909162105187e-01            0.011941            0.002136                      
89        1.350088610002e+00            1.907354326778e-01            0.008127            0.001334                      
90        1.144463725121e+00            9.281451363861e-02            0.006954            0.000846                      
91        3.965178671045e-01            1.188699535885e-01            0.001939            0.000771                      
92        3.051907496662e+00            1.150864899409e+00            0.010394            0.006631                      
93        6.604010007087e-01            1.062264034322e-01            0.003995            0.000753                      
94        1.293933090812e-01            5.222406472651e-02            0.000493            0.000339                      
95        1.554749754123e+00            1.345708525789e-01            0.009483            0.001177                      
96        1.997576779577e+00            5.162023535911e-01            0.010181            0.005042                      
97        1.181256284733e+01            3.916961813230e-01            0.072362            0.006619                      
98        6.043449054408e-01            4.434102600880e-02            0.003685            0.000415                      
99        1.313440950780e+00            4.887912633883e-02            0.008040            0.000784                      
100       7.198119793552e-01            4.360985688551e-02            0.004406            0.000481                      
101       1.641301528115e-01            9.007372365273e-02            0.000595            0.000505                      
102       3.387907344310e-01            1.969290668290e-02            0.002069            0.000212                      
103       6.141053389401e-01            1.733411083138e-01            0.002079            0.001304                      
104       5.425410494841e-01            2.135415607413e-02            0.003317            0.000318                      
105       2.571200366632e-01            1.620800299988e-02            0.001573            0.000178                      
106       3.964678186327e-01            2.287525917647e-02            0.002400            0.000257                      
107       3.203830486526e-01            1.385114987958e-02            0.001959            0.000194                      
108       2.564430114658e-01            1.169912812370e-02            0.001568            0.000164                      
109       2.185887767602e-01            2.610833165904e-02            0.001314            0.000204                      
110       2.190166979679e-01            5.469391990073e-02            0.000930            0.000311                      
111       1.054282111550e-01            1.990354656509e-02            0.000628            0.000139                      
112       2.579452580542e+00            7.487628871153e-02            0.015810            0.001487                      
1         2.780472960713e-01            9.276882827224e-02            0.001170            0.000565                      
2         3.220573842399e-01            7.396810329972e-02            0.001277            0.000519                      
3         1.933726832610e-01            5.744887547145e-02            0.000784            0.000486                      
4         2.938297619278e-01            8.466097695104e-02            0.000849            0.000532                      
5         2.090598573688e-01            5.909635812779e-02            0.000675            0.000428                      
6         2.848249825740e-01            6.449133656500e-02            0.001058            0.000557                      
7         2.716297179518e-01            2.767328000726e-02            0.001514            0.000280                      
8         2.189375127376e-01            6.972061855148e-02            0.000753            0.000463                      
9         2.445089114465e-01            6.362306394318e-02            0.000966            0.000442                      
10        2.740559430943e-01            6.000709577450e-02            0.001174            0.000530                      
11        3.581509197198e-01            5.828122187728e-02            0.001237            0.000492                      
12        2.883084290878e-01            7.979598636066e-02            0.000507            0.000495                      
13        3.051445673035e-01            7.495638823237e-02            0.001019            0.000523                      
14        2.174058794312e-01            7.093207030841e-02            0.000648            0.000384                      
15        2.413014074476e-01            6.119548761920e-02            0.000760            0.000437                      
16        2.730581291795e-01            1.023004550644e-01            0.001001            0.000435                      
17        3.200807138288e-01            6.037463584808e-02            0.000973            0.000537                      
18        1.517668506253e-01            3.503150858468e-02            0.000574            0.000199                      
19        1.363439494868e-01            1.850795809238e-02            0.000379            0.000169                      
20        2.134321046662e-01            6.532071381460e-02            0.000921            0.000495                      
21        1.842965205548e-01            5.143375442644e-02            0.000679            0.000360                      
22        1.865936933320e-01            3.835464221511e-02            0.000420            0.000263                      
23        1.818293331217e-01            4.571430706978e-02            0.000665            0.000254                      
24        1.964378514545e-01            4.211256814045e-02            0.000609            0.000353                      
25        1.631847341660e-01            4.645770335871e-02            0.000659            0.000359                      
26        1.875493602463e-01            4.965655285592e-02            0.000481            0.000426                      
27        2.495814262564e-01            4.235007883583e-02            0.000644            0.000386                      
28        1.674186728363e-01            4.012624063378e-02            0.000466            0.000265                      
29        1.247382515170e-01            3.039630817481e-02            0.000414            0.000207                      
30        1.695667335056e-01            4.487887321238e-02            0.000567            0.000356                      
31        1.361228583900e-01            4.396932051248e-02            0.000356            0.000223                      
32        1.288213675217e-01            2.979175181111e-02            0.000478            0.000260                      
33        1.251123619671e-01            3.306310089375e-02            0.000411            0.000246                      
34        1.523815976117e-01            3.163830203666e-02            0.000466            0.000233                      
35        1.516392704946e-01            4.487794422020e-02            0.000581            0.000273                      
36        1.580112542313e-01            5.236068015514e-02            0.000535            0.000320                      
37        1.209565677636e-01            2.292233192283e-02            0.000385            0.000241                      
38        1.485420511794e-01            3.074077983621e-02            0.000569            0.000333                      
39        1.191568960253e-01            2.562882783010e-02            0.000294            0.000199                      
40        1.109212765552e-01            2.962768301917e-02            0.000310            0.000163                      
41        1.537701026245e-01            4.116844522631e-02            0.000446            0.000277                      
42        1.377501906223e-01            3.233828003956e-02            0.000254            0.000223                      
43        9.072665401089e-02            2.397948898499e-02            0.000242            0.000215                      
44        1.283453147798e-01            3.455000778480e-02            0.000257            0.000178                      
45        7.656280447216e-02            2.573067366012e-02            0.000302            0.000182                      
46        1.075371317641e-01            2.454571341329e-02            0.000420            0.000189                      
47        8.356225458292e-02            2.404929393033e-02            0.000198            0.000160                      
48        1.242801431140e-01            3.465087499749e-02            0.000525            0.000134                      
49        8.443482242870e-02            2.189103976014e-02            0.000255            0.000173                      
50        8.613121872790e-02            1.808091201553e-02            0.000238            0.000122                      
51        7.182590173785e-02            1.730613285171e-02            0.000272            0.000138                      
52        6.334366808700e-02            1.629411983533e-02            0.000228            0.000104                      
53        1.121941855627e-01            2.626449597886e-02            0.000246            0.000149                      
54        9.968883210492e-02            2.923347057582e-02            0.000290            0.000216                      
55        9.698435502124e-02            2.726778596079e-02            0.000268            0.000174                      
56        1.155187360285e-01            2.891087378515e-02            0.000362            0.000165                      
57        1.088247900821e-01            3.001611029785e-02            0.000394            0.000180                      
58        1.228085018963e-01            3.642807330847e-02            0.000440            0.000222                      
59        1.038516162594e-01            2.438051683168e-02            0.000311            0.000213                      
60        1.508176669541e-01            3.594077929466e-02            0.000492            0.000230                      
61        1.324596684305e-01            2.700403737839e-02            0.000453            0.000219                      
62        1.056648258378e-01            2.593106138819e-02            0.000288            0.000249                      
63        8.255182431959e-02            2.230292956159e-02            0.000322            0.000168                      
64        6.525585520512e-02            1.735070718501e-02            0.000200            0.000147                      
65        8.323637971414e-02            1.999049774745e-02            0.000226            0.000127                      
66        8.901808832858e-02            1.818448529216e-02            0.000154            0.000107                      
67        8.547495684553e-02            2.197579548690e-02            0.000253            0.000135                      
68        1.016087231891e-01            2.515957769759e-02            0.000314            0.000143                      
69        7.867576057582e-02            1.841958398432e-02            0.000231            0.000137                      
70        8.668445352980e-02            2.758957176035e-02            0.000280            0.000132                      
71        5.479919951762e-02            1.365357990477e-02            0.000161            0.000099                      
72        8.454673936590e-02            2.119804682220e-02            0.000242            0.000139                      
73        8.688607400971e-02            1.771421245517e-02            0.000185            0.000117                      
74        9.550671888372e-02            3.092831545754e-02            0.000375            0.000194                      
75        7.170802749711e-02            1.868099687489e-02            0.000214            0.000124                      
76        7.912307049893e-02            1.955802184805e-02            0.000200            0.000143                      
77        5.492434309395e-02            1.213892433239e-02            0.000185            0.000099                      
78        7.748937350511e-02            1.771054875601e-02            0.000287            0.000137                      
79        9.194688162964e-02            3.432291390984e-02            0.000288            0.000173                      
80        6.555179290676e-02            1.349594787039e-02            0.000112            0.000088                      
81        5.621503838502e-02            1.669754867843e-02            0.000198            0.000126                      
82        5.887681644620e-02            9.406120878142e-03            0.000103            0.000076                      
83        6.774664516529e-02            2.180613475933e-02            0.000174            0.000125                      
84        8.628585189612e-02            2.758141539117e-02            0.000273            0.000126                      
85        5.886318835266e-02            1.629801482815e-02            0.000213            0.000102                      
86        5.680722193547e-02            1.721697328028e-02            0.000186            0.000121                      
87        6.493708740389e-02            1.816796018306e-02            0.000118            0.000073                      
88        6.133884126095e-02            1.357511208840e-02            0.000133            0.000087                      
89        5.111159603443e-02            1.444127930901e-02            0.000163            0.000105                      
90        5.892808228987e-02            1.603277925173e-02            0.000220            0.000104                      
91        4.973497740896e-02            1.253593540641e-02            0.000150            0.000072                      
92        6.538427860241e-02            1.871199870976e-02            0.000278            0.000094                      
93        5.837990583021e-02            1.932764274380e-02            0.000231            0.000122                      
94        4.179929474468e-02            8.177811392732e-03            0.000099            0.000070                      
95        5.040019922997e-02            1.077020954903e-02            0.000111            0.000067                      
96        4.336155206057e-02            1.100448642531e-02            0.000163            0.000077                      
97        3.397411592839e-02            6.176822391439e-03            0.000094            0.000060                      
98        4.313871271904e-02            7.569601612214e-03            0.000114            0.000071                      
99        3.505957288218e-02            9.088369241521e-03            0.000082            0.000057                      
100       4.328730875058e-02            7.018380675522e-03            0.000067            0.000040                      
101       2.681258087768e-01            7.275992748501e-02            0.001176            0.000342                      
102       1.641045529917e-01            5.522773166299e-02            0.000364            0.000221                      
103       2.378066518910e-01            4.204453917924e-02            0.000486            0.000367                      
104       2.749507137111e-01            5.963825625263e-02            0.000698            0.000499                      
105       2.601519002540e-01            6.981313501505e-02            0.000732            0.000553                      
106       3.602704640807e-01            8.981105865666e-02            0.001701            0.000438                      
107       1.636422510746e-01            5.392201482001e-02            0.000449            0.000387                      
108       2.312453934673e-01            5.931530557680e-02            0.000522            0.000361                      
109       3.632911828821e-01            1.037601732395e-01            0.000914            0.000657                      
110       2.394466444223e-01            4.869408611483e-02            0.000920            0.000424                      
111       3.092085848464e-01            9.395403006518e-02            0.000776            0.000532                      
112       1.878518077209e-01            3.948966500640e-02            0.000222            0.000171                      
113       2.538628334816e-01            6.616136506371e-02            0.000719            0.000402                      
114       1.651244941309e-01            2.438456232484e-02            0.000373            0.000230                      
115       1.697440985907e-01            3.949338866638e-02            0.000454            0.000325                      
116       2.765241669915e-01            1.085317531937e-01            0.000858            0.000540                      
117       2.128311009589e-01            5.922998529392e-02            0.000840            0.000313                      
118       2.877255927755e-01            2.675748064793e-02            0.001066            0.000267                      
119       2.170159816409e-01            4.010915083282e-02            0.000715            0.000288                      
120       1.641925470689e-01            3.239035003243e-02            0.000510            0.000320                      
121       1.756708143477e-01            3.189555704994e-02            0.000402            0.000240                      
122       1.310846495225e-01            1.334590413926e-02            0.000431            0.000156                      
123       2.966940244178e-01            7.935518233786e-02            0.000601            0.000396                      
124       1.900177905401e-01            5.353237783130e-02            0.000828            0.000236                      
125       1.450599820027e-01            3.882396175954e-02            0.000376            0.000234                      
126       1.572700675455e-01            3.291197269922e-02            0.000380            0.000203                      
127       1.414889556869e-01            3.176308600085e-02            0.000389            0.000244                      
128       1.188678423201e-01            2.008919544437e-02            0.000447            0.000283                      
129       1.615828117703e-01            3.836294235030e-02            0.000500            0.000249                      
130       1.272164698989e-01            3.121522449913e-02            0.000438            0.000249                      
131       1.497249048801e-01            3.141188752028e-02            0.000454            0.000215                      
132       1.729991316015e-01            5.519015015548e-02            0.000353            0.000293                      
133       1.611562667581e-01            3.503148355218e-02            0.000617            0.000324                      
134       1.800245814197e-01            4.918077893160e-02            0.000270            0.000188                      
135       1.464611414042e-01            3.396868270025e-02            0.000577            0.000307                      
136       1.688745036047e-01            3.949594524972e-02            0.000481            0.000272                      
137       1.988662867135e-01            3.763193522062e-02            0.000873            0.000171                      
138       1.206598915550e-01            2.555713799497e-02            0.000380            0.000205                      
139       1.613297451006e-01            5.105297413531e-02            0.000361            0.000255                      
140       1.487039838834e-01            3.068604168676e-02            0.000508            0.000191                      
141       1.843692094997e-01            2.724160738370e-02            0.000301            0.000180                      
142       1.178577974198e-01            2.469278213469e-02            0.000359            0.000216                      
143       1.095056123779e-01            2.169367006739e-02            0.000289            0.000112                      
144       1.355642392965e-01            3.660462513490e-02            0.000322            0.000166                      
145       1.139391846001e-01            2.311935283508e-02            0.000465            0.000192                      
146       1.348865965145e-01            2.964101321377e-02            0.000483            0.000227                      
147       1.132963894360e-01            2.725551677949e-02            0.000326            0.000159                      
148       1.172883840652e-01            3.099495257914e-02            0.000293            0.000126                      
149       1.360028426064e-01            2.127033342790e-02            0.000340            0.000194                      
150       1.184703361015e-01            3.642217657610e-02            0.000192            0.000136                      
151       7.414412887708e-02            9.615495942934e-03            0.000270            0.000116                      
152       9.903251170521e-02            1.261414918011e-02            0.000255            0.000141                      
153       9.520344285442e-02            1.911300678071e-02            0.000278            0.000180                      
154       1.018589749678e-01            2.207470484354e-02            0.000256            0.000143                      
155       9.243939496991e-02            1.832154780148e-02            0.000261            0.000143                      
156       1.226956853150e-01            2.339336888802e-02            0.000265            0.000125                      
157       1.001233661763e-01            2.529696816788e-02            0.000233            0.000148                      
158       1.237386561387e-01            3.995120117212e-02            0.000335            0.000190                      
159       7.821936070194e-02            2.115146300530e-02            0.000157            0.000112                      
160       1.164273256956e-01            1.971641697278e-02            0.000258            0.000110                      
161       8.902846296683e-02            2.407614270370e-02            0.000355            0.000148                      
162       8.697900331123e-02            1.582676398927e-02            0.000243            0.000137                      
163       8.484706320170e-02            2.023930884268e-02            0.000289            0.000173                      
164       1.173884277047e-01            2.195908739107e-02            0.000241            0.000151                      
165       1.120514593657e-01            2.521702293635e-02            0.000281            0.000170                      
166       9.720177186997e-02            2.060008487801e-02            0.000308            0.000153                      
167       1.075035778220e-01            1.937101042011e-02            0.000357            0.000122                      
168       6.540772985239e-02            1.620081326108e-02            0.000166            0.000130                      
169       7.902564232077e-02            2.377001591216e-02            0.000240            0.000138                      
170       7.700337324963e-02            1.582741444687e-02            0.000120            0.000091                      
171       7.102077997448e-02            1.501352792492e-02            0.000184            0.000128                      
172       9.205473668491e-02            2.356411628528e-02            0.000377            0.000182                      
173       1.206540716984e-01            2.474590807659e-02            0.000344            0.000147                      
174       6.463205996137e-02            1.725907213642e-02            0.000198            0.000120                      
175       7.011951035494e-02            2.079879410455e-02            0.000132            0.000085                      
176       9.846907012845e-02            2.055379923362e-02            0.000160            0.000097                      
177       6.893577326007e-02            1.423702804671e-02            0.000180            0.000125                      
178       9.421316817542e-02            1.907101144646e-02            0.000225            0.000114                      
179       8.349086351053e-02            2.528948926359e-02            0.000294            0.000147                      
180       7.421255716212e-02            1.728282900489e-02            0.000163            0.000100                      
181       6.246983518738e-02            1.603885060722e-02            0.000139            0.000101                      
182       9.624290933272e-02            1.993515605203e-02            0.000299            0.000148                      
183       5.152133867056e-02            1.306948219279e-02            0.000173            0.000094                      
184       8.019702673029e-02            2.801147037559e-02            0.000185            0.000131                      
185       6.109819799567e-02            1.594498464636e-02            0.000188            0.000107                      
186       5.180776578058e-02            1.390322726978e-02            0.000251            0.000071                      
187       6.292509622394e-02            2.213227290074e-02            0.000203            0.000092                      
188       5.169729802176e-02            1.309638516752e-02            0.000239            0.000075                      
189       4.713438678997e-02            1.466045828985e-02            0.000156            0.000079                      
190       5.488514983343e-02            1.261436810759e-02            0.000111            0.000087                      
191       8.128437796040e-02            2.257912625122e-02            0.000194            0.000126                      
192       5.724333547313e-02            1.427139339148e-02            0.000153            0.000128                      
193       5.718751644957e-02            1.197573409364e-02            0.000162            0.000081                      
194       6.990427474154e-02            2.178417114580e-02            0.000170            0.000104                      
195       5.876442822330e-02            1.369616441751e-02            0.000127            0.000072                      
196       5.981299041037e-02            1.417741720316e-02            0.000091            0.000055                      
197       5.372822845779e-02            1.172416885985e-02            0.000166            0.000072                      
198       5.522616823479e-02            1.272933710084e-02            0.000196            0.000086                      
199       4.080273411684e-02            8.965885819549e-03            0.000098            0.000061                      
200       4.338629155211e-02            1.165331216677e-02            0.000140            0.000066                      
201       3.840868233521e-02            9.517740988135e-03            0.000078            0.000048                      
202       4.544895277667e-02            1.194627162860e-02            0.000158            0.000071                      
