@    title "Electric Field"
@    xaxis  label "Time (ps)"
@    yaxis  label "MV/cm"
#time      Magnitude                     Efield_X                      Efield_Y                     Efield_Z
@type xy
10        1.464419978220e+02            -1.611378637792e+01           -1.033420054296e-01           -1.455527187485e+02           
20        1.816713845209e+02            -7.064899417482e+00           4.157503205286e+01            -1.767090712435e+02           
30        1.677118280804e+02            -1.348495824875e+01           -5.872875105904e+00           -1.670656233852e+02           
40        1.477383439082e+02            -1.271693854908e+01           1.323105361623e+00            -1.471840586710e+02           
50        1.716395319787e+02            1.635059022118e+01            -3.516184901639e+00           -1.708227841391e+02           
60        1.529538750390e+02            -8.542372159865e+00           -7.500196510648e+00           -1.525308585816e+02           
70        1.810706531758e+02            -3.067033005153e+01           -3.862414616074e+00           -1.784124268356e+02           
80        1.669866736296e+02            -2.079019033776e+01           7.744478589606e+00            -1.655063147042e+02           
90        1.713587709617e+02            7.236638842592e+00            -2.214311149578e+01           -1.697679064401e+02           
100       1.800098855847e+02            1.243364237790e+01            1.030955806349e+00            -1.795770045846e+02           
110       1.590638622996e+02            5.911806989135e+00            -1.835482490649e+01           -1.578906685984e+02           
120       1.740918714576e+02            8.090692859977e-01            -7.087511454195e+00           -1.739456590314e+02           
130       1.924164262855e+02            -1.402073701009e+01           -1.298583066511e+01           -1.914650574912e+02           
140       1.703750479719e+02            -1.418087496798e+00           -1.229220795334e+01           -1.699251235778e+02           
150       1.722036532614e+02            -2.038604735609e+01           -2.779273639957e+01           -1.687189114272e+02           
160       1.716961490266e+02            -5.697976724039e+00           -7.670620635500e+00           -1.714300505480e+02           
170       1.785952516126e+02            -1.444892855392e+00           1.289635841190e+01            -1.781231599847e+02           
180       1.429868087810e+02            -7.172365149956e+00           3.187251007884e+00            -1.427712369300e+02           
190       1.853317452052e+02            -9.158784594740e+00           -2.206396760031e+01           -1.837856190764e+02           
200       1.788773168666e+02            -2.317879093902e+01           -2.647920985427e+01           -1.753815542909e+02           
210       1.612704190678e+02            -1.669314445202e+01           1.489072873176e+01            -1.597114685690e+02           
220       1.625586651094e+02            4.704209986311e+00            -1.429151196855e+01           -1.618608745071e+02           
230       1.685626210322e+02            1.962611398216e+01            -2.718794414261e+00           -1.673940889522e+02           
240       1.526485774674e+02            3.085246825316e+01            1.880037200614e+01            -1.483113597063e+02           
250       1.753256741965e+02            -2.147982655295e+01           -4.205773446228e+00           -1.739540759897e+02           
260       1.597868021515e+02            2.587726786198e+00            -1.343324003448e+01           -1.592001063884e+02           
270       1.530149921947e+02            3.835910513156e+00            2.439936835408e+01            -1.510084250987e+02           
280       1.855831783563e+02            1.521498994799e+01            -2.073374245824e+00           -1.849468066470e+02           
290       1.483518036854e+02            -2.280256821699e+01           1.870772110163e+01            -1.453902393925e+02           
300       1.599824914963e+02            -2.363177230951e+01           1.342751437506e+01            -1.576567118158e+02           
310       1.534689747980e+02            1.499041898115e+00            1.494706783223e+01            -1.527320014343e+02           
320       1.747336781864e+02            9.134808283705e-01            -8.121542979524e+00           -1.745424429329e+02           
330       1.686028444394e+02            1.370805585023e+00            2.029346637208e-01            -1.685971496279e+02           
340       1.623163654312e+02            3.437194952291e-01            1.994004444627e+00            -1.623037531605e+02           
350       1.624495442454e+02            1.744399010394e+01            -9.504244960667e+00           -1.612303661303e+02           
360       1.637278078638e+02            9.241806876911e+00            -8.117251786000e+00           -1.632651043456e+02           
370       1.865521557255e+02            5.049154393289e+00            -6.276314605348e-01           -1.864827577137e+02           
380       1.534255918550e+02            3.463798170493e+00            2.212922541316e+01            -1.517817898198e+02           
390       1.679004418110e+02            -9.197262388229e+00           -2.840572684319e+00           -1.676242818679e+02           
400       1.738201206204e+02            -2.560732213945e+01           -1.953264286559e+01           -1.708103487732e+02           
410       1.555881069247e+02            7.541048627801e+00            8.923871520345e-02            -1.554052239742e+02           
420       1.607892075354e+02            1.594056360565e+01            3.222415259162e+01            -1.567184471641e+02           
430       1.568715326492e+02            -3.727625275780e+00           5.124158935238e+00            -1.567435024513e+02           
440       1.507290762043e+02            -1.855425194714e+01           6.292095311090e+00            -1.494503385231e+02           
450       1.500501044377e+02            -7.198257455122e+00           1.557785065597e+01            -1.490655879146e+02           
460       1.916424167670e+02            -2.576364225918e+01           1.757936661959e+01            -1.890873250937e+02           
470       1.602489089821e+02            -2.029912305532e+01           -6.139539988252e+00           -1.588394298714e+02           
480       1.538626717694e+02            -4.845254521891e+00           1.555513042477e+01            -1.529976574660e+02           
490       1.742019545704e+02            1.409767233101e+01            -6.017763178977e+00           -1.735262606562e+02           
500       1.653685978934e+02            4.930309129452e+00            3.283342205167e+01            -1.620013321473e+02           
510       1.773105501783e+02            -2.528878682996e+00           -4.785185356869e+00           -1.772279266319e+02           
520       1.643385644902e+02            -2.997925920216e+01           -1.102679002275e+01           -1.612042732008e+02           
530       1.572990376002e+02            2.033932250274e+01            -1.937872956720e+01           -1.547700359580e+02           
540       1.687126907062e+02            1.710119736551e+01            -6.315945902955e+00           -1.677248636349e+02           
550       1.650948335490e+02            -8.893107758470e+00           2.814992816254e+01            -1.624339811844e+02           
560       1.494199473368e+02            -2.302830829469e+01           1.158217652580e+01            -1.471797230128e+02           
570       1.517962783908e+02            -8.616896508687e+00           -2.200657800386e+01           -1.499452225062e+02           
580       1.607689230350e+02            4.153444889494e+00            -8.304429398788e+00           -1.605005668580e+02           
590       1.764995131197e+02            -7.810779074542e+00           -2.048782131288e+01           -1.751322901111e+02           
600       1.646048035915e+02            -9.473545063064e+00           -2.097191890137e+01           -1.629882570216e+02           
610       1.611779555956e+02            4.638284097818e+00            6.444801925759e+00            -1.609822481479e+02           
620       1.741993869145e+02            1.343998605615e+01            1.457604261661e+01            -1.730674208447e+02           
630       1.601253260370e+02            7.507451458811e+00            -3.947349207098e+00           -1.599005210913e+02           
640       1.802649511932e+02            -1.816434824312e+01           2.684444926197e+00            -1.793273622095e+02           
650       1.596653108477e+02            3.262858933334e+00            -5.268771781420e+00           -1.595449945426e+02           
660       1.549685679170e+02            4.398158114108e+00            8.011389602741e+00            -1.546988393107e+02           
670       1.569233693833e+02            -4.909693266455e-01           -1.479388033350e+01           -1.562236983060e+02           
680       1.506880876258e+02            5.316223041036e+00            -4.028213053871e+00           -1.505403966531e+02           
690       1.779744454636e+02            -1.657280179271e+00           -2.220879106618e+01           -1.765755539702e+02           
700       1.664174251950e+02            1.237461930294e+01            -7.422032444135e+00           -1.657906560697e+02           
710       1.643851448680e+02            7.512903398201e+00            -2.149459001951e+01           -1.628005366567e+02           
720       1.654864902546e+02            -3.149304261267e+00           2.097131932469e+00            -1.654432300734e+02           
730       1.829451296862e+02            2.361572236244e+00            -1.481425088922e+00           -1.829238880851e+02           
740       1.852832798359e+02            9.497887535513e+00            -1.906723497014e+00           -1.850298579274e+02           
750       1.858748711268e+02            -2.451342048979e+01           2.927607734683e+00            -1.842280897291e+02           
760       1.510693102077e+02            2.833347787773e+00            1.886557530877e+01            -1.498599302522e+02           
770       1.773819046884e+02            2.881966488542e+00            1.280915734385e+01            -1.768953359142e+02           
780       1.659830571773e+02            -3.093092641627e+00           7.324097453550e-01            -1.659526186108e+02           
790       1.623148261918e+02            9.128583168230e+00            9.457448265085e+00            -1.617817308701e+02           
800       1.764024731211e+02            -9.788001311949e-01           1.154941610926e+01            -1.760212642299e+02           
810       1.659121033773e+02            3.108350150715e+00            1.599202672785e+01            -1.651103245941e+02           
820       1.731924947140e+02            -2.258341939388e+00           -8.681126860109e+00           -1.729600478532e+02           
830       1.341443195362e+02            9.043672308562e+00            -2.486940738851e+00           -1.338160139175e+02           
840       1.829491595465e+02            -2.861249841479e+00           6.129713428147e+00            -1.828240543293e+02           
850       1.657125773008e+02            -4.344706487800e+00           5.866565063338e-01            -1.656545732401e+02           
860       1.707623434667e+02            4.537477983084e+00            -6.497282531784e+00           -1.705783531387e+02           
870       1.471926274021e+02            -5.996666742644e+00           -1.790773746855e+01           -1.459761024561e+02           
880       1.614458578675e+02            1.969993545486e+01            9.220983019495e+00            -1.599739073655e+02           
890       1.810507419267e+02            1.122079899612e+01            -6.537144654035e+00           -1.805844139506e+02           
900       1.639571845897e+02            -1.293675061824e+01           1.104905110158e+01            -1.630721230983e+02           
910       1.553926035836e+02            -1.400886378118e+01           2.959268394786e+00            -1.547315601764e+02           
920       1.656808891864e+02            2.773568272134e+01            1.061628393090e+01            -1.629974952601e+02           
930       1.585269702137e+02            1.598385734931e+01            1.100366695166e+01            -1.573347892330e+02           
940       1.704805611957e+02            1.464005467602e+01            1.096946045669e+00            -1.698472468251e+02           
950       1.911679473289e+02            -4.341556410832e+00           -9.192465109173e+00           -1.908974425158e+02           
960       1.673017568248e+02            -1.357106003523e+01           -3.090337725716e-01           -1.667501384237e+02           
970       1.758184782006e+02            5.142838460147e+00            -2.112088638458e+00           -1.757305538912e+02           
980       1.679406398306e+02            -1.105553210080e+00           4.060220833705e+00            -1.678879116125e+02           
990       1.421999157004e+02            -9.569760284649e+00           1.311148924069e+01            -1.412703952114e+02           
1000      1.546659911143e+02            -9.022334260519e+00           -6.185859615705e+00           -1.542786486610e+02           
1010      1.819090977688e+02            8.362341052141e+00            -1.484117350122e+01           -1.811097199829e+02           
1020      1.674993151138e+02            -1.495091792573e+01           -3.879650238876e+00           -1.667856076848e+02           
1030      1.598482547818e+02            1.173290263401e+01            4.892808876023e+00            -1.593419717898e+02           
1040      1.695115080767e+02            2.583538853284e+00            8.775480310842e+00            -1.692644902003e+02           
1050      1.476975376006e+02            -3.261481607858e+00           1.339702773245e+01            -1.470525246262e+02           
1060      1.437734409603e+02            9.801750675347e+00            -2.043781799392e+01           -1.419754331035e+02           
1070      1.551477761001e+02            -2.339981823085e+01           1.376631591053e-02            -1.533730117917e+02           
1080      1.572074374929e+02            3.109416878917e+01            5.558902262113e+00            -1.540013950457e+02           
1090      1.625546152186e+02            1.223185858635e+00            -1.380704278700e+01           -1.619625645471e+02           
1100      1.139415464306e+02            -1.769901324308e+00           2.016840074046e+01            -1.121284043580e+02           
1110      1.397831770616e+02            3.089142465028e+01            -1.895180270331e+01           -1.350032801335e+02           
1120      1.677270567337e+02            6.401523243016e+00            2.726638203799e+00            -1.675826706579e+02           
1130      1.747541348611e+02            1.330631016663e+01            1.458212004990e+01            -1.736355710551e+02           
1140      1.669281928001e+02            3.023167748131e+01            4.649906863172e+00            -1.641019365953e+02           
1150      1.821696475480e+02            3.534905628483e+00            1.026985289377e+01            -1.818455802364e+02           
1160      1.811408621332e+02            -9.598827404393e+00           -5.559452978993e-01           -1.808855034867e+02           
1170      1.488459663439e+02            -4.089017393604e+00           -1.963517595450e+00           -1.487768336545e+02           
1180      1.737686388760e+02            -1.185632528614e+01           2.012742005582e+01            -1.721913307034e+02           
1190      1.805225868620e+02            2.622031399517e+01            -9.296683418174e+00           -1.783661155567e+02           
1200      1.717437953069e+02            6.811718831588e+00            8.467119306063e+00            -1.713996487851e+02           
1210      1.764217089934e+02            3.782976045608e+00            -2.308687893201e+01           -1.748636740938e+02           
1220      1.663093730459e+02            -7.483530706845e-02           1.469882898763e+00            -1.663028604891e+02           
1230      1.785635332321e+02            3.203841901560e+01            -1.210138443453e+01           -1.752484853061e+02           
1240      1.624660749487e+02            -3.064701789445e+01           1.167804359548e+01            -1.591213659481e+02           
1250      1.708502548226e+02            9.386191689514e+00            -1.945186587264e+01           -1.694795972753e+02           
1260      1.771424748209e+02            8.079480105343e+00            -1.157542301252e+01           -1.765791266514e+02           
1270      1.504786283454e+02            1.050404846565e+01            -1.541541579870e+00           -1.501036515349e+02           
1280      1.846312734009e+02            -1.869864782510e+01           1.256660556061e+00            -1.836776755390e+02           
1290      1.720495564293e+02            4.047909544436e+01            -4.259319604453e+00           -1.671656391010e+02           
1300      1.917473372246e+02            -1.853581112947e+01           3.639407435291e+00            -1.908146214314e+02           
1310      1.403442576690e+02            -3.918257192005e-01           5.869251604658e+00            -1.402209293183e+02           
1320      1.264054036771e+02            1.070312974348e+01            1.473546128611e+01            -1.250865111559e+02           
1330      1.685157006184e+02            -2.111991641347e+01           9.146813339217e+00            -1.669365936257e+02           
1340      1.682202576978e+02            1.760715899524e+01            1.002988653789e+01            -1.669953425341e+02           
1350      1.780800116472e+02            3.768344478739e+00            5.342918563516e+00            -1.779599487227e+02           
1360      1.572860834238e+02            5.777055072592e+00            -1.647078474493e+00           -1.571713231032e+02           
1370      1.690857243391e+02            4.935473373428e+00            -2.297905453226e+01           -1.674442782859e+02           
1380      1.775730126147e+02            -1.098522239057e+01           1.070401220403e+00            -1.772296643886e+02           
1390      1.547374849055e+02            5.997898559866e+00            3.761955645589e+01            -1.499749426398e+02           
1400      1.577957700741e+02            9.733661574613e+00            -1.404284961943e+01           -1.568679676039e+02           
1410      1.623999596623e+02            4.886866824365e+00            -4.135414802590e+00           -1.622737310083e+02           
1420      1.572391380689e+02            -5.494724875512e+00           -1.867246473821e+01           -1.560297843356e+02           
1430      1.391732144955e+02            -1.982957293100e+01           8.747553986717e+00            -1.374752776671e+02           
1440      1.859269569289e+02            3.724644732817e+01            -9.013908921550e+00           -1.819348370165e+02           
1450      1.345642633308e+02            -1.934887165999e+00           -1.121476847024e+00           -1.345456779949e+02           
1460      1.540444865519e+02            -2.327227588871e+01           -2.090940713548e+01           -1.508340203841e+02           
1470      1.737861645719e+02            8.781177929130e+00            2.061558514682e+01            -1.723354854922e+02           
1480      1.961306533539e+02            -1.816518039213e+01           -3.802220267959e+00           -1.952506146659e+02           
1490      1.662599223110e+02            4.029982241381e+00            -1.033778473185e+01           -1.658892739656e+02           
1500      1.536338716305e+02            -7.637629695428e+00           7.926452583066e+00            -1.532390435701e+02           
1510      1.752909148535e+02            5.807835446982e+00            5.471480876443e+00            -1.751092138484e+02           
1520      1.807650383146e+02            -1.182541394359e+01           1.028029319883e+01            -1.800846307537e+02           
1530      1.351411485424e+02            7.445426307110e-01            1.527714090056e+00            -1.351304620553e+02           
1540      1.641010536988e+02            1.405658273582e+01            4.758158576744e+00            -1.634286640519e+02           
1550      1.564728524661e+02            7.046055313608e-02            1.137859169289e+01            -1.560585667154e+02           
1560      1.712679532484e+02            -5.275598128123e+00           -3.524051553785e+00           -1.711504044253e+02           
1570      1.361512975013e+02            -3.951344323616e+00           -1.326815831765e+01           -1.354456299191e+02           
1580      1.625154755779e+02            -6.031273089349e+00           5.027685810851e+00            -1.623256785681e+02           
1590      1.942566049862e+02            -9.320801203103e+00           -1.276112625996e+01           -1.936127705041e+02           
1600      1.517188297538e+02            -2.092456407604e+01           -1.317832697729e+01           -1.496900050710e+02           
1610      1.664537494497e+02            -6.764823405442e+00           1.278387826504e+01            -1.658241849872e+02           
1620      1.659242885677e+02            1.151975851213e+01            1.204113794056e+01            -1.650853588227e+02           
1630      1.711162838674e+02            1.374090543685e+01            1.344427489038e+01            -1.700330014880e+02           
1640      1.717196107774e+02            -1.171936342031e+01           1.033357213096e+01            -1.710073054977e+02           
1650      1.429114606979e+02            2.119806190508e+00            4.672311548165e+00            -1.428193317633e+02           
1660      1.757658587173e+02            1.783358724658e+00            2.111315615282e+01            -1.744840719365e+02           
1670      1.750828363204e+02            1.017803138996e+01            9.704521418713e+00            -1.745171324399e+02           
1680      1.532941735806e+02            2.685434235184e+01            7.432160805228e-03            -1.509236492249e+02           
1690      1.514817666175e+02            8.657714398360e+00            -9.426973933742e+00           -1.509400601610e+02           
1700      1.687204195647e+02            5.206007695687e+00            5.429043213518e+00            -1.685526711499e+02           
1710      1.536611153457e+02            -1.310002994811e+01           4.829281029078e+00            -1.530255064666e+02           
1720      1.497605457288e+02            1.036719493017e+01            -7.037471732840e+00           -1.492354392156e+02           
1730      1.763931763266e+02            1.740298779119e+01            -1.244404836300e+01           -1.750909316066e+02           
1740      1.625181365550e+02            2.239664533270e+01            -5.401671591066e+00           -1.608768377709e+02           
1750      1.643789119017e+02            2.809979862002e-01            -1.012140989824e+01           -1.640667692733e+02           
1760      1.539326322171e+02            -2.130141938292e+00           9.724873994428e+00            -1.536103661293e+02           
1770      1.420844170700e+02            2.053066095032e+01            1.324837242974e+01            -1.399676897110e+02           
1780      1.718304816385e+02            -8.802517732755e-02           -8.979639607815e+00           -1.715956664494e+02           
1790      1.702706540627e+02            9.902563019353e+00            8.379979224560e-01            -1.699803889867e+02           
1800      1.524785290653e+02            1.925610861245e-01            1.709455236221e+00            -1.524688247116e+02           
1810      1.652465473040e+02            -1.687516564281e+01           -6.091970574996e+00           -1.642697113742e+02           
1820      1.554887164673e+02            -4.007071329475e-01           9.025241281590e+00            -1.552260461465e+02           
1830      1.868886383996e+02            1.232302892058e+01            -8.585028792758e+00           -1.862842006229e+02           
1840      1.519912020676e+02            -1.294885113016e+01           6.403367757386e+00            -1.513031712877e+02           
1850      1.691056039611e+02            -1.018272295499e+01           1.244934478332e+01            -1.683390366455e+02           
1860      1.550517211031e+02            1.305543190290e+01            -1.513589290905e+01           -1.537579157660e+02           
1870      1.716284322790e+02            -1.117915930990e-01           1.817029506771e+01            -1.706638410628e+02           
1880      1.735527442199e+02            -3.997029634635e+00           2.276921241307e+01            -1.720062258944e+02           
1890      1.537326181048e+02            -1.617460834212e+01           -2.918749954937e+01           -1.500672841908e+02           
1900      1.845206611509e+02            2.192157303029e+01            3.565892099820e-01            -1.832135144348e+02           
1910      1.647969187719e+02            -3.107660910440e+01           -3.733776742864e-01           -1.618398263482e+02           
1920      1.801346410800e+02            -2.411114718723e+00           -5.446082672573e+00           -1.800361508874e+02           
1930      1.623948174569e+02            8.432304795603e+00            4.545104829319e-01            -1.621751102757e+02           
1940      1.514617717063e+02            3.150143772521e+01            -2.638051902925e+00           -1.481261907693e+02           
1950      1.723029633691e+02            2.790075574924e+01            2.389008255857e+01            -1.683422792103e+02           
1960      1.705348721872e+02            -4.787444458632e+00           6.506965415934e+00            -1.703434249055e+02           
1970      1.671930607033e+02            1.859878279907e+01            2.264001978590e+01            -1.646056934916e+02           
1980      1.471012337352e+02            2.637737199063e+00            -4.617731680180e+00           -1.470050742764e+02           
1990      1.420436221190e+02            -7.770835879673e+00           -8.266129638360e+00           -1.415898152948e+02           
2000      1.682581239838e+02            1.873764663204e+01            1.981821534888e+01            -1.660329341595e+02           
2010      1.797379192930e+02            -4.215862115483e+01           2.444679426646e+01            -1.730049841600e+02           
2020      1.545872721523e+02            4.141111784537e+00            1.872090005633e+00            -1.545204555510e+02           
2030      1.452006374861e+02            -7.094113807428e+00           -1.039824962067e+01           -1.446539839773e+02           
2040      1.517094253477e+02            4.329401581802e-01            5.828269245986e+00            -1.515968125646e+02           
2050      1.767271275450e+02            -8.238193660291e+00           -5.280404768044e+00           -1.764560203025e+02           
2060      1.602995620841e+02            -8.815858869754e-01           -1.231244104903e+01           -1.598235783798e+02           
2070      1.599947177932e+02            -2.350064563553e+00           -2.031729039716e+01           -1.586820551580e+02           
2080      1.665845950424e+02            -1.498790250556e+01           2.557421864256e+01            -1.639260486462e+02           
2090      1.757788135531e+02            7.531217198508e-01            6.821293244810e+00            -1.756447951414e+02           
2100      1.562089780873e+02            -1.037146309192e-01           -5.637969197729e+00           -1.561071663368e+02           
2110      1.481840750936e+02            -1.529650739332e+01           -1.727038673394e+01           -1.463771522983e+02           
2120      1.509559576462e+02            -1.601655643914e+01           -1.683796672840e+01           -1.491564747008e+02           
2130      1.648990083540e+02            3.548838003726e+01            9.265918837251e+00            -1.607681578751e+02           
2140      1.689180228602e+02            7.503556308971e+00            9.438804746610e+00            -1.684871035263e+02           
2150      1.569513415921e+02            7.512533975154e-01            2.030513768032e+01            -1.556305260214e+02           
2160      1.705014128593e+02            -9.004422611276e+00           -1.029339176685e+01           -1.699520469027e+02           
2170      1.595581274230e+02            -2.648634135149e+00           3.117133180965e+01            -1.564612694477e+02           
2180      1.751431448959e+02            -1.845244453599e+00           -2.781100291219e+01           -1.729111459506e+02           
2190      1.679738757558e+02            1.526162110769e+00            1.354158011818e+01            -1.674201880704e+02           
2200      1.415063792974e+02            -1.507770817529e+01           1.172341875714e+01            -1.402115528431e+02           
2210      1.393099430409e+02            -5.832537354106e+00           -1.507658570043e+01           -1.383688487402e+02           
2220      1.777196503208e+02            1.722406388841e+00            6.043973601547e+00            -1.776084958820e+02           
2230      1.741890939150e+02            9.233286762274e+00            2.626793985869e+01            -1.719493593767e+02           
2240      1.685864726711e+02            -3.421779483434e+00           7.298333800031e+00            -1.683936593717e+02           
2250      1.509939285324e+02            1.117097697940e+01            2.059292843145e+01            -1.491653680504e+02           
2260      1.655115543526e+02            1.050527697995e+01            -5.581904532098e+00           -1.650834822797e+02           
2270      1.681927566167e+02            1.820435014799e+01            -1.500611697153e+01           -1.665299416545e+02           
2280      1.540208421413e+02            -6.158789898220e+00           -1.544976601809e+01           -1.531201941316e+02           
2290      1.410915942577e+02            -9.750835398557e+00           6.257823376647e-01            -1.407528599200e+02           
2300      1.785056910694e+02            -4.857628854882e+00           -3.501860480421e-01           -1.784392405157e+02           
2310      1.288532920909e+02            -1.190646737745e+01           -9.994286640257e+00           -1.279121618604e+02           
2320      1.247945518900e+02            2.808938834350e+01            5.441104769877e+00            -1.214704113058e+02           
2330      1.707101513075e+02            -1.035744475090e+01           -3.713010965956e+00           -1.703551955393e+02           
2340      1.587265514198e+02            -1.065767313829e+01           1.014067016413e+01            -1.580433451225e+02           
2350      1.504081666310e+02            1.151512207447e+01            1.769330614937e+01            -1.489193253759e+02           
2360      1.685591889196e+02            1.668039550705e+01            1.073626472901e+01            -1.673878645381e+02           
2370      1.616571631485e+02            2.497402439991e+00            -4.023530676069e-01           -1.616373703395e+02           
2380      1.601377409264e+02            3.943716042861e+00            -1.321150840498e+01           -1.595430951764e+02           
2390      1.762303163402e+02            3.467489448617e+00            1.349773910812e+01            -1.756784333755e+02           
2400      1.551184585029e+02            -6.090538415421e+00           -3.684931432574e-01           -1.549984055497e+02           
2410      1.699669451417e+02            1.274923267681e+01            1.716552735162e+00            -1.694794174927e+02           
2420      1.700681028747e+02            -5.951889294873e+00           3.572203540615e+00            -1.699263781498e+02           
2430      1.609356840590e+02            -5.668594440074e+00           -1.442873325369e+01           -1.601873062926e+02           
2440      1.620343179391e+02            8.141114068780e-01            7.751188249787e+00            -1.618467685601e+02           
2450      1.664992680292e+02            1.151512658353e+00            -6.670675744238e+00           -1.663616012124e+02           
2460      1.357157345375e+02            -1.331325869785e+01           1.096741198637e+01            -1.346151314609e+02           
2470      1.581535849846e+02            -5.792759247155e+00           -8.204170672440e-01           -1.580453330523e+02           
2480      1.566649758534e+02            -2.183661289849e+01           3.372685065096e+00            -1.550990070624e+02           
2490      1.617241702990e+02            -8.863903637918e+00           2.552635623588e+01            -1.594507560613e+02           
2500      1.630173391913e+02            1.196058126522e+01            -4.174885204451e+00           -1.625243603475e+02           
2510      1.720512988068e+02            2.337787032970e+00            2.151333417492e+01            -1.706849748090e+02           
2520      1.502598551233e+02            3.143723748010e+00            7.978584710925e+00            -1.500149434179e+02           
2530      1.725159691467e+02            2.986954959668e+01            7.802925103592e-01            -1.699086835953e+02           
2540      1.676946735344e+02            -2.036002806291e+01           1.047746261056e+01            -1.661240366905e+02           
2550      1.726689626718e+02            1.076489013850e+01            -9.735949979978e+00           -1.720578364633e+02           
2560      1.550627521290e+02            7.642902859949e+00            -1.372345728981e+01           -1.542650636201e+02           
2570      1.566882098426e+02            1.090074687038e+01            -2.441295801679e+01           -1.543903374639e+02           
2580      1.648953147369e+02            -5.152877313741e+00           6.145395099670e+00            -1.647001724244e+02           
2590      1.631349878301e+02            -3.335655069274e+00           2.098751605582e+00            -1.630873781176e+02           
2600      1.451892459933e+02            -5.576333467451e-01           -1.917791628723e+01           -1.439159953724e+02           
2610      1.692744531147e+02            -9.222955632890e+00           1.571170193241e+01            -1.682911762068e+02           
2620      1.650296729754e+02            -2.002287451600e+01           8.859075839099e+00            -1.635707621605e+02           
2630      1.776952831753e+02            -6.556623973434e+00           -3.151624019466e+00           -1.775463083561e+02           
2640      1.657135382914e+02            2.345525383329e+01            -1.743111544786e+00           -1.640359393633e+02           
2650      1.272977232546e+02            1.701941170642e+01            -2.688966342782e+01           -1.232558151638e+02           
2660      1.768407911064e+02            -1.960991841315e+00           7.541003046597e+00            -1.766690498735e+02           
2670      1.501296847217e+02            3.641862926755e+01            -1.082092461468e+01           -1.452429456717e+02           
2680      1.642791279503e+02            1.281508555148e+01            1.353784742201e+01            -1.632180509307e+02           
2690      1.773609337465e+02            -9.531275290977e+00           -1.843123287915e+00           -1.770950550052e+02           
2700      1.413011560998e+02            -2.805261966746e+01           3.130653282419e+01            -1.349035516488e+02           
2710      1.531998140672e+02            1.701212359130e+01            7.890539425549e+00            -1.520477229974e+02           
2720      1.586051697726e+02            -2.615256082246e+01           -6.718394933089e+00           -1.562898160808e+02           
2730      1.643466533301e+02            -2.039387717895e+01           1.566603926046e+01            -1.623221717706e+02           
2740      1.486575052401e+02            1.296171829237e+00            8.296209109950e+00            -1.484201695094e+02           
2750      1.468978823506e+02            9.783957402522e+00            -1.641465751285e+01           -1.456496516830e+02           
2760      1.530681122068e+02            1.211977171213e+00            -2.691386251788e+00           -1.530396501758e+02           
2770      1.588207648830e+02            -3.442856900420e+00           2.868491589884e+01            -1.561709246123e+02           
2780      1.587524947971e+02            -1.498616969548e+00           2.961510127592e+00            -1.587177942426e+02           
2790      1.826171711197e+02            3.608432368262e+01            -3.758524179045e+00           -1.789771668905e+02           
2800      1.811748027790e+02            1.657813629511e+01            1.298777503770e+01            -1.799466372527e+02           
2810      1.564523377588e+02            -2.755011073436e-01           2.134480796300e+00            -1.564375341184e+02           
2820      1.938781974825e+02            4.244902964318e-01            1.749640254555e+01            -1.930866416017e+02           
2830      1.631442608389e+02            -3.161805566745e+01           1.729032738607e+00            -1.600417409499e+02           
2840      1.719852500753e+02            -4.737924094636e+00           1.274397631729e+01            -1.714469871020e+02           
2850      1.574587156987e+02            -4.590621835176e+00           -4.446162415618e+00           -1.573289705694e+02           
2860      1.661119392850e+02            9.385169444038e+00            1.125390368816e+01            -1.654643303534e+02           
2870      1.783751877782e+02            -1.953617041379e+01           2.249381952462e+00            -1.772878617991e+02           
2880      1.450767266032e+02            -7.248830915080e+00           -2.383375020156e+01           -1.429218786736e+02           
2890      1.264514127812e+02            1.494825454914e+01            -2.140704728576e+01           -1.237265040596e+02           
2900      1.733852609105e+02            4.136376590888e+00            -3.956924495163e+00           -1.732907436600e+02           
2910      1.716596091428e+02            -6.936429897907e+00           1.134945147602e+01            -1.711434991535e+02           
2920      1.703532480486e+02            1.290165169078e+01            7.546969869845e+00            -1.696962573251e+02           
2930      1.697081309437e+02            -6.374068226512e-03           1.142398939149e+01            -1.693231884125e+02           
2940      1.580316038831e+02            9.340174213097e+00            -9.419704741636e+00           -1.574738649240e+02           
2950      1.522582584465e+02            -7.528532341543e+00           -3.348080125691e+01           -1.483406027126e+02           
2960      1.762532613117e+02            -7.185826754060e+00           5.830855172485e+00            -1.760101620499e+02           
2970      1.566732152939e+02            8.566179320467e+00            8.912613433613e+00            -1.561847696934e+02           
2980      1.623116498774e+02            3.419310767663e+01            -6.821836849350e-01           -1.586676958261e+02           
2990      1.785991958356e+02            2.657307168937e+00            8.199038980218e+00            -1.783911074900e+02           
3000      1.459219910480e+02            1.044285075599e+01            5.461363252353e+00            -1.454453431738e+02           
3010      1.757488547050e+02            -6.433299198692e+00           5.396181659549e+00            -1.755481524113e+02           
3020      1.783161828666e+02            1.500650660220e+01            3.869325201401e+00            -1.776414764468e+02           
3030      1.799979513331e+02            1.221563251485e+01            7.844561789874e-01            -1.795812502320e+02           
3040      1.778225774801e+02            -9.176226014522e+00           -2.283949802347e+00           -1.775709703501e+02           
3050      1.666295655327e+02            2.370303437375e+01            -1.182020694643e+01           -1.645109752534e+02           
3060      1.433563697135e+02            1.133836147346e+01            1.145388308333e+01            -1.424475301956e+02           
3070      1.543876740957e+02            5.246831247440e-01            1.285657888010e+01            -1.538505346101e+02           
3080      1.639794876592e+02            -7.073889449110e+00           6.637140057606e+00            -1.636923359015e+02           
3090      1.744380951293e+02            1.692357922210e+01            5.152318711513e+00            -1.735387423907e+02           
3100      1.480068890182e+02            1.792370768341e+01            1.167905461952e+01            -1.464526530416e+02           
3110      1.431299310060e+02            -1.946323831096e+01           -4.381178218937e+00           -1.417327230447e+02           
3120      1.507109398149e+02            4.536349260635e+00            -1.034950895809e+01           -1.502867145811e+02           
3130      1.759424912940e+02            2.148208250348e+01            -7.834488719857e+00           -1.744502827757e+02           
3140      1.466450783314e+02            -7.999855602574e+00           1.280032994142e+01            -1.458661470752e+02           
3150      1.625560454468e+02            6.945285900271e+00            2.500834907372e+00            -1.623883516138e+02           
3160      1.604046448553e+02            1.570015178089e+01            5.980427639229e-02            -1.596344315888e+02           
3170      1.820130090268e+02            2.002792968484e+00            9.776591757135e+00            -1.817392157156e+02           
3180      1.505282537160e+02            4.206523608246e+00            1.840923226012e+01            -1.493390789228e+02           
3190      1.719142937010e+02            8.959596069343e+00            9.764106016630e+00            -1.714027778383e+02           
3200      1.496286083645e+02            -1.270842410140e+01           2.321259106636e+01            -1.472697932841e+02           
3210      1.559862552258e+02            9.945067835437e+00            -5.937440705991e+00           -1.555556307016e+02           
3220      1.370903733666e+02            -1.470932349366e+01           7.069523501994e+00            -1.361154954794e+02           
3230      1.534864925040e+02            1.096383734379e+01            2.041991441098e+01            -1.517264800466e+02           
3240      1.688706850067e+02            2.670460209119e+01            -1.041353575420e+01           -1.664203435728e+02           
3250      1.694112279806e+02            2.112753068290e+00            1.195405640245e+01            -1.689757407911e+02           
3260      1.632355341535e+02            1.827621239946e+00            2.230525275863e+01            -1.616940787733e+02           
3270      1.490912666243e+02            -1.029330301829e-01           -1.508322306909e+00           -1.490836012184e+02           
3280      1.839611523608e+02            -1.528104246733e+01           -4.117528579744e+00           -1.832791348665e+02           
3290      1.682973497248e+02            -3.695098271654e+00           1.605344411416e+01            -1.674891969807e+02           
3300      1.888054270830e+02            1.252741268277e+01            -6.472407770361e+00           -1.882781484006e+02           
3310      1.742322158474e+02            -8.728995926792e-01           5.058721201855e+00            -1.741565744529e+02           
3320      1.755218512793e+02            -3.731419329157e+00           5.613168099535e+00            -1.753923861808e+02           
3330      1.470076073886e+02            -1.545563833895e+01           -1.086921806583e+01           -1.457882710381e+02           
3340      1.471313226677e+02            2.795296355099e+00            2.883303739647e+01            -1.442514068657e+02           
3350      1.613135693001e+02            -1.783977237489e+01           2.737547693568e+01            -1.579695965194e+02           
3360      1.405510129658e+02            2.197245310143e+01            -7.386086086905e+00           -1.386262755856e+02           
3370      1.732837382996e+02            -3.370363903252e+01           -8.662422025523e+00           -1.697535894163e+02           
3380      1.565873872593e+02            4.674452647833e+00            -1.503199700126e+01           -1.557940897701e+02           
3390      1.591265087709e+02            -1.420244658969e+01           1.968711891542e+01            -1.572639617118e+02           
3400      1.469696952391e+02            5.843016574802e+00            -9.167130978081e+00           -1.465670978959e+02           
3410      1.627676325426e+02            2.689561026282e+01            9.436736071044e+00            -1.602525393385e+02           
3420      1.564020723089e+02            -1.171249980860e+01           -3.812860909029e+00           -1.559162841477e+02           
3430      1.603370873730e+02            -1.445599493177e+01           2.465217204838e-01            -1.596838909372e+02           
3440      1.460810508916e+02            -3.066178000871e+01           -9.650781275899e+00           -1.425004950766e+02           
3450      1.591576055343e+02            -3.137933325138e-01           1.052263143121e+01            -1.588090651094e+02           
3460      1.390910801943e+02            1.436284747476e+01            6.255995885502e-01            -1.383461088256e+02           
3470      1.470301333635e+02            -2.081471439460e+01           -2.270758860916e-01           -1.455491539587e+02           
3480      1.813595457762e+02            2.458309882704e+01            1.789766668359e+01            -1.787921408326e+02           
3490      1.529008069632e+02            -1.516541079885e+01           1.837085789046e+01            -1.510337004303e+02           
3500      1.533072828591e+02            1.816645045360e+01            -1.456906484142e+01           -1.515283650186e+02           
3510      1.387022743424e+02            7.158220845930e+00            -2.823964679730e+00           -1.384886493745e+02           
3520      1.562944634572e+02            9.918833721669e+00            -1.264042335586e+01           -1.554663813895e+02           
3530      1.621285495746e+02            -8.704988808260e-01           1.394468373382e-01            -1.621261526510e+02           
3540      1.466133820837e+02            2.080881272472e+01            2.360612130680e+01            -1.431964669811e+02           
3550      1.251608392711e+02            1.762868874821e+01            -1.578524493250e+01           -1.229035844167e+02           
3560      1.917451798852e+02            -3.068357027920e-01           2.759102798693e+01            -1.897494533212e+02           
3570      1.726398498659e+02            4.557531293230e+00            5.223581132045e+00            -1.725006112174e+02           
3580      1.673417788491e+02            -1.642229362004e+01           6.865192517562e+00            -1.663924528106e+02           
3590      1.713873322924e+02            -1.169592965206e+01           -1.057812580008e+01           -1.706602653063e+02           
3600      1.559551196681e+02            8.846440839931e+00            2.068744938459e+00            -1.556902698615e+02           
3610      1.807673074800e+02            8.840534869891e+00            2.500785884996e+01            -1.788107138639e+02           
3620      1.732260406902e+02            -3.423685696679e-01           1.335484145639e+01            -1.727101391541e+02           
3630      1.537808104385e+02            -1.098331005184e+01           1.257202845438e+01            -1.528720009026e+02           
3640      1.679696598330e+02            2.492417346606e+01            -9.692175335204e+00           -1.658271809407e+02           
3650      1.822796012269e+02            8.378088440905e+00            7.483244941101e+00            -1.819331242591e+02           
3660      1.618734782921e+02            -8.030679809726e+00           -8.408631426399e+00           -1.614553377058e+02           
3670      1.688098610477e+02            -3.044625513894e+00           2.776630036954e+01            -1.664828279620e+02           
3680      1.650691776971e+02            -1.531672673932e+01           3.009507755358e+01            -1.615782089721e+02           
3690      1.675024385807e+02            1.139373594098e+01            -5.250196487731e+00           -1.670319883993e+02           
3700      1.772896875695e+02            -6.221129672942e+00           -1.940421104630e+01           -1.761147565020e+02           
3710      1.611890133607e+02            -1.912913100112e+00           -1.743664408818e+00           -1.611682302009e+02           
3720      1.601369580942e+02            2.263660771547e+01            -1.091508477065e+01           -1.581527434578e+02           
3730      1.502071707933e+02            -1.615168584635e+01           -9.367338054865e+00           -1.490421758423e+02           
3740      1.652700458000e+02            -2.983910675343e+01           7.626442802807e+00            -1.623750384667e+02           
3750      1.502251297935e+02            -9.957409445889e+00           -6.921572587542e+00           -1.497348705262e+02           
3760      1.417743996399e+02            1.505139493705e+01            -7.066810430802e+00           -1.407959377754e+02           
3770      1.474601425057e+02            -5.790220079684e+00           2.959873312512e+01            -1.443429318554e+02           
3780      1.493235344240e+02            2.327782409847e+01            -1.683989461584e+01           -1.465335415099e+02           
3790      1.382436549553e+02            1.610725932450e+01            6.517250672369e+00            -1.371473287239e+02           
3800      1.700468594355e+02            7.129549914161e+00            -4.532391736730e+00           -1.698368668666e+02           
3810      1.536175042557e+02            3.884821254088e+00            -1.793504323627e+01           -1.525174744142e+02           
3820      1.372503174005e+02            1.496398316180e+01            -1.914516539608e+00           -1.364187064185e+02           
3830      1.611335363275e+02            2.028678521952e+01            2.416034057105e+01            -1.580150018776e+02           
3840      1.472937487144e+02            -1.570014277142e+01           -3.750959857778e+00           -1.464065716676e+02           
3850      1.813720668505e+02            -1.324846676977e+01           -1.976244241621e+01           -1.798047569772e+02           
3860      1.873794252938e+02            1.754224663311e+01            -1.483188158443e+01           -1.859659482141e+02           
3870      1.767146922928e+02            -1.343281927774e+00           -8.312425694733e+00           -1.765139701125e+02           
3880      1.468722360753e+02            1.065196385136e+01            6.433702744357e-01            -1.464840451058e+02           
3890      1.664383073310e+02            -5.728021597456e+00           -1.300990718061e+01           -1.658301607999e+02           
3900      1.651061519235e+02            -9.557777130794e+00           2.560511813389e+01            -1.628283397466e+02           
3910      1.796349798376e+02            9.878916630055e-01            1.499714114769e+01            -1.790051278838e+02           
3920      1.582994356701e+02            -6.562986111382e+00           2.593133226619e+01            -1.560230898094e+02           
3930      1.727331902576e+02            1.000052718532e+01            2.237063733014e+01            -1.709862540032e+02           
3940      1.425864723544e+02            -2.031308823547e+01           4.910117518527e+00            -1.410466989715e+02           
3950      1.412585379310e+02            -6.978860823023e+00           -1.380782161713e+00           -1.410792808340e+02           
3960      1.730581279182e+02            2.786301425406e+01            4.748631020051e+00            -1.707343509042e+02           
3970      1.728834181090e+02            2.000221315656e+00            5.712576004732e+00            -1.727774344269e+02           
3980      1.466723135549e+02            5.520613003964e+00            1.043811841693e+01            -1.461962245734e+02           
3990      1.699503696966e+02            5.052970777872e+00            -1.342656709037e+01           -1.693438010159e+02           
4000      1.738263320451e+02            -2.265175810913e+01           2.023137915760e+00            -1.723322328521e+02           
4010      1.662788024407e+02            2.386431664810e+01            2.452186151582e+01            -1.627200443701e+02           
4020      1.431045701861e+02            -1.595612366422e-01           6.727652328541e+00            -1.429462529852e+02           
4030      1.363336755311e+02            2.063533217334e+01            1.120704110006e+01            -1.342961517680e+02           
4040      1.767396923558e+02            -2.056982369716e+01           -2.556375249559e+00           -1.755199879007e+02           
4050      1.720125371495e+02            1.282232862211e+01            2.662903946286e+01            -1.694544041405e+02           
4060      1.657441862846e+02            2.137760724938e+01            -1.655461764356e+01           -1.635239365662e+02           
4070      1.700405334784e+02            1.109667380028e+01            -5.311513356998e+00           -1.695949134910e+02           
4080      1.642789650914e+02            6.293454328383e+00            -1.490790106586e+00           -1.641516017252e+02           
4090      1.788117319755e+02            3.363411626588e+01            4.416970431763e+00            -1.755644385611e+02           
4100      1.805366813402e+02            3.693753292761e+01            1.465658554115e+01            -1.761087631858e+02           
4110      1.708452064971e+02            7.934316580917e+00            3.829642314009e+00            -1.706178919199e+02           
4120      1.556569283281e+02            -3.062771311814e+00           -1.392219558749e+01           -1.550028104211e+02           
4130      1.814511529351e+02            -2.758113715613e+00           6.983455328707e+00            -1.812957392270e+02           
4140      1.479476177067e+02            -8.380549421484e-01           -3.633947327272e+00           -1.479006074221e+02           
4150      1.589767163440e+02            3.933369866166e+00            4.529773712565e+00            -1.588634825602e+02           
4160      1.742569534160e+02            -2.947004932000e+00           1.459235690937e+01            -1.736198839292e+02           
4170      1.828847722746e+02            -1.239258078287e+01           5.068567448152e+00            -1.823940061940e+02           
4180      1.405166014617e+02            -9.001941006766e+00           8.940363375880e+00            -1.399426677149e+02           
4190      1.600176703356e+02            -5.612923958457e+00           2.060467238626e+01            -1.585862458731e+02           
4200      1.763880422032e+02            3.176816534087e+01            2.357291944522e+01            -1.718948590621e+02           
4210      1.646175288245e+02            2.321464668272e+00            2.640622686218e+00            -1.645799766373e+02           
4220      1.466979404268e+02            -2.426408378405e+00           -3.483490729269e-01           -1.466774588026e+02           
4230      1.704207866027e+02            1.255238338119e+01            2.137723969491e+01            -1.686081130930e+02           
4240      1.483556933024e+02            2.365945784465e+01            2.684376158510e+01            -1.439758808054e+02           
4250      1.756604476249e+02            5.756675452406e-01            -1.615409509027e+01           -1.749151413642e+02           
4260      1.514174245515e+02            -2.232887662895e+01           1.331248042622e+01            -1.491691509368e+02           
4270      1.714977757644e+02            -2.803460162518e+01           3.381433113271e+00            -1.691570693585e+02           
4280      2.093084479431e+02            -1.508697503893e+01           -3.059553183509e+01           -2.065098617409e+02           
4290      1.560940784228e+02            1.859003160380e+01            7.435094757757e+00            -1.548046879444e+02           
4300      1.568497108955e+02            2.144359002990e+01            1.245787269530e+01            -1.548767434527e+02           
4310      1.444936882432e+02            -1.813119289696e+00           -1.287068918988e+01           -1.439079007572e+02           
4320      1.583725156562e+02            -8.133199126293e-01           -1.224013565542e+01           -1.578967108750e+02           
4330      1.569416655159e+02            2.096859915705e+01            1.657681078922e+01            -1.546486778746e+02           
4340      1.755070138371e+02            -9.863840090815e+00           -1.297768561657e+01           -1.747483797943e+02           
4350      1.907016864849e+02            -4.099396836685e+00           9.144250073671e+00            -1.904382074699e+02           
4360      2.000283401213e+02            3.299302865031e+01            -7.336593011958e+00           -1.971521527022e+02           
4370      1.687170862056e+02            2.095337918921e+01            -9.413204242887e+00           -1.671460518951e+02           
4380      1.520440295107e+02            -1.269401231368e+01           -3.701000947720e+01           -1.469234772245e+02           
4390      1.536377262993e+02            -7.913077515170e+00           -8.792117871051e+00           -1.531816986784e+02           
4400      1.499204663399e+02            2.626146408240e+01            -4.113623383307e+00           -1.475451111846e+02           
4410      1.692209713618e+02            1.425001997511e+00            1.992706142858e+01            -1.680375515793e+02           
4420      1.645594297336e+02            1.096852020102e+01            1.844333031021e+01            -1.631543473093e+02           
4430      1.717221384179e+02            7.384684657014e+00            -8.971473622617e+00           -1.713285496243e+02           
4440      1.632331413055e+02            -1.477970238838e+01           -8.430207517840e+00           -1.623439263384e+02           
4450      1.649781166613e+02            2.380475496805e+01            -1.702024249201e+00           -1.632428121893e+02           
4460      1.686463690610e+02            1.678874189895e+01            2.321712440779e+01            -1.661947685012e+02           
4470      1.590558965573e+02            -1.107186980200e+01           9.612311708390e+00            -1.583786456324e+02           
4480      1.419466009559e+02            -8.495792661867e+00           -5.828815387527e+00           -1.415721863262e+02           
4490      1.504422683169e+02            -2.124414314414e+01           1.240803116986e-01            -1.489347074475e+02           
4500      1.321812278119e+02            -2.494834908056e+01           2.313387341181e+00            -1.297848415765e+02           
4510      1.561049242861e+02            -1.209251145092e+01           1.308204555140e+01            -1.550850690343e+02           
4520      1.429213420763e+02            7.236212310910e+00            -1.885671355221e+01           -1.414870015453e+02           
4530      1.611529117628e+02            7.941333680330e+00            1.281918983964e+01            -1.604458306123e+02           
4540      1.654603952435e+02            -3.077731516022e+00           9.475820281064e-01            -1.654290544346e+02           
4550      1.547111632126e+02            1.465005465200e+01            -1.017182088066e+01           -1.536797123282e+02           
4560      1.538205387591e+02            2.847732780418e+00            4.220902958979e+00            -1.537362434183e+02           
4570      1.752695163469e+02            -2.485209360281e+01           2.167174087039e+01            -1.721398049600e+02           
4580      1.596890552008e+02            7.578793198375e+00            2.696410398830e+00            -1.594863179572e+02           
4590      1.653437100587e+02            -7.779923964006e+00           -1.196822056697e+01           -1.647263698852e+02           
4600      1.906159005251e+02            1.876270089119e+00            1.275960871242e+01            -1.901791090762e+02           
4610      1.819244075765e+02            -3.788625674090e+00           8.292481104220e+00            -1.816958203832e+02           
4620      1.607160653485e+02            -1.590360622273e+01           1.728161227151e+00            -1.599179240392e+02           
4630      1.853293259962e+02            1.235973451318e+01            9.430947910161e+00            -1.846760765732e+02           
4640      1.688041155237e+02            -7.017226963017e+00           5.187475628925e+00            -1.685784032433e+02           
4650      1.394163086341e+02            4.910881782865e+00            2.660119249052e+01            -1.367668341059e+02           
4660      1.567790384900e+02            4.427091222543e-01            1.783389274117e+01            -1.557607883524e+02           
4670      1.605236066004e+02            -1.037648508932e+01           3.690159913495e+00            -1.601453700642e+02           
4680      1.422989770387e+02            1.638792583082e+01            -6.928416275906e+00           -1.411822644709e+02           
4690      1.334124565247e+02            -2.643508570188e+01           3.162566552894e+01            -1.268853304356e+02           
4700      1.590878131631e+02            -2.802323058398e+00           -1.786472652213e+00           -1.590530974171e+02           
4710      1.643217250224e+02            -6.412567405641e+00           -3.047028016491e-01           -1.641962711202e+02           
4720      1.697686265556e+02            -7.571779131331e+00           2.269950434861e+01            -1.680737553150e+02           
4730      1.604525596232e+02            -9.618692801431e-01           -1.822163595147e+01           -1.594116390995e+02           
4740      1.494233902621e+02            -1.858859572894e-01           -1.130574955872e+01           -1.489949496820e+02           
4750      1.482281152641e+02            9.684055636063e-01            -9.682891416367e-01           -1.482217890917e+02           
4760      1.683568265487e+02            2.252569364990e+00            -1.010852468877e+01           -1.680379859002e+02           
4770      1.628495749254e+02            2.142151040848e+01            -2.134863946017e+00           -1.614203992720e+02           
4780      1.522168199161e+02            -1.468173350718e+01           -6.578455354591e+00           -1.513642325377e+02           
4790      1.897777246536e+02            9.516174899046e+00            -9.382920046927e+00           -1.893065978813e+02           
4800      1.940279941480e+02            1.843029908263e+01            2.538224410948e+01            -1.914756597398e+02           
4810      1.452965971250e+02            -2.845905449870e+01           9.321158838022e+00            -1.421770000776e+02           
4820      1.731638799930e+02            -1.057679672821e+01           -8.549315235538e+00           -1.726289949985e+02           
4830      1.664929032691e+02            2.118051911031e+01            -1.695090522756e+01           -1.642678887097e+02           
4840      1.595572300989e+02            -3.337136337866e+00           -9.929674201753e+00           -1.592129855513e+02           
4850      1.207640858769e+02            -3.785972159966e+00           -6.811115287591e+00           -1.205124041791e+02           
4860      1.676994038018e+02            -7.990755924254e-02           -1.606573290983e+00           -1.676916890383e+02           
4870      1.803250389027e+02            -5.283373437774e-01           1.520792623738e+01            -1.796818285038e+02           
4880      1.804218792844e+02            1.938051045630e+00            7.492228084416e+00            -1.802558320859e+02           
4890      1.676315994634e+02            -9.674937807719e+00           1.708586683667e+00            -1.673434475820e+02           
4900      1.421487700080e+02            1.907480329171e+00            -7.757047148501e-01           -1.421338545730e+02           
4910      1.519901057992e+02            -1.128447224015e+01           2.326515826932e+01            -1.497744482808e+02           
4920      1.680178443704e+02            -6.600315386603e+00           -5.510117939296e+00           -1.677977069687e+02           
4930      1.819979355108e+02            -7.500140750642e+00           3.080129864185e+01            -1.792157259308e+02           
4940      1.593257614469e+02            6.556665867094e+00            -9.051059963876e+00           -1.589332775314e+02           
4950      1.659985792989e+02            6.433022488974e+00            6.043131926316e+00            -1.657637629502e+02           
4960      1.931876584335e+02            9.418150108417e+00            -2.257007067714e+01           -1.916334045232e+02           
4970      1.710766859111e+02            2.475899568666e+01            2.876404047985e+01            -1.668138320710e+02           
4980      1.517375093416e+02            2.325793978003e+00            7.977144907250e+00            -1.515098266869e+02           
4990      1.832747822860e+02            -1.648071118418e+01           1.172417517068e+00            -1.825285112469e+02           
5000      1.702903927639e+02            -8.218830629408e+00           4.817303660781e+00            -1.700237109235e+02           
