@    title "Magnitude of Electric Field"
@    xaxis  label "Residues"
@    yaxis  label "MV/cm"
#time  EField_Magnitude
@type xydy
21        1.983116077921e-01            2.931088471092e-02            
22        2.234654522016e+00            1.979813302820e-02            
23        3.778726171790e+00            2.984478647967e-02            
24        9.720443468168e-02            5.310121913140e-03            
25        5.449351333169e-02            9.485117672716e-03            
26        7.485803391576e-02            5.632480670308e-03            
27        1.036411599035e-01            7.795513297940e-03            
28        1.586982431650e-01            1.023362893874e-02            
29        1.250705030806e-01            7.531947875837e-03            
30        7.481691669722e-02            9.812525393077e-03            
31        2.892703176234e-01            1.251676483862e-02            
32        1.644095963691e-01            1.028594735995e-02            
33        5.606956462262e-02            8.498841404093e-03            
34        4.626474734391e-02            2.594139554399e-02            
35        3.617025331672e-02            1.394948426363e-02            
36        5.987360190776e-02            1.087040481945e-02            
37        1.206317339199e-01            6.378310945693e-02            
38        2.749984931513e-01            1.944324072320e-02            
39        4.943666692755e-02            1.822985174066e-02            
40        1.373304558917e-01            9.624221405242e-03            
41        4.257191135054e-01            1.743345022305e-02            
42        4.252540779589e-01            5.493174612425e-02            
43        4.462828861661e-01            1.592790186806e-02            
44        4.792335092221e-01            1.197287977702e-02            
45        5.032806318011e-01            1.592506790254e-02            
46        2.372449302108e+00            1.198600794157e-01            
47        3.601105371569e-01            2.547572992350e-02            
48        3.178705616023e-01            3.263936902839e-02            
49        2.457821625719e-01            7.734834357085e-02            
50        4.855312501129e-01            1.136335503798e-02            
51        6.987569193944e-01            1.417300616011e-02            
52        3.638927159090e+00            9.618723926725e-02            
53        8.409938260448e-01            2.712223022512e-02            
54        7.068258881911e-01            2.565678950072e-02            
55        7.478385028569e-01            1.578696191138e-01            
56        6.948101400227e-01            6.493810901702e-02            
57        6.514470593656e-01            6.246589924671e-02            
58        4.110560577032e-01            3.676443170255e-02            
59        3.657872239136e-01            1.087102024448e-01            
60        1.619913118515e+00            1.216039055081e-01            
61        1.375453677062e-01            4.431811286289e-02            
62        5.813469479555e-01            6.863657342171e-02            
63        8.541616726676e-01            1.225288394049e-01            
64        2.976018548947e+00            1.182218616203e-01            
65        6.664915038298e+00            2.817642601407e-01            
66        2.398536793301e+01            8.480087997873e-01            
67        4.088118490912e+00            1.582577015630e+00            
68        3.206564545448e+01            8.565987524270e-01            
69        4.486922791691e+00            3.126550063514e-01            
70        2.881243735559e+00            7.741520373148e-01            
71        5.894950766071e-01            9.427035223101e-02            
72        2.421500269050e+00            3.920987235907e-01            
73        7.264270117433e-01            3.682226184440e-02            
74        1.668440153450e+00            9.327301500835e-02            
75        4.873514139445e-01            1.324930348691e-02            
76        5.595327704486e-01            2.794222492437e-02            
77        3.342110827824e+00            1.760104729097e-01            
78        4.706903197599e-01            1.918892758474e-02            
79        1.914647890946e-01            2.095145737350e-02            
80        3.881887019844e-01            5.227744033788e-02            
81        3.421107393594e-01            2.417870558480e-02            
82        1.921171547195e-01            2.254908751794e-02            
83        6.815127000023e-02            2.481986234323e-02            
84        3.891685771983e-01            3.172053556719e-02            
85        1.137199771998e-01            2.461061601148e-02            
86        7.793969862305e-02            1.723901842525e-02            
87        2.651517441013e-01            2.420864027380e-02            
88        2.291841536610e-01            2.459255285126e-02            
89        5.898223234954e-02            1.841463195944e-02            
90        6.970866468102e-02            1.488555719233e-02            
91        3.189068930829e-01            1.802530317628e-02            
92        2.652365588049e-01            1.586603402492e-02            
93        6.016365412453e-02            1.026547029010e-02            
94        2.149233229602e-01            9.756552508105e-03            
95        3.269991120548e-01            1.303579660835e-02            
96        3.674099873081e-01            2.069478432986e-02            
97        4.323452941079e+00            4.953883899006e-02            
98        2.372237735607e-01            7.684225742468e-03            
99        2.195069457783e-01            6.963908849142e-03            
100       1.199930673474e-01            4.938993918515e-03            
101       2.177254453453e-02            9.133018783213e-03            
102       1.524708662003e-01            3.969104098477e-03            
103       9.039953491018e-02            3.003429543001e-02            
104       9.214907916488e-02            5.365342055948e-03            
105       6.371279974650e-02            3.662672964496e-03            
106       1.550125889143e-01            1.850588023478e-02            
107       1.255687024052e-01            4.276330628079e-03            
108       6.714060880997e-02            3.580898951758e-03            
109       6.879542592399e-02            8.945607635594e-03            
110       1.772650713413e-01            2.291362049689e-02            
111       6.221423517678e-02            4.246491613834e-03            
112       1.296164271330e-02            3.354007417658e-03            
113       1.716656265981e+00            6.856619919070e-03            
