@    title "Electric Field"
@    xaxis  label "Time (ps)"
@    yaxis  label "MV/cm"
#time      Magnitude                     Efield_X                      Efield_Y                     Efield_Z
@type xy
10        9.390147945993e+01            -1.459417904025e+01           -6.240619746928e+00           9.255026984337e+01            
20        8.866864818108e+01            -2.876863611217e+00           -3.637185275138e+00           8.854729645391e+01            
30        8.743557670417e+01            9.735952925970e+00            -7.710991869564e+00           8.654901442882e+01            
40        8.958313599383e+01            -4.783034575240e+00           -5.672188308857e+00           8.927534438203e+01            
50        8.339465815137e+01            -3.233389093461e+00           -9.545815888020e+00           8.278340173118e+01            
60        8.343468814219e+01            3.803814681544e+00            1.932384736203e+00            8.332553071229e+01            
70        9.143556649348e+01            -1.669130897252e+01           -1.986101234555e+00           8.987724087139e+01            
80        9.160590489157e+01            -1.589752996726e+00           -6.432731489501e+00           9.136593709911e+01            
90        8.601273474110e+01            1.630212941251e+00            -4.965114257334e-01           8.599585117791e+01            
100       9.037221768029e+01            -7.332422786920e-01           -6.369550231474e+00           9.014448909425e+01            
110       9.161818483679e+01            -1.085642743903e+01           -9.438820604592e+00           9.048170224772e+01            
120       9.093239569756e+01            -1.026015034690e+01           -4.952858757428e+00           9.021584723476e+01            
130       7.932715805888e+01            -1.986813909027e+00           -6.413992813335e+00           7.904246499433e+01            
140       8.116204069889e+01            -1.750272604925e+00           -4.041495940667e+00           8.104245619907e+01            
150       8.601993982898e+01            -9.226608745195e-01           -4.578077103668e+00           8.589307280058e+01            
160       9.335173577996e+01            -1.138755202514e+01           -5.018887425125e+00           9.251854409263e+01            
170       8.933787389539e+01            -2.588830981265e+00           -5.496955240807e+00           8.913101115426e+01            
180       8.314228734248e+01            3.791442430384e+00            -1.065608143946e+01           8.236936831852e+01            
190       8.932086470670e+01            4.370916660165e+00            4.025855553262e+00            8.912297373050e+01            
200       9.489921774352e+01            -5.370591481175e+00           -1.034380032141e+01           9.418080521202e+01            
210       9.664048580067e+01            2.930541302472e+00            -3.332355203505e+00           9.653854583669e+01            
220       9.178268921436e+01            1.004111968455e+01            -7.734869920981e+00           9.090329885216e+01            
230       9.301204243259e+01            -4.381112493136e+00           -6.459969189659e+00           9.268395054633e+01            
240       9.126577993999e+01            -3.381704462107e+00           -1.042033564982e+00           9.119715362354e+01            
250       9.449807585000e+01            1.390843770365e+00            -1.093377602897e+01           9.385310029353e+01            
260       8.328240122350e+01            -4.360788803394e+00           -4.847725993294e+00           8.302675127486e+01            
270       8.797247163170e+01            3.478027166118e+00            -7.253083294276e+00           8.760394896777e+01            
280       8.733388293314e+01            -4.082229476034e+00           -9.150047565900e+00           8.675724258082e+01            
290       9.105759277838e+01            -3.242199983566e+00           6.127430840072e-01            9.099779056533e+01            
300       8.542193044542e+01            -9.449017957066e+00           -2.526262186391e+00           8.486012173003e+01            
310       8.331447079265e+01            -7.637801660926e+00           -1.412887515150e+00           8.295160503642e+01            
320       8.569976434798e+01            -2.688737497379e+00           8.109583726898e-01            8.565373690906e+01            
330       9.300022005008e+01            -1.687998640473e+00           -1.600373078459e+01           9.159733724802e+01            
340       9.286642849880e+01            3.642182821804e+00            -2.789375347745e+00           9.275304540329e+01            
350       8.508202498314e+01            -7.570483431760e+00           -1.569245697464e+00           8.473001961396e+01            
360       8.896922035718e+01            -2.628021365122e+00           4.681062710541e+00            8.880711304040e+01            
370       9.103015351864e+01            9.574578408496e+00            -8.881573496535e+00           9.008847845398e+01            
380       8.947236980654e+01            4.782694083269e+00            -9.129686848563e+00           8.887676644743e+01            
390       9.598555868067e+01            5.472756320363e+00            7.430912560694e+00            9.554087058434e+01            
400       8.589564153899e+01            -4.729037176416e+00           -5.286701744551e+00           8.560226765363e+01            
410       8.485773507963e+01            -8.154867723928e-01           -2.508387532530e+00           8.481673287834e+01            
420       9.096309399273e+01            4.490582688780e+00            -2.888352272468e+00           9.080625835809e+01            
430       9.401389116547e+01            -4.242270251224e+00           -4.173733471877e+00           9.382534212085e+01            
440       8.569443890597e+01            4.998372808471e+00            -6.142978248898e+00           8.532770327924e+01            
450       9.013375489063e+01            7.773809134919e+00            1.480900729055e-01            8.979777130613e+01            
460       8.577067466276e+01            -3.068493812266e+00           -7.557089954305e-01           8.571243714738e+01            
470       8.403993714320e+01            1.762608086997e+00            4.255050620618e-01            8.402037367928e+01            
480       9.545535004157e+01            -1.142002782345e+01           4.407543213207e+00            9.466720857242e+01            
490       9.055211663649e+01            -4.786442931880e+00           2.394444839883e+00            9.039381851276e+01            
500       9.081866144816e+01            2.843964039252e+00            -1.040214697828e+00           9.076816120844e+01            
510       8.951301077209e+01            -3.534246265552e+00           -6.466206372678e+00           8.920917203946e+01            
520       8.839735167288e+01            -3.006068202661e+00           -4.287545210324e+00           8.824212312047e+01            
530       8.774954241146e+01            -1.522157861782e+00           9.219671212706e+00            8.725057530810e+01            
540       8.801203558117e+01            5.635448629408e+00            3.867775273928e-01            8.783057855343e+01            
550       8.790439193867e+01            -7.245051532500e+00           -1.050263710837e+01           8.697347851022e+01            
560       8.991355279332e+01            2.578064122059e+00            -6.362719320895e+00           8.965108122127e+01            
570       9.095377999560e+01            3.580957049816e+00            2.149364306789e+00            9.085783992134e+01            
580       8.905840013911e+01            -7.700602871943e-01           3.090541724694e+00            8.900142804663e+01            
590       8.563432022956e+01            6.030897000789e+00            -1.190296670519e+01           8.458832346228e+01            
600       8.813507079180e+01            -1.811024541139e+01           -3.798661102985e+00           8.617064400618e+01            
610       8.600356828486e+01            6.902716137009e+00            -8.972078181638e+00           8.525531115868e+01            
620       9.027639322013e+01            -1.592089509287e+00           -8.353233078787e+00           8.987500164652e+01            
630       9.372516896028e+01            -8.058859708812e+00           1.711101879612e+00            9.336238111351e+01            
640       9.318103645782e+01            -1.925372067659e+01           5.832550333574e-01            9.116830375205e+01            
650       8.923342292983e+01            -1.219961459018e+01           1.537198029351e+00            8.838218255872e+01            
660       8.276762904281e+01            -4.200778646336e+00           -8.413437534846e+00           8.223167239561e+01            
670       9.137448940850e+01            5.597411180595e-01            -6.633202444100e+00           9.113168839586e+01            
680       8.903613477442e+01            -6.012207704555e+00           5.648500656679e+00            8.865315050474e+01            
690       8.199487736316e+01            -1.344614048792e+01           1.249450507852e+00            8.087521309529e+01            
700       9.080893718799e+01            -1.092420396563e+01           -7.326560226582e+00           8.985124571299e+01            
710       9.110054763921e+01            -3.400747619953e-01           4.255885720780e+00            9.100044816402e+01            
720       9.315347426048e+01            -6.289408182519e+00           -2.112057264996e+00           9.291691086998e+01            
730       8.800578986866e+01            4.649560644205e-01            -1.015066692377e+01           8.741719983657e+01            
740       8.395333452161e+01            -6.807036919213e+00           4.041636367143e+00            8.357925460994e+01            
750       8.815382777548e+01            -1.168655724631e+00           -2.644688287836e+00           8.810639715211e+01            
760       8.404075392312e+01            7.564740371451e+00            -3.901509013012e+00           8.360861947491e+01            
770       8.520065962167e+01            -2.010520251830e+00           -1.485401088523e+00           8.516398177570e+01            
780       8.931431542415e+01            -1.228287181930e+00           1.701005487486e+00            8.928966810676e+01            
790       8.948323727700e+01            -9.804463012301e+00           2.358206352863e+00            8.891322242169e+01            
800       9.025847098365e+01            6.440102077454e+00            5.742498177693e+00            8.984509104128e+01            
810       8.497410083074e+01            2.517506079777e+00            1.561742693529e+00            8.492244070262e+01            
820       9.488808832024e+01            6.448944334595e-01            -4.036250120155e+00           9.480001108232e+01            
830       9.239269233496e+01            -3.128927532126e+00           -2.891242403111e+00           9.229442088647e+01            
840       9.148842017447e+01            -1.835356855042e+01           -3.941400640510e+00           8.954185003939e+01            
850       8.821217027113e+01            -1.022842635551e+01           5.876512175502e+00            8.741986549340e+01            
860       8.946675347834e+01            -3.903258143395e+00           1.696406096516e+01            8.775696661457e+01            
870       8.789489906874e+01            7.127710283631e+00            -4.700155042210e+00           8.747924080030e+01            
880       8.758650241121e+01            -5.017021825542e+00           -1.355792288967e+01           8.638522804015e+01            
890       8.904182217221e+01            7.244662380219e+00            -3.216566278971e+00           8.868830060451e+01            
900       9.264973041724e+01            -3.010468659743e+00           -5.857422345123e+00           9.241536792280e+01            
910       8.456417949093e+01            8.748165184718e+00            -9.782517531428e+00           8.353964573555e+01            
920       9.128777872572e+01            2.429760992050e-01            1.518618828412e+01            9.001543863521e+01            
930       9.246254367049e+01            2.600911492866e+00            -1.343768370504e+01           9.144389481025e+01            
940       9.335906844014e+01            -2.265621316191e+00           5.507619227846e-01            9.332994846975e+01            
950       8.905261705420e+01            -1.061145130638e+01           -9.165175116209e+00           8.794182890106e+01            
960       9.104494673837e+01            -1.861719642667e+00           -1.540927243371e+01           8.971215441415e+01            
970       8.581903172081e+01            3.677322300108e+00            1.484865878739e+00            8.572735082528e+01            
980       9.164164889588e+01            -8.852696160870e+00           -4.968322203048e+00           9.107764466391e+01            
990       8.559262945063e+01            1.077454109164e+00            -5.693258226886e+00           8.539627696614e+01            
1000      8.625164732564e+01            2.301984605930e+01            -4.916852832289e-01           8.312154714257e+01            
1010      8.998673833435e+01            3.488224537140e+00            -6.727442935062e+00           8.966708915309e+01            
1020      8.296665346406e+01            2.626769671092e+00            -1.287407867699e+00           8.291506647831e+01            
1030      8.598673134701e+01            -3.495350968185e+00           -1.940151175899e+00           8.589375007978e+01            
1040      8.555173222390e+01            4.037567039022e+00            2.334675287702e+00            8.542450602852e+01            
1050      8.129664237648e+01            6.068043849067e+00            -8.987851218984e+00           8.057010261878e+01            
1060      9.015451095329e+01            -9.079845126906e+00           1.730475665634e+00            8.967941632096e+01            
1070      9.262354507152e+01            7.141209467212e-01            -2.597682572753e+00           9.258435709200e+01            
1080      8.413423880590e+01            -1.028943400629e+01           5.938025490583e+00            8.329128129974e+01            
1090      8.731083898895e+01            6.830035484223e+00            -5.415646188213e+00           8.687464530347e+01            
1100      8.810930412287e+01            3.068239225280e+00            -1.129917482846e+01           8.732791094071e+01            
1110      9.074891613828e+01            -1.882035907239e+00           -3.392718436852e+00           9.066594279400e+01            
1120      9.481594130574e+01            -6.008145462089e+00           -4.000334359292e-01           9.462454695823e+01            
1130      9.071846189569e+01            1.297904424388e+01            -1.231633613635e+01           8.893644699116e+01            
1140      8.903239570737e+01            -1.607302568311e+00           -4.353695590431e-01           8.901682154063e+01            
1150      9.059103517705e+01            -4.314950450637e+00           -2.539957025148e+00           9.045255925272e+01            
1160      9.602629902359e+01            -9.392733057997e+00           -7.145046025242e+00           9.529834724258e+01            
1170      9.460455131378e+01            4.902469352013e+00            -1.549936504337e+01           9.319740665269e+01            
1180      9.539969821182e+01            1.493638929281e+01            5.248138343773e+00            9.407690331704e+01            
1190      9.281514163274e+01            -1.975983187944e+00           -1.795945716775e+01           9.103957329088e+01            
1200      9.068890629797e+01            1.196452666020e+01            5.496227742817e+00            8.972802966698e+01            
1210      9.323487375526e+01            -2.469799313985e+00           4.417044150426e+00            9.309743012824e+01            
1220      9.326302807292e+01            1.090705587430e+01            -5.457155152240e+00           9.246214357849e+01            
1230      9.511382997865e+01            1.326398053721e+01            1.985706827946e+00            9.416349845832e+01            
1240      9.118019200707e+01            7.809482017080e+00            -6.681904013028e-01           9.084268229559e+01            
1250      9.230065958944e+01            6.055762239917e+00            -1.305498951827e+01           9.117185285501e+01            
1260      9.290207784092e+01            -1.725504581947e+01           1.751734598861e+01            8.958907327595e+01            
1270      8.496660225253e+01            -4.253487595245e-01           7.190926003074e-02            8.496550715338e+01            
1280      9.592284907457e+01            -2.269957754849e+00           -1.502364635685e+01           9.471182775408e+01            
1290      8.351022287203e+01            2.928816288140e+00            2.210890808387e+00            8.342955903707e+01            
1300      9.024485834794e+01            9.446076130862e+00            -5.061568651805e+00           8.960628675909e+01            
1310      8.863087422586e+01            -3.139245429365e+00           -1.445657264631e+00           8.856346356849e+01            
1320      8.692461684530e+01            6.168404548117e-01            6.886630322096e+00            8.664919413567e+01            
1330      9.113429529811e+01            -1.807177241437e+00           -9.200302570900e+00           9.065069399903e+01            
1340      8.513257465757e+01            4.842962192328e+00            -5.383580919922e+00           8.482404164804e+01            
1350      9.490380231737e+01            3.105963182955e+00            -1.092199658274e+01           9.422204984847e+01            
1360      9.608639568143e+01            -2.723868910193e+00           7.872206129611e+00            9.572462767680e+01            
1370      9.161011397966e+01            9.405689335913e+00            -9.669210321090e+00           9.061154652278e+01            
1380      9.210683506633e+01            -6.004236173348e+00           -2.533122280298e+00           9.187601158857e+01            
1390      8.478154855805e+01            1.957607790921e+00            4.558603040422e+00            8.463626814763e+01            
1400      9.221833900763e+01            7.344829782128e+00            6.746800939088e+00            9.167745743576e+01            
1410      8.542958343612e+01            3.110482481581e+00            -8.420307950396e+00           8.495667742339e+01            
1420      9.517662867013e+01            1.205510022050e+01            -5.542068327356e+00           9.424728474784e+01            
1430      8.814635034923e+01            1.156089998451e+00            7.385128019694e+00            8.782882453920e+01            
1440      8.668142005804e+01            -1.614291174335e+00           -9.401353499548e+00           8.615496038917e+01            
1450      7.911386137679e+01            3.318518132376e+00            -7.753017263094e+00           7.866308678579e+01            
1460      9.002108547273e+01            1.706863584584e-01            -1.313025733624e+01           8.905820028576e+01            
1470      8.694177217080e+01            3.867523528377e+00            7.687972358331e-01            8.685230544301e+01            
1480      8.483533249884e+01            4.952926631403e+00            -1.980905458226e+00           8.466745638991e+01            
1490      8.915166688824e+01            4.419472058494e-01            8.279874263038e-01            8.914672640339e+01            
1500      8.554561606640e+01            6.800237851127e+00            -3.568938743882e+00           8.520018702790e+01            
1510      8.972987144328e+01            -5.511384110366e+00           -5.019511878123e+00           8.941967890192e+01            
1520      9.109318573724e+01            1.067745365276e+01            -4.578219068681e+00           9.034932418901e+01            
1530      9.140285482340e+01            5.877999149212e+00            -2.506497996308e+01           8.770221077784e+01            
1540      9.506252451162e+01            3.344280413490e+00            -5.573253234779e+00           9.484006644567e+01            
1550      8.637286885963e+01            3.508188355864e+00            -4.859459800812e+00           8.616467222677e+01            
1560      8.938678067433e+01            -4.400135798542e+00           -1.095699188342e+01           8.860349707061e+01            
1570      7.916748525959e+01            2.164763090955e+00            -4.905542258309e+00           7.898569603567e+01            
1580      9.002073129970e+01            6.147345632403e+00            -4.620358122362e-01           8.980940222670e+01            
1590      9.140025011084e+01            -1.836392831997e+00           -2.936573163322e+00           9.133460417469e+01            
1600      8.983445825352e+01            -3.975256622365e+00           8.605017455051e-01            8.974233538991e+01            
1610      9.274091520172e+01            -2.349928529077e+01           -6.419411260971e+00           8.948436792166e+01            
1620      8.752181252699e+01            -1.191369927022e+01           4.615177817251e+00            8.658424551513e+01            
1630      9.264221876470e+01            -8.143458701468e+00           -7.932460396339e+00           9.194205158731e+01            
1640      9.530105072718e+01            1.116472922109e+00            -4.222781082362e+00           9.520090271551e+01            
1650      9.068987884390e+01            -1.272470799276e+01           -1.014818982188e+01           8.921743201056e+01            
1660      8.105978877170e+01            7.756867171878e+00            -1.425894286030e+01           7.941790047525e+01            
1670      8.576505714507e+01            7.566007267049e+00            5.925403057627e+00            8.522493860213e+01            
1680      8.561993044026e+01            2.686572447186e+00            -6.770472482696e+00           8.530952771785e+01            
1690      8.857758346627e+01            1.135157002289e+00            -2.619354370500e+00           8.853156891180e+01            
1700      9.307983829213e+01            9.820508329954e+00            -9.707353303605e+00           9.204988432621e+01            
1710      9.132399139369e+01            -5.153257314096e-03           -1.216460019415e+01           9.051018660700e+01            
1720      8.674417071032e+01            -3.643701367665e+00           -5.025500419398e+00           8.652178302658e+01            
1730      9.046170551431e+01            6.989149273406e+00            -7.389625059708e+00           8.988807150267e+01            
1740      8.839264484049e+01            2.855513386900e+00            -5.409440067251e+00           8.818074428894e+01            
1750      8.966089153127e+01            -2.126194975223e+00           1.829501182185e+00            8.961700558785e+01            
1760      9.248723350677e+01            -3.523874309873e+00           1.213849568572e-01            9.241999749662e+01            
1770      9.269220712499e+01            6.025810170051e+00            -4.060076667135e-01           9.249524328997e+01            
1780      9.050555378654e+01            -5.089217403806e+00           -5.087726431045e+00           9.021901225456e+01            
1790      9.001481175770e+01            -1.445378462688e+00           -1.064260818203e+01           8.937176348242e+01            
1800      8.393158831714e+01            6.878098710276e+00            5.140123827061e+00            8.349121152919e+01            
1810      9.309320103233e+01            2.362394285139e+00            -2.978352725414e+00           9.301555024151e+01            
1820      8.940288354499e+01            -1.905384486372e+00           -6.274477477753e+00           8.916207730027e+01            
1830      8.094345440012e+01            -7.122300800196e+00           -1.325625835061e+01           7.953230322378e+01            
1840      8.741398470665e+01            -1.121850625806e+01           -8.663787178106e+00           8.625710771504e+01            
1850      8.932215401032e+01            3.063582186915e+00            1.036179919596e+00            8.926358715849e+01            
1860      8.589327496579e+01            1.301309915024e+00            2.178653503314e+00            8.585577875581e+01            
1870      9.117358865950e+01            -6.581139153613e-01           2.287374926262e+00            9.114251516758e+01            
1880      9.067155126398e+01            -5.073307217436e+00           -4.483093950987e+00           9.041843634525e+01            
1890      8.962139205539e+01            6.253264002414e+00            -1.342997330754e+01           8.838849710353e+01            
1900      9.178860055901e+01            -3.414256528131e+00           -5.422078228254e+00           9.156468267093e+01            
1910      9.147367699544e+01            -6.828821329697e+00           7.853780783642e-01            9.121504241948e+01            
1920      8.709907413660e+01            1.070473440182e+01            -1.784890770065e+01           8.457584685200e+01            
1930      8.815285790586e+01            7.464399695012e-02            2.172729545745e+00            8.812604627217e+01            
1940      9.448115565306e+01            2.017885648825e+01            3.654996017663e+00            9.222875651593e+01            
1950      8.885229570353e+01            -4.964100637190e+00           8.772675118897e+00            8.827869690877e+01            
1960      8.714189845612e+01            8.093852764032e+00            -1.704930664532e+00           8.674844797113e+01            
1970      8.931479804242e+01            -4.404439580642e+00           -2.975384973330e+00           8.915649805594e+01            
1980      8.981171292315e+01            -3.188267901188e+00           6.762569693944e+00            8.949997976042e+01            
1990      8.951089360973e+01            4.656443752973e+00            8.280750395603e-01            8.938585960943e+01            
2000      9.308817372668e+01            9.305111922245e+00            -4.791295104432e+00           9.249792684761e+01            
2010      9.317768694996e+01            5.000626916879e+00            -2.410116017698e+00           9.301218423714e+01            
2020      8.893744210002e+01            1.415802745603e+01            -2.964111516409e+00           8.775325013221e+01            
2030      9.332145443167e+01            -1.383427169368e+01           3.248622404131e+00            9.223314608329e+01            
2040      7.966220467088e+01            5.270629600641e+00            -2.809688654624e+00           7.943798188714e+01            
2050      8.975703931620e+01            -4.868280937322e+00           1.916719389884e+01            8.755138277360e+01            
2060      9.357312232260e+01            1.374523016222e-02            9.980682462302e+00            9.303931969795e+01            
2070      9.093423460146e+01            -3.695905054062e+00           6.560815470299e-01            9.085672713337e+01            
2080      9.172437137591e+01            4.887293618924e+00            -4.806414769695e+00           9.146787984014e+01            
2090      9.033583078559e+01            -3.660218751268e+00           -1.146930034585e+01           8.952999649275e+01            
2100      9.064654292099e+01            1.380585844345e+01            -1.199629863288e+00           8.958099633492e+01            
2110      9.628770680695e+01            -1.462774878566e+01           -1.799544834064e+01           9.345327862961e+01            
2120      9.280060760428e+01            -8.907915338224e-01           -1.805325049497e+00           9.277876946604e+01            
2130      8.872090306434e+01            1.585533790870e+00            -1.083941536826e+01           8.804198883274e+01            
2140      8.227370856972e+01            6.381912889482e-01            -5.800332366624e+00           8.206650947939e+01            
2150      8.427188981537e+01            -1.088599321117e+01           -1.779681793717e+01           8.164875893835e+01            
2160      9.926303107187e+01            -1.691521336994e+00           -1.111175937990e+01           9.862462621792e+01            
2170      8.869558102097e+01            -9.530119011468e+00           -1.032256500187e+00           8.817605894341e+01            
2180      9.420766812813e+01            -6.642676567778e+00           6.951993246187e+00            9.371568370374e+01            
2190      8.883027157472e+01            -1.081302517289e+01           -3.619432727503e+00           8.809537639047e+01            
2200      8.960648630129e+01            7.543765180883e-01            -9.157415707469e+00           8.913414071439e+01            
2210      9.360662554898e+01            2.959322291930e+00            1.483620943719e+01            9.237602312167e+01            
2220      8.848849924431e+01            3.413450829576e+00            -7.923272007938e+00           8.806693257195e+01            
2230      8.473476646136e+01            7.180617583503e+00            -3.785707927132e+00           8.434505198215e+01            
2240      9.622016875891e+01            -9.104231602615e-02           -5.071511535286e-01           9.621878914743e+01            
2250      9.395465213694e+01            -2.007330123913e+00           -6.584754471663e+00           9.370212533606e+01            
2260      8.935622895158e+01            2.257669911816e+00            -2.555522471506e-02           8.932769965664e+01            
2270      9.143829479734e+01            -5.311865161092e+00           1.048742578131e+00            9.127785045103e+01            
2280      9.590094194524e+01            1.204541760007e+01            5.651461185247e+00            9.497346770175e+01            
2290      8.170076260223e+01            -4.204583325669e+00           5.390250361808e+00            8.141425728876e+01            
2300      8.484197678074e+01            -6.395921083552e-01           -8.913330843133e+00           8.437004491690e+01            
2310      8.875078734282e+01            5.207051353355e+00            -4.234473114329e+00           8.849665591206e+01            
2320      9.155187138177e+01            -6.919637178601e+00           9.119375484918e+00            9.083336812860e+01            
2330      9.473287826147e+01            -1.442771026181e+00           3.356195427175e+00            9.466241380676e+01            
2340      8.693455834112e+01            1.336003727784e+00            -6.254496648129e+00           8.669898384458e+01            
2350      8.931517646698e+01            -1.827654572938e+00           -1.418738468105e+01           8.816222854489e+01            
2360      8.326589318793e+01            -1.459070697745e+01           -1.143668598781e+01           8.117587358260e+01            
2370      8.826861143787e+01            6.653956081462e+00            -7.609667202817e+00           8.768788741154e+01            
2380      8.867657255264e+01            -4.236405871354e+00           -1.425380465472e+01           8.742091533405e+01            
2390      8.268036586169e+01            4.040233173445e+00            -2.847980853997e+00           8.253246888336e+01            
2400      8.875127386435e+01            -2.419624883763e+00           -8.720366849434e+00           8.828866988452e+01            
2410      8.817890798279e+01            -3.408073600060e+00           -5.687953043156e+00           8.792924449552e+01            
2420      8.743189408867e+01            4.536909221538e+00            -4.514439420533e+00           8.719731873955e+01            
2430      8.854717891517e+01            -8.491761118462e+00           6.301248732638e+00            8.791352086767e+01            
2440      8.972085856770e+01            -1.197732129082e+01           -6.740661142326e+00           8.866194067460e+01            
2450      8.752831301012e+01            2.441729240413e+00            -1.352552413973e+01           8.644248801058e+01            
2460      8.802547847440e+01            -3.553497802142e+00           -6.196283342044e+00           8.773519012780e+01            
2470      8.081181351506e+01            -4.304314176105e+00           -1.065261443476e+01           7.999089878711e+01            
2480      9.552231932477e+01            -9.040379601049e+00           4.738453226338e+00            9.497542885859e+01            
2490      8.713357780630e+01            -8.153817602815e+00           1.385025053135e+00            8.674017146299e+01            
2500      8.684904647235e+01            -5.004181641253e+00           1.567371600833e+00            8.669058994795e+01            
2510      8.736754073189e+01            -1.894747934000e+00           6.849271512728e+00            8.707803732027e+01            
2520      9.437609219022e+01            3.682010435379e-01            -6.826971726146e+00           9.412812365143e+01            
2530      9.298093661643e+01            -8.309864270928e+00           6.750654749131e+00            9.236248908689e+01            
2540      8.684705599822e+01            -6.134362109075e+00           -2.431245348762e+00           8.659601482243e+01            
2550      9.207430763674e+01            -1.655498025730e+00           -9.733940109328e+00           9.154336602408e+01            
2560      9.032042224513e+01            -1.251181241522e+00           -5.548136423461e+00           9.014117484405e+01            
2570      8.682686532477e+01            -1.533435050387e+01           1.001821120125e-01            8.546199272364e+01            
2580      9.344872631596e+01            -3.685893577987e+00           3.280045843591e+00            9.331837942158e+01            
2590      9.001758510615e+01            -9.233417372155e+00           -1.565234106192e+01           8.816413018488e+01            
2600      9.100979699532e+01            -1.042421959925e+01           -5.684423491092e+00           9.023195733469e+01            
2610      8.975816534056e+01            -3.408829730968e+00           -6.480726826215e+00           8.945897554171e+01            
2620      9.056865966449e+01            -3.569867150647e+00           -7.356060841316e+00           9.019881668209e+01            
2630      8.674808568896e+01            -1.084547266144e+01           1.985480244744e+00            8.604454637946e+01            
2640      9.234368039868e+01            -9.631732641336e+00           -8.062441961643e-01           9.183645793581e+01            
2650      8.631609688090e+01            -1.068181718872e+01           -3.151040843839e+00           8.559461609179e+01            
2660      9.213568351974e+01            -7.714856308812e-01           -4.529648152198e+00           9.202103713385e+01            
2670      8.851789011136e+01            -5.190167551761e+00           -1.970816955844e+00           8.834361839476e+01            
2680      9.393489872103e+01            1.476760978272e+00            -1.800687388988e+00           9.390602696137e+01            
2690      9.639940734717e+01            -1.054257395999e+01           1.476104106291e+00            9.580981676139e+01            
2700      8.942439697562e+01            1.314875006349e+01            4.707313212233e+00            8.832708728665e+01            
2710      8.977261932664e+01            8.332066896468e+00            -4.119650089302e-01           8.938417156763e+01            
2720      8.725549841012e+01            -4.242050696312e-01           2.374570389454e+00            8.722215010147e+01            
2730      8.808062197578e+01            -2.629308963365e+00           -3.492353468978e+00           8.797207607681e+01            
2740      9.698375010000e+01            -2.799189281094e+00           -5.687535937398e+00           9.677636208180e+01            
2750      9.059565858912e+01            9.691300859625e+00            4.545484016521e+00            8.996105056023e+01            
2760      9.353402045010e+01            2.413823920743e+00            -1.117149474408e+01           9.283309830455e+01            
2770      8.983529830932e+01            -1.185479645005e+01           -3.354720826140e+00           8.898646229417e+01            
2780      8.599598225121e+01            -1.572734872353e+00           1.262256005422e+00            8.597233379494e+01            
2790      8.892465377160e+01            -5.819030224725e-01           -5.197070579312e+00           8.877074909375e+01            
2800      9.917533301256e+01            2.620733363989e+00            7.433070284549e-01            9.913791368316e+01            
2810      9.001971424395e+01            -1.608133688640e+00           -4.804024297622e+00           8.987705051430e+01            
2820      8.784933625055e+01            -7.370102615157e+00           -5.198366966539e+00           8.738515004271e+01            
2830      9.259715577417e+01            7.370861422380e+00            -4.535212121590e+00           9.219184080150e+01            
2840      9.195057965661e+01            3.722508594716e+00            -1.077654308572e+01           9.124098940756e+01            
2850      9.320450276997e+01            -8.096482568709e+00           4.534701069435e+00            9.274137584068e+01            
2860      9.119883563755e+01            1.034562770000e+00            -5.727907813006e+00           9.101290223702e+01            
2870      9.375331073279e+01            -8.239848963143e+00           1.097557476092e-01            9.339044981207e+01            
2880      8.777545818145e+01            3.719170352195e+00            -3.099894025643e+00           8.764182499175e+01            
2890      8.896628126571e+01            -5.806168081048e+00           -1.295008368516e+01           8.782700579555e+01            
2900      9.097727680002e+01            -4.442785862502e+00           -7.936189858186e+00           9.052150815283e+01            
2910      8.474932185861e+01            2.510851276001e+00            -7.106300071370e+00           8.441352782972e+01            
2920      8.903133050144e+01            -1.080541846734e+01           -1.764897498498e+00           8.835556507330e+01            
2930      9.223802323965e+01            -7.236881157591e+00           -3.980481275491e+00           9.186749289648e+01            
2940      8.776255701573e+01            -5.175003098010e-01           -7.753141241283e+00           8.741788952074e+01            
2950      8.319288662056e+01            2.733786097157e+00            -1.757141511496e+00           8.312938861525e+01            
2960      9.213465315549e+01            6.654188481109e+00            -1.113600459607e+00           9.188730043785e+01            
2970      9.258884032547e+01            2.948293018970e+00            -2.108550709989e+00           9.251786278873e+01            
2980      8.962094012241e+01            -2.904714507211e+00           -7.831924927451e+00           8.923080462478e+01            
2990      9.301426500810e+01            1.801271027524e+00            -1.119113335458e+01           9.232100222551e+01            
3000      9.324590823024e+01            -2.704656087809e+00           8.128151324200e+00            9.285158799493e+01            
3010      8.950833684708e+01            3.890040019937e+00            -8.767562295801e-02           8.942372317656e+01            
3020      8.486946690840e+01            1.223685336922e+00            -2.292901283874e+00           8.482966233113e+01            
3030      9.103000958119e+01            -6.692356511943e+00           -2.198869406633e-01           9.078340519281e+01            
3040      8.079827382383e+01            -1.409902839316e+01           -1.493092317891e+00           7.954463606435e+01            
3050      8.835042060289e+01            1.728311105123e+00            4.303581857154e+00            8.822861749245e+01            
3060      9.082141015532e+01            -7.393298597480e+00           -3.389407086720e+00           9.045650666508e+01            
3070      8.428894101122e+01            -2.274762021318e+00           -4.101058301769e-01           8.425724210860e+01            
3080      8.959833668578e+01            -4.501290260910e+00           -5.165785582514e+00           8.933596690114e+01            
3090      8.921981886692e+01            -8.366239439562e+00           -2.087208293224e+00           8.880217158283e+01            
3100      8.769489466392e+01            3.039290258174e+00            1.231071518183e+01            8.677328826634e+01            
3110      9.434027872593e+01            -2.913095741140e+00           -1.826102533971e+01           9.251019952866e+01            
3120      8.862588254940e+01            -1.382351233961e+01           -1.265194643758e+01           8.662208618821e+01            
3130      8.730158604362e+01            -4.625168456150e+00           9.316258415726e-01            8.717400309597e+01            
3140      8.192607784143e+01            -1.403267014352e+00           3.071999819614e+00            8.185643462352e+01            
3150      8.800295555267e+01            2.135712526675e+00            -4.909345116560e+00           8.783995246205e+01            
3160      8.838329488454e+01            -7.396305051121e+00           -4.120933065625e-01           8.807230929949e+01            
3170      8.793572344623e+01            1.080889628344e+00            -4.503846881196e+00           8.781365781525e+01            
3180      9.206059848648e+01            -8.059450944436e+00           -8.033789881008e-02           9.170710217854e+01            
3190      9.639532129849e+01            -3.114486032062e+00           -1.031897666211e+01           9.579079635143e+01            
3200      8.716021032701e+01            4.477648508973e+00            -3.138322634581e+00           8.698852716950e+01            
3210      7.945149478428e+01            -4.932314759471e+00           -2.736414827946e+00           7.925102099316e+01            
3220      8.703318192777e+01            3.461871769032e+00            1.787835837564e-01            8.696412039892e+01            
3230      9.163256587256e+01            -5.972517854737e+00           -7.334126920987e+00           9.114311132044e+01            
3240      8.467606525648e+01            2.612161275453e+00            -6.709620213463e+00           8.436938803489e+01            
3250      8.913756208916e+01            -1.311063014310e+01           -3.335149518764e-01           8.816748334974e+01            
3260      8.944693123718e+01            1.377331965628e+01            -4.269252033123e+00           8.827696562791e+01            
3270      9.239287919729e+01            -4.476558374835e+00           -5.114568123029e+00           9.214252950944e+01            
3280      9.038468781154e+01            -8.917771996258e-01           6.373289343482e+00            9.015529772099e+01            
3290      9.592553384038e+01            8.311276441291e-01            -7.415210752692e+00           9.563488860711e+01            
3300      9.192785510210e+01            5.171123046399e+00            -5.420596498148e+00           9.162208884170e+01            
3310      9.263980370128e+01            3.272832301688e+00            -8.059078524585e+00           9.223054294468e+01            
3320      9.216851814055e+01            -4.950287492872e+00           2.580184718911e+00            9.199930997990e+01            
3330      9.425179573332e+01            8.580131360121e+00            6.673868351826e+00            9.362287020820e+01            
3340      9.086443523303e+01            1.837557784122e+00            4.152065474409e+00            9.075091913531e+01            
3350      8.781576777639e+01            -7.161792061003e+00           7.140660209533e+00            8.723146666430e+01            
3360      9.206698640728e+01            -1.991766192286e+00           -5.777611495567e-01           9.204362577391e+01            
3370      8.663667575324e+01            -5.027625384664e+00           -1.193610959478e+01           8.566309506611e+01            
3380      9.325447750614e+01            4.818518403888e+00            1.793991392400e+00            9.311262562198e+01            
3390      8.464959276287e+01            -1.122940779808e+01           -8.083665682145e+00           8.351112683088e+01            
3400      8.775666537158e+01            -1.368669088065e+00           -1.013887802799e+00           8.774013388177e+01            
3410      8.705215409141e+01            8.739330469415e+00            -7.937708580050e+00           8.624786616142e+01            
3420      9.145014302367e+01            -8.029802754079e+00           -6.239190339792e-01           9.109479486678e+01            
3430      8.703967178870e+01            3.440935752249e+00            6.988888557342e+00            8.669036776347e+01            
3440      9.439506355386e+01            -1.098323781589e+01           7.681119729908e+00            9.343873345734e+01            
3450      9.072938380585e+01            -3.007443592466e+00           -7.639264325612e+00           9.035716910899e+01            
3460      8.735228228572e+01            6.695516346325e+00            -5.289958149231e+00           8.693450192047e+01            
3470      9.006474360970e+01            -1.428000274697e+00           -6.322392964911e+00           8.983120952038e+01            
3480      9.025912151640e+01            -3.974674916702e+00           -2.763846784128e+00           9.012919686302e+01            
3490      8.517486126646e+01            8.450408289406e+00            2.863466086794e+00            8.470624624827e+01            
3500      8.847470967899e+01            -7.802034109669e-02           -1.007660678585e+01           8.789897702073e+01            
3510      8.773439553673e+01            -9.134818765031e+00           -1.932193572972e+00           8.723615004299e+01            
3520      8.848036977161e+01            -8.478324388810e+00           -5.617357539300e+00           8.789390846216e+01            
3530      9.216596097774e+01            -5.461421266409e+00           -9.008864002066e-01           9.199959589256e+01            
3540      9.026579006157e+01            5.409495354336e+00            1.249353852066e+00            9.009489070088e+01            
3550      8.633166795942e+01            8.487044155471e+00            -1.370634048031e+01           8.481310750583e+01            
3560      9.035809583225e+01            -2.928544552087e+00           4.019877295651e+00            9.022111557593e+01            
3570      8.946200944578e+01            8.443907203742e-01            -2.638370416045e+00           8.941910947854e+01            
3580      9.215608539637e+01            -4.037386558037e+00           6.882618318718e+00            9.180998393663e+01            
3590      8.523339028076e+01            -5.681571364553e+00           6.900234261752e+00            8.476341977949e+01            
3600      8.789507099501e+01            -2.196385036435e+00           9.788506155044e-01            8.786217189133e+01            
3610      8.916337500481e+01            -9.840605171029e+00           2.748081863037e+00            8.857605759001e+01            
3620      8.663397014838e+01            -2.072181518686e+00           -2.548184378771e+00           8.657169054487e+01            
3630      9.251521512785e+01            6.219798971469e+00            1.264913280898e+01            9.143510578595e+01            
3640      9.101816174928e+01            -9.882144140217e-01           -6.430441891431e+00           9.078534362754e+01            
3650      9.274536635232e+01            -1.948097963178e+00           -7.446345268363e-01           9.272191441926e+01            
3660      9.281184481099e+01            -1.026281629019e+01           6.334155323966e-01            9.224051129399e+01            
3670      8.649414498448e+01            -1.115368114096e+01           -1.358105614215e+00           8.576122703613e+01            
3680      9.124963446801e+01            1.043775466880e+00            -3.352916397441e+00           9.118203921252e+01            
3690      1.006778591825e+02            -6.941221024051e-01           3.568054426408e+00            1.006122185009e+02            
3700      8.901983192002e+01            -9.264955978479e+00           -4.432815096199e+00           8.842534261233e+01            
3710      9.023679696099e+01            1.905090301726e+00            7.125825418548e+00            8.993482511700e+01            
3720      8.942274431619e+01            -9.627414992228e+00           -1.568094965159e+01           8.750913037867e+01            
3730      9.533723928775e+01            7.312865399725e+00            1.095024232649e+01            9.442353195918e+01            
3740      9.733463326375e+01            -1.974569677868e+01           8.073425156365e+00            9.496819518954e+01            
3750      9.388378963011e+01            2.458759072055e+00            4.448904974406e+00            9.374608100430e+01            
3760      8.906728313401e+01            3.953083533973e+00            4.099254432652e+00            8.888503905914e+01            
3770      9.358346570037e+01            -3.731983358714e+00           1.118464964862e+01            9.283771305316e+01            
3780      8.532106420602e+01            7.538071068147e+00            -3.229324521663e+00           8.492604397329e+01            
3790      9.148517941183e+01            1.326418867446e+01            9.051495845680e+00            9.006480874226e+01            
3800      7.885731918251e+01            -6.710931959177e+00           -3.702834351199e+00           7.848394229815e+01            
3810      8.700132450801e+01            -3.044788123307e+00           3.578334143804e+00            8.687436478149e+01            
3820      8.275918616638e+01            9.555493160205e-01            5.242722719887e+00            8.258743051402e+01            
3830      8.717083181468e+01            -2.514182754877e+00           -7.866684702277e+00           8.677873055152e+01            
3840      8.821856948040e+01            -1.172166926722e+00           -3.042928593063e+00           8.815828158171e+01            
3850      9.218666308951e+01            -4.078174474299e+00           -1.053858847277e+00           9.209038346139e+01            
3860      9.169023487951e+01            1.324868683042e-01            3.706391477104e+00            9.161519678366e+01            
3870      9.380988232760e+01            -3.482045746696e+00           -3.152059597305e+00           9.369222966731e+01            
3880      8.572693388569e+01            8.108970338315e-01            4.010355076499e+00            8.562923970001e+01            
3890      9.425489715883e+01            -6.959371602693e+00           -1.782232871026e+01           9.229256408108e+01            
3900      9.380057778253e+01            4.120555931840e+00            -4.794102259750e+00           9.358731748839e+01            
3910      9.111867836510e+01            5.828463243774e+00            3.307066810732e+00            9.087192015319e+01            
3920      9.141769694028e+01            -9.487134635977e+00           -3.628138126206e+00           9.085167144308e+01            
3930      9.382538349463e+01            -6.884555913998e+00           2.983832260981e+00            9.352487488802e+01            
3940      9.171225480977e+01            -5.556553146729e+00           6.579833023558e+00            9.130699971416e+01            
3950      8.817258388120e+01            -8.003822577895e+00           -1.873379561865e+00           8.778857454957e+01            
3960      9.145073050216e+01            -3.928149481622e+00           -4.018124153041e+00           9.127792958497e+01            
3970      9.530915618411e+01            -6.623408095625e+00           -3.321436704632e+00           9.502070182831e+01            
3980      9.432653714391e+01            2.982741580145e+00            6.056248901754e+00            9.408464652358e+01            
3990      9.081776912216e+01            -6.962022342763e-01           1.940841119201e+01            8.871694351011e+01            
4000      9.565511941386e+01            -6.361435975618e+00           -3.833686192349e+00           9.536632976363e+01            
4010      9.263691151778e+01            9.524766978059e+00            2.100826797656e+01            8.971916666015e+01            
4020      9.243084468609e+01            -9.184824717160e+00           -6.114596324582e+00           9.176988479935e+01            
4030      9.346292164581e+01            2.060655082632e+00            2.005968063338e+00            9.341866791670e+01            
4040      9.452036205787e+01            4.383376633946e-01            -7.556562350118e+00           9.421679823202e+01            
4050      9.413548883419e+01            -1.155338324744e+01           -4.650112411984e+00           9.330801706255e+01            
4060      9.250949416828e+01            -5.362383671073e+00           -1.166826532285e+01           9.161387960888e+01            
4070      9.051375682538e+01            -1.805209281540e+00           -1.312195212489e+01           8.953935317237e+01            
4080      9.281461980115e+01            -1.053470988668e+01           1.495030076095e+00            9.220270289697e+01            
4090      9.942153572161e+01            5.584383802207e+00            2.128672242100e+00            9.924175118002e+01            
4100      9.316762882990e+01            2.091419501055e-01            1.003151422279e+01            9.262576339134e+01            
4110      8.963886698164e+01            2.656251721981e-01            -6.304398297800e+00           8.941650003843e+01            
4120      8.991483611962e+01            1.954413818745e+00            -2.043800678488e+00           8.987035606822e+01            
4130      9.184700120742e+01            1.138232357793e+01            -2.203516906441e+00           9.111234194118e+01            
4140      8.818256892130e+01            3.766091347748e+00            -7.562531766752e+00           8.777693393368e+01            
4150      9.936087641371e+01            -1.076680160875e+01           5.692210822304e+00            9.861165489318e+01            
4160      1.001507462634e+02            9.890004567373e-01            1.660815208426e+00            1.001320905008e+02            
4170      9.154483213003e+01            -1.308496951076e-01           -1.835630513304e+00           9.152633297960e+01            
4180      9.582311575207e+01            9.424605806308e+00            -2.753560158889e+00           9.531875064374e+01            
4190      9.360538728505e+01            -8.078437419137e+00           8.065204066512e+00            9.290672667259e+01            
4200      9.567600099314e+01            3.098511153016e+00            -4.097724134623e+00           9.553797701224e+01            
4210      8.888366667589e+01            -3.697312648643e+00           4.446210353571e+00            8.869536230503e+01            
4220      9.435998081072e+01            6.576496488290e+00            4.309583094452e+00            9.403181996586e+01            
4230      9.719410534051e+01            -9.653651529551e-01           2.947061953249e+00            9.714461904248e+01            
4240      8.967321154801e+01            -9.341521763279e+00           7.099750347308e+00            8.890227435497e+01            
4250      9.600294950766e+01            -5.312517064759e+00           1.038179152556e+01            9.529198225101e+01            
4260      9.518259554228e+01            -5.678477467673e+00           1.333822306730e+01            9.407217013135e+01            
4270      9.415123157485e+01            -4.442512290674e+00           1.141019708067e+01            9.335162502168e+01            
4280      9.682114291382e+01            1.553114245742e+01            -6.138823776882e+00           9.536997521098e+01            
4290      9.030023299331e+01            -3.717509967998e+00           -1.131034688525e+01           8.951194474269e+01            
4300      8.688252273821e+01            3.600280104355e+00            -3.398992236474e+00           8.674132574674e+01            
4310      8.698172274482e+01            1.371506149234e+01            3.546792216034e+00            8.582037896032e+01            
4320      9.541763426985e+01            6.142045398320e+00            -4.502279106091e+00           9.511324666328e+01            
4330      8.825941345527e+01            3.648602519787e+00            -1.334894742151e+01           8.716775416321e+01            
4340      9.267326807647e+01            -6.564971645927e+00           4.830638575194e+00            9.231414135558e+01            
4350      9.396505178443e+01            1.066089161345e+00            5.765901478653e+00            9.378192145019e+01            
4360      8.954077661151e+01            -1.065582387205e+01           -5.209578599027e+00           8.875170074213e+01            
4370      8.949771790091e+01            8.053448609595e+00            -8.110563612143e-01           8.913094671629e+01            
4380      8.927103584894e+01            4.725293837705e+00            -7.531314565855e+00           8.882718469365e+01            
4390      9.139691947130e+01            6.471962614291e+00            -9.580292334345e+00           9.066271884049e+01            
4400      8.972046214653e+01            -3.485254234022e+00           -8.192820653519e+00           8.927761208976e+01            
4410      9.468072630169e+01            2.421368274761e+00            4.245798384090e-01            9.464880686334e+01            
4420      9.024702256417e+01            6.612804742562e-01            -3.842799915253e+00           9.016274551412e+01            
4430      9.372784501704e+01            9.896205389158e+00            6.228142622879e+00            9.299561435843e+01            
4440      9.310165693912e+01            -8.801938398961e+00           -1.395305393229e+01           9.162836182751e+01            
4450      9.410804464465e+01            4.832127988034e+00            -6.814768911820e+00           9.373651119295e+01            
4460      8.898927573293e+01            8.438743228376e-02            -8.795802116402e-01           8.898488867715e+01            
4470      9.341550451538e+01            -8.251062647658e+00           -1.200274510912e+01           9.227302183679e+01            
4480      8.691968435413e+01            -1.847113788285e+01           -2.030807831791e-01           8.493413537401e+01            
4490      8.689789975942e+01            1.710853223067e+00            6.684271524103e+00            8.662354459406e+01            
4500      8.504807152143e+01            6.036617162760e+00            -4.655755192109e+00           8.470571212342e+01            
4510      9.624643749443e+01            -3.453495218730e+00           -4.237225242134e+00           9.609108191393e+01            
4520      8.718032279380e+01            -4.235626476051e+00           3.927942358939e+00            8.698873156686e+01            
4530      9.366052786901e+01            -6.677493551060e+00           4.625869733286e+00            9.330759288391e+01            
4540      9.384652118779e+01            4.827311221499e+00            6.324127044371e+00            9.350867351507e+01            
4550      8.249811488945e+01            -1.925531656783e-01           1.387312252852e-01            8.249777352897e+01            
4560      9.029029353210e+01            2.230019455355e+00            -3.560959763825e+00           9.019248131026e+01            
4570      9.164180584792e+01            -9.254920970348e+00           -9.474510721446e-01           9.116835719352e+01            
4580      8.913239697173e+01            -3.998377387649e+00           -5.047952228495e+00           8.889946763896e+01            
4590      8.917590518061e+01            1.032865156878e+01            -2.636324823850e+00           8.853649424375e+01            
4600      9.447860321879e+01            -4.449289772506e+00           5.328868119162e+00            9.422321078834e+01            
4610      9.317051240320e+01            -1.005337364349e+01           1.994246640742e+00            9.260505947407e+01            
4620      9.844441083593e+01            7.222602127202e+00            7.500640266284e+00            9.789216740343e+01            
4630      8.606273797211e+01            -4.006030384571e+00           -5.599288015126e+00           8.578691369631e+01            
4640      9.668651195367e+01            -2.005323873127e+00           -4.464089054998e+00           9.656258167033e+01            
4650      9.827651715568e+01            -3.269981084782e+00           -7.548163581523e+00           9.793164082411e+01            
4660      9.309990173290e+01            -2.520903836835e+00           -5.190945333837e+00           9.292088480563e+01            
4670      9.700440067515e+01            3.664200611897e+00            3.999939105423e-01            9.693434576605e+01            
4680      9.118246988827e+01            -2.513829455252e+00           -5.324380602249e+00           9.099216695736e+01            
4690      8.406747592466e+01            -1.264779549631e+01           4.921616448477e+00            8.296476040441e+01            
4700      8.286038801789e+01            7.445461548098e+00            -8.311856519137e+00           8.210555429456e+01            
4710      8.598292528941e+01            -1.006561429895e+00           -9.279690831304e+00           8.547477764515e+01            
4720      9.144051958760e+01            9.220886541169e+00            -7.459093604525e+00           9.066810793462e+01            
4730      9.336165685116e+01            4.369563124085e+00            -4.027245862883e+00           9.317235200883e+01            
4740      8.621867110858e+01            -4.132507252397e+00           6.365812730568e+00            8.588398022808e+01            
4750      8.922349436766e+01            9.271447023274e+00            -5.692290259363e+00           8.855772156551e+01            
4760      9.072137712249e+01            -5.097676202070e+00           -2.900063250607e+00           9.053160551699e+01            
4770      8.990900326449e+01            -8.501465082642e+00           -6.484567334417e+00           8.927096026116e+01            
4780      8.518070767865e+01            4.580778391275e+00            2.253206769170e-01            8.505714937945e+01            
4790      9.136815254135e+01            -1.635775444583e+01           -2.059838392844e-01           8.989171674280e+01            
4800      9.083873996260e+01            5.291781682802e+00            -5.542688427301e+00           9.051492876655e+01            
4810      9.284869393496e+01            8.368300062135e-01            -5.469343977869e+00           9.268368765549e+01            
4820      8.797787032189e+01            1.241626961511e+01            -2.213055193865e-01           8.709703174671e+01            
4830      9.015258112650e+01            -5.187606668335e-01           -8.905505104544e+00           8.971014853390e+01            
4840      8.159180875419e+01            8.286887020837e-01            -1.798852576992e+00           8.156776728722e+01            
4850      8.623869985706e+01            -3.366981291960e+00           -9.938122239943e+00           8.559795859925e+01            
4860      8.969258643547e+01            -6.878500212755e+00           -2.708748144001e+00           8.938740951498e+01            
4870      8.442008805373e+01            3.758671725247e+00            -1.264761138344e+00           8.432688796063e+01            
4880      9.429363125396e+01            -9.016912875777e-01           -1.711591592735e+00           9.427378374766e+01            
4890      8.903397460886e+01            -2.822927465492e+00           -6.206115905582e+00           8.877253990138e+01            
4900      9.365111838553e+01            -4.491451037820e+00           -7.656242670371e+00           9.322950600861e+01            
4910      8.910848982442e+01            1.653355883668e+01            7.891702130877e+00            8.720484750552e+01            
4920      8.523889693148e+01            -3.135087284134e+00           -9.278495695404e-01           8.517616963090e+01            
4930      9.351045885344e+01            -1.731123193680e+00           1.012107538486e+01            9.294499965314e+01            
4940      9.353360083220e+01            -4.970132589960e+00           3.718993287328e+00            9.332738802519e+01            
4950      9.477135752643e+01            -7.346194782661e+00           4.641748408796e+00            9.437212406917e+01            
4960      9.449005321865e+01            -4.063781307246e+00           6.067892137010e+00            9.420741225489e+01            
4970      9.561159601423e+01            -3.928130744403e+00           -5.972342732488e+00           9.534399930530e+01            
4980      8.924950197998e+01            5.931550687768e+00            -5.450790961758e+00           8.888520230052e+01            
4990      8.454312136503e+01            -4.788778422990e+00           -7.618080720705e+00           8.406290393206e+01            
5000      8.634367968101e+01            -1.699418513141e+00           -1.078231473112e+00           8.632022019472e+01            
