@    title "Magnitude of Electric Field"
@    xaxis  label "Residues"
@    yaxis  label "MV/cm"
#time     EField_per_residue            Std.Deviation         EField_residue_alignement   Std.Deviation
@type xydy
21        2.498047087536e-01            1.154111332846e-01            0.002613            0.001389                      
22        2.331565201755e+00            2.697710280523e-02            0.025789            0.001165                      
23        3.876160933693e+00            9.329965033255e-02            0.042931            0.002233                      
24        1.055817309641e-01            7.564501838559e-03            0.001167            0.000097                      
25        7.675324806464e-02            1.854278525711e-02            0.000739            0.000219                      
26        7.290229798192e-02            6.948198353724e-03            0.000804            0.000085                      
27        1.049398424424e-01            9.944602366005e-03            0.001159            0.000123                      
28        1.606621021846e-01            1.094836377627e-02            0.001775            0.000143                      
29        1.203958526606e-01            8.547857545301e-03            0.001330            0.000113                      
30        6.798775033174e-02            1.099462008081e-02            0.000745            0.000126                      
31        3.069524225379e-01            1.680569590432e-02            0.003390            0.000242                      
32        1.544532485417e-01            1.361296256117e-02            0.001703            0.000176                      
33        4.051682198991e-02            9.893176099763e-03            0.000422            0.000118                      
34        5.716073273166e-02            2.278961267115e-02            0.000568            0.000280                      
35        3.389074567292e-02            1.361970836138e-02            0.000246            0.000162                      
36        3.181919816774e-02            1.192682502036e-02            0.000250            0.000141                      
37        2.427338160817e-01            3.895470782802e-02            0.002471            0.000529                      
38        3.705702377349e-01            2.383019737061e-02            0.004079            0.000317                      
39        1.046138915220e-01            2.634447428530e-02            0.000992            0.000295                      
40        1.884415768463e-01            9.901949872603e-03            0.002063            0.000141                      
41        4.624505774841e-01            1.808891236029e-02            0.005101            0.000302                      
42        3.881888408012e-01            6.897066931687e-02            0.004142            0.000837                      
43        4.505474280800e-01            1.863520626797e-02            0.004907            0.000320                      
44        4.825027064092e-01            1.886188202688e-02            0.005295            0.000330                      
45        5.262035725206e-01            1.687854999401e-02            0.005793            0.000320                      
46        5.340875542703e-01            2.256138648487e-01            0.002284            0.001623                      
47        4.018052974781e-01            3.784857530978e-02            0.004344            0.000464                      
48        1.760254935059e-01            3.308451311748e-02            0.001792            0.000378                      
49        1.111230849936e+00            1.064673610427e-01            0.012026            0.001300                      
50        4.702981159423e-01            1.081086527888e-02            0.005186            0.000251                      
51        7.323535023082e-01            1.669648200064e-02            0.008091            0.000402                      
52        1.691126475626e+00            1.181087109147e-01            0.018242            0.001559                      
53        8.851539816568e-01            3.188248044437e-02            0.009775            0.000562                      
54        8.058453135122e-01            2.597482307170e-02            0.008908            0.000505                      
55        1.645189161378e+00            2.179484965271e-01            0.018047            0.002599                      
56        1.074200259233e+00            9.569947687168e-02            0.011683            0.001184                      
57        8.287087708628e-01            6.841432747939e-02            0.009134            0.000855                      
58        5.939666269977e-01            5.067291224075e-02            0.006543            0.000611                      
59        7.322408509808e-01            1.431726753670e-01            0.007993            0.001572                      
60        2.079458021800e+00            1.652838336053e-01            0.022970            0.002013                      
61        1.886009174155e-01            5.967089137846e-02            0.002026            0.000685                      
62        7.241471890293e-01            1.025555541237e-01            0.007974            0.001202                      
63        1.317648725694e+00            1.766906814378e-01            0.014541            0.002062                      
64        4.693601813196e+00            2.378562782035e-01            0.051932            0.003302                      
65        1.136960616484e+01            6.053130275535e-01            0.125794            0.007582                      
66        4.660343386090e+01            2.979289905984e+00            0.515838            0.025893                      
67        1.529142428631e+01            2.577524170470e+00            0.147327            0.033411                      
68        2.690714628379e+01            1.436912837210e+00            0.296913            0.019646                      
69        4.124477994529e+00            4.048039840988e-01            0.044630            0.004784                      
70        4.995495551212e+00            6.496305174314e-01            0.051207            0.009270                      
71        3.358847786887e-01            1.410207952300e-01            0.001899            0.001236                      
72        2.460984876113e+00            5.198154407766e-01            0.024105            0.006931                      
73        6.929373820828e-01            6.353753283855e-02            0.007578            0.000785                      
74        4.256202032149e-01            1.357069916694e-01            0.003434            0.001339                      
75        5.081184934862e-01            1.438452873910e-02            0.005609            0.000290                      
76        6.781768923901e-01            2.501859495387e-02            0.007470            0.000419                      
77        7.880577115604e-01            2.678462387437e-01            0.005223            0.002284                      
78        5.167589316797e-01            2.253938777075e-02            0.005709            0.000356                      
79        2.826796963470e-01            2.366879427016e-02            0.003104            0.000298                      
80        5.038311040801e-01            5.669708166671e-02            0.005434            0.000702                      
81        4.396175656145e-01            3.230569483002e-02            0.004846            0.000424                      
82        2.596627520196e-01            2.376170016233e-02            0.002861            0.000293                      
83        1.557591942908e-01            3.711391982181e-02            0.001558            0.000493                      
84        3.821855062951e-01            4.041471598810e-02            0.004213            0.000486                      
85        1.652163644382e-01            3.351783771834e-02            0.001800            0.000392                      
86        4.983941389248e-02            2.170474466367e-02            0.000485            0.000270                      
87        2.993846698227e-01            3.205508566207e-02            0.003300            0.000381                      
88        2.668490061809e-01            3.067218513820e-02            0.002941            0.000369                      
89        4.403493327095e-02            1.973838104085e-02            0.000411            0.000251                      
90        1.131266527710e-01            2.089486887244e-02            0.001236            0.000237                      
91        3.615190116228e-01            2.415616887205e-02            0.004001            0.000326                      
92        3.075926883245e-01            2.323492452894e-02            0.003397            0.000302                      
93        6.589152748004e-02            1.367208966836e-02            0.000718            0.000158                      
94        2.456161307035e-01            1.269956642479e-02            0.002717            0.000182                      
95        3.726614836702e-01            1.442478273269e-02            0.004125            0.000242                      
96        3.129679590583e-01            6.931521623186e-02            0.003409            0.000807                      
97        4.509748845346e+00            6.556822082149e-02            0.049951            0.002384                      
98        2.634425511141e-01            9.667738437221e-03            0.002915            0.000161                      
99        2.463570128606e-01            8.817475230245e-03            0.002726            0.000158                      
100       1.318615385079e-01            7.203511097574e-03            0.001458            0.000106                      
101       3.870011714191e-02            2.369351808027e-02            0.000337            0.000280                      
102       1.711691902006e-01            4.704571022858e-03            0.001894            0.000098                      
103       1.440866846429e-01            6.402899810215e-02            0.001194            0.000811                      
104       1.075305341013e-01            6.807992799974e-03            0.001189            0.000093                      
105       7.538066526785e-02            4.452973771420e-03            0.000833            0.000061                      
106       1.776803129898e-01            1.471595874293e-02            0.001956            0.000202                      
107       1.397775826678e-01            4.883719314294e-03            0.001546            0.000087                      
108       8.070647073476e-02            4.202392150139e-03            0.000892            0.000059                      
109       9.216868263453e-02            1.201283196878e-02            0.001003            0.000140                      
110       6.613299302858e-02            3.001036818825e-02            0.000581            0.000341                      
111       5.372818148830e-02            7.808283711953e-03            0.000592            0.000090                      
112       2.058136548940e+00            2.628901410407e-02            0.022784            0.001039                      
1         6.571888831094e-01            2.596128349601e-01            0.002509            0.001624                      
2         6.723606690563e-01            1.438083844570e-01            0.001068            0.000872                      
3         4.853709112092e-01            1.780890243910e-01            0.002639            0.001278                      
4         5.528619514404e-01            1.419049989942e-01            0.001861            0.001201                      
5         4.006354633961e-01            1.286528846421e-01            0.000909            0.000742                      
6         6.949508454134e-01            1.597811430996e-01            0.003126            0.001892                      
7         7.697685083271e-01            9.516467197755e-02            0.003503            0.000997                      
8         4.056195060498e-01            1.373481144970e-01            0.001197            0.000863                      
9         5.060478867291e-01            1.611233082184e-01            0.001645            0.001282                      
10        7.035568446842e-01            1.972377041566e-01            0.001490            0.000910                      
11        7.411045322823e-01            1.888675740794e-01            0.002573            0.001867                      
12        6.122425956624e-01            1.241570809379e-01            0.005006            0.001395                      
13        7.398166199552e-01            1.573792955292e-01            0.004365            0.002336                      
14        4.058128621085e-01            1.038350234454e-01            0.001793            0.001043                      
15        4.590072849178e-01            1.236660373075e-01            0.001804            0.001460                      
16        4.389104453807e-01            1.260874798422e-01            0.001121            0.000719                      
17        6.814687159914e-01            1.698751782268e-01            0.002226            0.001471                      
18        2.481371391843e-01            4.793105999276e-02            0.000463            0.000313                      
19        1.943310102080e-01            3.021123924863e-02            0.000582            0.000388                      
20        4.690862997804e-01            1.872018766957e-01            0.001724            0.001127                      
21        3.341887168918e-01            1.027149393328e-01            0.000715            0.000555                      
22        3.301484686251e-01            7.289138520968e-02            0.001251            0.000733                      
23        3.128152352751e-01            6.481519989419e-02            0.000669            0.000469                      
24        3.723825445653e-01            9.124792154906e-02            0.001160            0.001018                      
25        3.433645454629e-01            1.189595531690e-01            0.001423            0.000835                      
26        4.190403892705e-01            1.523647320159e-01            0.002047            0.001103                      
27        5.477031883054e-01            1.163553802980e-01            0.001555            0.001135                      
28        2.550482725085e-01            6.457093640371e-02            0.000595            0.000427                      
29        1.945042579800e-01            4.623400773839e-02            0.000737            0.000462                      
30        3.041478711841e-01            1.074782478957e-01            0.001056            0.000857                      
31        2.062636950258e-01            5.740239842316e-02            0.000663            0.000453                      
32        2.159476214316e-01            5.840560849044e-02            0.000712            0.000465                      
33        2.156502324108e-01            6.335296546199e-02            0.000460            0.000366                      
34        2.595216190997e-01            5.006125679357e-02            0.000860            0.000720                      
35        2.698701419805e-01            7.932328086989e-02            0.000919            0.000600                      
36        2.646953975318e-01            1.194360421283e-01            0.000769            0.000635                      
37        2.190440408241e-01            5.429383377206e-02            0.001034            0.000539                      
38        3.047454620522e-01            9.004311261372e-02            0.001295            0.000786                      
39        1.949829994574e-01            4.305810574018e-02            0.000755            0.000502                      
40        1.610625484625e-01            3.842324482087e-02            0.000673            0.000387                      
41        2.558448480528e-01            8.168685079206e-02            0.000804            0.000513                      
42        1.784613293321e-01            4.401325490568e-02            0.001036            0.000474                      
43        1.317198792808e-01            4.356358425299e-02            0.000606            0.000374                      
44        1.896467192492e-01            4.594508933928e-02            0.000466            0.000362                      
45        1.233042951842e-01            4.751640814026e-02            0.000448            0.000300                      
46        1.928273058405e-01            6.107400282616e-02            0.000829            0.000602                      
47        1.210255542389e-01            3.700987934111e-02            0.000437            0.000248                      
48        1.998024899788e-01            4.240714500994e-02            0.000608            0.000357                      
49        1.335043271277e-01            3.995695847651e-02            0.000789            0.000396                      
50        1.145246180722e-01            2.393287098765e-02            0.000314            0.000275                      
51        1.132437920452e-01            2.923760976834e-02            0.000508            0.000306                      
52        8.912454072580e-02            2.140702574214e-02            0.000390            0.000231                      
53        1.592029643090e-01            3.564924424246e-02            0.000529            0.000396                      
54        1.644949846000e-01            6.052130353736e-02            0.000654            0.000395                      
55        1.652970434806e-01            5.828752197778e-02            0.000910            0.000427                      
56        1.621861950335e-01            3.692649292943e-02            0.000300            0.000219                      
57        1.745969721378e-01            4.296528183042e-02            0.000722            0.000479                      
58        1.962995647513e-01            6.160706007479e-02            0.000446            0.000348                      
59        1.641201422851e-01            4.651951951256e-02            0.000677            0.000442                      
60        2.159971563234e-01            5.506430733423e-02            0.000474            0.000317                      
61        2.104410072672e-01            4.171080207206e-02            0.000635            0.000465                      
62        1.588980905908e-01            5.795905415175e-02            0.000766            0.000386                      
63        1.354755910996e-01            4.312652353188e-02            0.000577            0.000356                      
64        9.899452299402e-02            3.251719918355e-02            0.000519            0.000267                      
65        1.106915839759e-01            2.597863060549e-02            0.000308            0.000217                      
66        1.144847298818e-01            2.227846353202e-02            0.000283            0.000222                      
67        1.278539913855e-01            3.356244237789e-02            0.000392            0.000275                      
68        1.471029744290e-01            3.661904190978e-02            0.000288            0.000209                      
69        1.129644629453e-01            2.732772444595e-02            0.000416            0.000286                      
70        1.192182514658e-01            3.676964115434e-02            0.000292            0.000206                      
71        8.036224173809e-02            2.120533155280e-02            0.000336            0.000259                      
72        1.186085787950e-01            3.220306289559e-02            0.000316            0.000315                      
73        1.147636090212e-01            2.446280826530e-02            0.000296            0.000217                      
74        1.588566320233e-01            5.212471198864e-02            0.000655            0.000382                      
75        1.038123264439e-01            2.515883208032e-02            0.000384            0.000255                      
76        1.161483721093e-01            3.039690319985e-02            0.000497            0.000309                      
77        7.894641655158e-02            1.820918558025e-02            0.000372            0.000174                      
78        1.176415605310e-01            2.877682227331e-02            0.000553            0.000307                      
79        1.325779631722e-01            5.244593799099e-02            0.000322            0.000208                      
80        8.425389619155e-02            1.626245096894e-02            0.000321            0.000156                      
81        7.959565319987e-02            2.698716546384e-02            0.000363            0.000218                      
82        7.429476806337e-02            9.806429811046e-03            0.000227            0.000129                      
83        9.184240823654e-02            3.210471703412e-02            0.000332            0.000252                      
84        1.190056424663e-01            3.976805730070e-02            0.000246            0.000179                      
85        8.191160647501e-02            2.221649157950e-02            0.000333            0.000146                      
86        8.113979540722e-02            2.777470180200e-02            0.000260            0.000184                      
87        7.737447530015e-02            1.935069785896e-02            0.000320            0.000158                      
88        7.546986396629e-02            2.022916233147e-02            0.000260            0.000164                      
89        6.833801548284e-02            2.226189192538e-02            0.000260            0.000189                      
90        8.595981719552e-02            2.351949649087e-02            0.000390            0.000219                      
91        6.486440665432e-02            1.677211430213e-02            0.000159            0.000129                      
92        9.396479706791e-02            2.848522584181e-02            0.000437            0.000186                      
93        8.488160873011e-02            2.890508960815e-02            0.000365            0.000187                      
94        5.333517117970e-02            1.121186698673e-02            0.000189            0.000119                      
95        6.166821154545e-02            1.380350149016e-02            0.000129            0.000104                      
96        5.762073372937e-02            1.484274459572e-02            0.000290            0.000130                      
97        4.331969987940e-02            9.603234395184e-03            0.000165            0.000095                      
98        5.447623865364e-02            1.032414506185e-02            0.000182            0.000107                      
99        4.276123572565e-02            1.126096918653e-02            0.000135            0.000090                      
100       4.974759403272e-02            7.620118522874e-03            0.000104            0.000072                      
101       9.212140091289e-02            2.349440298798e-02            0.000882            0.000290                      
102       6.909213985926e-02            2.266207730805e-02            0.000345            0.000273                      
103       9.909292804410e-02            1.707222545232e-02            0.000487            0.000337                      
104       9.756635929827e-02            1.730239944336e-02            0.000571            0.000381                      
105       9.800685814079e-02            2.322348319954e-02            0.000623            0.000385                      
106       1.174688969804e-01            2.689296493972e-02            0.001147            0.000375                      
107       6.843192284213e-02            1.703884134773e-02            0.000363            0.000319                      
108       1.026425184670e-01            2.620550787904e-02            0.000621            0.000340                      
109       1.254372751781e-01            3.496082823790e-02            0.000945            0.000512                      
110       9.243926520137e-02            1.975186628535e-02            0.000687            0.000326                      
111       1.150049568104e-01            3.526626706670e-02            0.000687            0.000468                      
112       9.418131798665e-02            1.937368137344e-02            0.000413            0.000260                      
113       1.036913560866e-01            2.435586614370e-02            0.000844            0.000375                      
114       8.544733644873e-02            1.129671816923e-02            0.000672            0.000180                      
115       7.380074298913e-02            1.624326287098e-02            0.000464            0.000277                      
116       1.062661330188e-01            3.819561174104e-02            0.000759            0.000512                      
117       8.839436952111e-02            2.278660541659e-02            0.000627            0.000418                      
118       1.217346900787e-01            1.597313524386e-02            0.001229            0.000145                      
119       9.677618791515e-02            1.809648595240e-02            0.000842            0.000276                      
120       7.199563845115e-02            1.243271208060e-02            0.000472            0.000288                      
121       8.197896227218e-02            1.605864870751e-02            0.000480            0.000281                      
122       7.047840740562e-02            1.085214509214e-02            0.000192            0.000137                      
123       1.164892263962e-01            3.198315917252e-02            0.000849            0.000358                      
124       8.063374626903e-02            1.947969970495e-02            0.000564            0.000323                      
125       7.062686981344e-02            1.912598193328e-02            0.000470            0.000305                      
126       8.116574752494e-02            1.608289653663e-02            0.000621            0.000218                      
127       7.028250432810e-02            1.722303293762e-02            0.000373            0.000256                      
128       6.145796201548e-02            8.971167955643e-03            0.000380            0.000193                      
129       7.022710468518e-02            1.680446739594e-02            0.000556            0.000224                      
130       6.064012464146e-02            1.399658779146e-02            0.000473            0.000251                      
131       7.599352899441e-02            1.626698006321e-02            0.000619            0.000217                      
132       8.078345545506e-02            1.941460382507e-02            0.000541            0.000286                      
133       6.883026916890e-02            1.060908727470e-02            0.000414            0.000243                      
134       8.802320071235e-02            2.372898242150e-02            0.000374            0.000269                      
135       6.527403054139e-02            1.234136208549e-02            0.000470            0.000266                      
136       7.490963306307e-02            2.046654054244e-02            0.000380            0.000275                      
137       8.040808464710e-02            1.456848551897e-02            0.000726            0.000185                      
138       6.055803001953e-02            1.250406993596e-02            0.000428            0.000214                      
139       7.630771331909e-02            2.078319398194e-02            0.000499            0.000272                      
140       7.390818062848e-02            1.588282384214e-02            0.000619            0.000220                      
141       9.569476048111e-02            1.395173898564e-02            0.000668            0.000206                      
142       6.076608427513e-02            1.602803239705e-02            0.000348            0.000181                      
143       6.236205828893e-02            1.187366466739e-02            0.000522            0.000115                      
144       7.238773924595e-02            2.110207362248e-02            0.000550            0.000240                      
145       5.515277976152e-02            1.000062862233e-02            0.000461            0.000197                      
146       6.729023022696e-02            1.526311170651e-02            0.000562            0.000198                      
147       6.002608841591e-02            1.398780118206e-02            0.000433            0.000216                      
148       6.803380977624e-02            1.822313723178e-02            0.000549            0.000159                      
149       7.383722582088e-02            1.116387642927e-02            0.000568            0.000157                      
150       6.988554816095e-02            2.194915391550e-02            0.000390            0.000244                      
151       4.665825387237e-02            7.006699524253e-03            0.000184            0.000123                      
152       5.609592602722e-02            9.388966438514e-03            0.000194            0.000137                      
153       4.987535343968e-02            9.409329496235e-03            0.000213            0.000145                      
154       5.520752437292e-02            1.252298460783e-02            0.000355            0.000185                      
155       5.221840024106e-02            1.033744292692e-02            0.000290            0.000184                      
156       7.102105174053e-02            1.342211463613e-02            0.000540            0.000128                      
157       5.649261160107e-02            1.604035379767e-02            0.000292            0.000179                      
158       6.559150894410e-02            1.957117877100e-02            0.000459            0.000259                      
159       4.688711305299e-02            1.252766044934e-02            0.000283            0.000177                      
160       6.913762834552e-02            1.503035187988e-02            0.000527            0.000089                      
161       4.725067468224e-02            1.091220636127e-02            0.000300            0.000181                      
162       5.075084533364e-02            1.060039824936e-02            0.000219            0.000142                      
163       4.612199795057e-02            9.794941948696e-03            0.000247            0.000176                      
164       6.057459379220e-02            1.069861204339e-02            0.000337            0.000196                      
165       5.953835190948e-02            1.312519467193e-02            0.000387            0.000215                      
166       5.540362203936e-02            1.121158797245e-02            0.000388            0.000166                      
167       5.727357969052e-02            1.202474847039e-02            0.000514            0.000115                      
168       3.914844416129e-02            8.598702873432e-03            0.000224            0.000146                      
169       4.425493530487e-02            1.133333388015e-02            0.000278            0.000182                      
170       4.805009534530e-02            1.019495086502e-02            0.000169            0.000113                      
171       4.183474248587e-02            8.368020185773e-03            0.000247            0.000144                      
172       4.697858845582e-02            1.060945785433e-02            0.000366            0.000183                      
173       6.409606347721e-02            1.322367876937e-02            0.000526            0.000146                      
174       3.940116967610e-02            9.488408835572e-03            0.000233            0.000159                      
175       4.525336571916e-02            1.255224019169e-02            0.000221            0.000150                      
176       5.947982295625e-02            1.240966443731e-02            0.000369            0.000144                      
177       4.064350234884e-02            7.213623307823e-03            0.000237            0.000131                      
178       5.575856252955e-02            1.115886385779e-02            0.000410            0.000130                      
179       4.657710787662e-02            1.276496502027e-02            0.000379            0.000182                      
180       4.672939865796e-02            1.060157482599e-02            0.000311            0.000134                      
181       3.922045192996e-02            9.500796038712e-03            0.000250            0.000134                      
182       5.426876427394e-02            1.328494170355e-02            0.000358            0.000189                      
183       3.182366848735e-02            6.829291630504e-03            0.000185            0.000119                      
184       4.884434736317e-02            1.546592571548e-02            0.000258            0.000180                      
185       3.589663582286e-02            8.644801571645e-03            0.000213            0.000134                      
186       3.047193180771e-02            6.515349601811e-03            0.000273            0.000113                      
187       3.828747907461e-02            1.472180255912e-02            0.000305            0.000151                      
188       3.049586250489e-02            6.549273325788e-03            0.000248            0.000105                      
189       2.965769189689e-02            8.876151948448e-03            0.000188            0.000125                      
190       3.363040521516e-02            7.903716803901e-03            0.000139            0.000107                      
191       4.832173367646e-02            1.245670309282e-02            0.000297            0.000182                      
192       3.710265092832e-02            6.233395039587e-03            0.000219            0.000154                      
193       3.640182144135e-02            7.526131434951e-03            0.000280            0.000100                      
194       4.061481671446e-02            1.208384102477e-02            0.000280            0.000146                      
195       3.791640786677e-02            8.921475149883e-03            0.000238            0.000114                      
196       4.389936394991e-02            9.874799254027e-03            0.000162            0.000100                      
197       3.399516605550e-02            7.639323493133e-03            0.000265            0.000095                      
198       3.536626301866e-02            7.217442077880e-03            0.000262            0.000117                      
199       2.820086455095e-02            5.928881447554e-03            0.000175            0.000095                      
200       2.811885541782e-02            8.148413290278e-03            0.000203            0.000080                      
201       2.674056833216e-02            7.005047410244e-03            0.000139            0.000084                      
202       2.904036428936e-02            6.903630523376e-03            0.000231            0.000104                      
