@    title "Magnitude of Electric Field"
@    xaxis  label "Residues"
@    yaxis  label "MV/cm"
#time  EField_Magnitude
@type xydy
21        2.347011557970e+00            3.652008631293e-02            
22        2.699069926993e+00            6.887706447541e-02            
23        1.104994585056e+01            1.350251343846e-01            
24        3.246940670045e-01            2.517899950296e-02            
25        4.871925423841e-01            3.431189889512e-02            
26        5.274036377680e-01            1.318896273558e-02            
27        7.938213276234e-01            2.291790151126e-02            
28        4.460004002323e-01            1.594884850420e-02            
29        4.371281173547e-01            1.190839312929e-02            
30        5.728595992515e-01            1.610497792013e-02            
31        8.008644306822e-01            5.168115558120e-02            
32        4.304080768954e-01            1.507184231306e-02            
33        3.073702349095e-01            1.187172626069e-02            
34        1.149374682720e-01            5.002339478865e-02            
35        1.211558025712e-01            2.281482868480e-02            
36        2.229166152815e-01            1.174086321337e-02            
37        1.512013844943e-01            4.311927258198e-02            
38        2.171651182129e-01            1.735689170605e-02            
39        1.135030437027e-01            2.287041764972e-02            
40        5.366076989299e-02            8.763321206084e-03            
41        1.699980351983e-01            1.394695415371e-02            
42        6.734526802773e-02            3.029077962890e-02            
43        1.942306104385e-01            1.323094205588e-02            
44        1.595830639960e-01            1.147742688337e-02            
45        1.193796351070e-01            1.020672017054e-02            
46        6.067864281444e+00            3.700559738810e-02            
47        1.969178399402e-02            8.502134462199e-03            
48        2.690624262906e-01            1.107902932529e-02            
49        4.512114134585e+00            2.861452322108e-02            
50        3.093007215849e-01            1.094825056856e-02            
51        3.482689095255e-01            1.004716736584e-02            
52        6.407400957194e+00            3.804820559722e-02            
53        5.242974838547e-01            1.457736736133e-02            
54        6.307846325698e-01            1.889540209595e-02            
55        1.047047772634e+00            3.702965027809e-02            
56        1.042019475033e+00            2.560183445876e-02            
57        1.007021163132e+00            5.233562417717e-02            
58        1.803458642066e+00            4.052625683834e-02            
59        2.291912498385e+00            6.922768219158e-02            
60        2.920801431479e+00            1.177276929894e-01            
61        2.871877040549e+00            2.589253972604e-01            
62        5.710979521416e+00            3.645846163170e-01            
63        1.032065006109e+01            6.446186100418e-01            
64        1.223277932900e+00            1.442515125282e-01            
65        4.217897165175e-01            8.330048568479e-02            
66        1.262557451898e-01            6.909656950941e-02            
67        3.638029019830e-01            2.883669617645e-02            
68        1.069261233925e+01            8.909293345519e-02            
69        5.107153262748e-01            1.602976167436e-02            
70        6.316630110051e-01            5.505831965293e-02            
71        6.241392897942e-02            1.699200017495e-02            
72        1.285207066307e-01            4.869907477203e-02            
73        2.437969235041e-01            1.515104073765e-02            
74        4.889173397473e+00            3.869983004252e-02            
75        2.234637739560e-01            1.134323053734e-02            
76        2.485863400266e-01            1.594565404533e-02            
77        6.282833427765e+00            5.852844528020e-02            
78        3.229433903629e-01            1.887482069442e-02            
79        2.241142756300e-01            2.034587629260e-02            
80        5.782690731845e-01            3.789091000382e-02            
81        6.236270337321e-01            3.276996092950e-02            
82        2.674641050649e-01            3.868787735391e-02            
83        4.442017485333e-01            5.164958203283e-02            
84        1.893784967642e-01            7.629389949256e-02            
85        2.095666687905e-01            6.966725304864e-02            
86        5.531136449328e-01            4.619199112147e-02            
87        8.372198359698e-01            1.016562314452e-01            
88        1.462363999725e+00            2.232927729371e-01            
89        8.862168115412e-01            1.572865781803e-01            
90        1.197414990126e+00            9.235231489665e-02            
91        2.146791343481e+00            1.326579794681e-01            
92        2.276748441279e+00            8.335840399791e-01            
93        1.295187752162e+00            1.303321297160e-01            
94        1.665171443839e+00            8.108110439583e-02            
95        1.423534771776e+00            1.214478599746e-01            
96        1.682223311479e+00            8.365490369866e-01            
97        1.692229166010e+01            5.098088845484e-01            
98        4.336899121171e-01            5.379309072461e-02            
99        7.942659066840e-01            7.908689099466e-02            
100       1.088937644142e+00            6.710393942060e-02            
101       5.013209565779e-01            1.036680536883e-01            
102       5.197835911440e-02            2.190245768895e-02            
103       6.151725938998e-01            2.098998612078e-01            
104       6.754059641132e-01            2.395364350516e-02            
105       2.803130684314e-01            1.863779511591e-02            
106       2.291324338290e-01            3.973697226716e-02            
107       2.288262133739e-01            1.816953555107e-02            
108       2.982309424526e-01            1.357649638533e-02            
109       2.296704598084e-01            3.028710255403e-02            
110       1.799877363153e-01            5.258412885100e-02            
111       1.454563000485e-01            1.479454352537e-02            
112       1.600763965949e-01            1.001450755782e-02            
113       1.852910184184e+00            2.609995063329e-02            
