-200.0                        3.0997495075890074e-288
-199.5995995995996            3.29591122551007e-287
-199.1991991991992            3.489534649406232e-286
-198.7987987987988            3.6787699306443105e-285
-198.3983983983984            3.8617205616486804e-284
-197.997997997998             4.036474048540351e-283
-197.5975975975976            4.201134524353017e-282
-197.1971971971972            4.353856545831333e-281
-196.7967967967968            4.492879244883279e-280
-196.3963963963964            4.616559959422908e-279
-195.995995995996             4.723406450446474e-278
-195.5955955955956            4.812106824595143e-277
-195.1951951951952            4.8815563246146595e-276
-194.7947947947948            4.9308802234244974e-275
-194.3943943943944            4.959452158689834e-274
-193.993993993994             4.9669073707105635e-273
-193.5935935935936            4.953150452479908e-272
-193.1931931931932            4.918357381720575e-271
-192.7927927927928            4.862971774384919e-270
-192.3923923923924            4.787695471143825e-269
-191.991991991992             4.693473736100105e-268
-191.5915915915916            4.581475504107493e-267
-191.1911911911912            4.453069253691046e-266
-190.7907907907908            4.309795201462803e-265
-190.3903903903904            4.153334607207239e-264
-189.98998998999              3.9854770432202235e-263
-189.5895895895896            3.8080865155839334e-262
-189.1891891891892            3.6230673283079183e-261
-188.7887887887888            3.432330554678281e-260
-188.3883883883884            3.2377619258846217e-259
-187.987987987988             3.041191868118867e-258
-187.5875875875876            2.8443683201371364e-257
-187.1871871871872            2.6489328482758746e-256
-186.7867867867868            2.4564004504065093e-255
-186.3863863863864            2.2681433094370382e-254
-185.985985985986             2.0853786260333306e-253
-185.5855855855856            1.909160533961812e-252
-185.1851851851852            1.7403759842580886e-251
-184.7847847847848            1.579744379882044e-250
-184.3843843843844            1.4278206535160185e-249
-183.983983983984             1.2850014096578939e-248
-183.5835835835836            1.151533699249625e-247
-183.1831831831832            1.027525961056687e-246
-182.7827827827828            9.129606482986609e-246
-182.3823823823824            8.077080604352968e-245
-181.981981981982             7.115409167190729e-244
-181.5815815815816            6.241492379464081e-243
-181.1811811811812            5.451551432412821e-242
-180.7807807807808            4.7412721704081956e-241
-180.3803803803804            4.1059415507291493e-240
-179.97997997998              3.540574544387785e-239
-179.5795795795796            3.040029696050501e-238
-179.1791791791792            2.599112110855764e-237
-178.7787787787788            2.2126631512632497e-236
-178.3783783783784            1.8756365943097706e-235
-177.977977977978             1.5831614088178916e-234
-177.57757757757759           1.330591657138248e-233
-177.17717717717719           1.113544303964809e-232
-176.77677677677679           9.279259260056707e-232
-176.37637637637638           7.69949463561728e-231
-175.97597597597598           6.361422433119568e-230
-175.57557557557558           5.233465371807904e-229
-175.17517517517518           4.287139125035152e-228
-174.77477477477478           3.4969458175755627e-227
-174.37437437437438           2.8402288389674687e-226
-173.97397397397398           2.2969993161267587e-225
-173.57357357357358           1.8497434685947865e-224
-173.17317317317318           1.4832188720657888e-223
-172.77277277277278           1.184246436014499e-222
-172.37237237237238           9.415037055866947e-222
-171.97197197197198           7.453239629424362e-221
-171.57157157157158           5.875045560022533e-220
-171.17117117117118           4.611269414886733e-219
-170.77077077077078           3.603901049109893e-218
-170.37037037037038           2.80458316792871e-217
-169.96996996996995           2.173236006088987e-216
-169.56956956956958           1.676828179963331e-215
-169.16916916916915           1.2882891215248359e-214
-168.76876876876878           9.855558015276832e-214
-168.36836836836835           7.507445731725235e-213
-167.96796796796798           5.694377935376819e-212
-167.56756756756755           4.300742867028941e-211
-167.16716716716718           3.234325844795466e-210
-166.76676676676675           2.421961125570972e-209
-166.36636636636638           1.8058998777382976e-208
-165.96596596596595           1.3407977504947806e-207
-165.56556556556558           9.912335207973268e-207
-165.16516516516515           7.296789057247661e-206
-164.76476476476478           5.348484063803155e-205
-164.36436436436435           3.9036666498652465e-204
-163.96396396396398           2.836990269296554e-203
-163.56356356356355           2.0529863959987658e-202
-163.16316316316318           1.4793038940134437e-201
-162.76276276276275           1.061382280482956e-200
-162.36236236236238           7.582795940677306e-200
-161.96196196196195           5.394236812106543e-199
-161.56156156156158           3.8209710883377435e-198
-161.16116116116115           2.6950113480287e-197
-160.76076076076077           1.892738204874072e-196
-160.36036036036035           1.3236208577300732e-195
-159.95995995995997           9.216791423526109e-195
-159.55955955955955           6.390561524747104e-194
-159.15915915915917           4.412059745322617e-193
-158.75875875875874           3.0331008635856474e-192
-158.35835835835837           2.0762298193566778e-191
-157.95795795795794           1.4151650659302274e-190
-157.55755755755757           9.604657394450818e-190
-157.15715715715714           6.490822904426189e-189
-156.75675675675674           4.367779903100044e-188
-156.35635635635634           2.9266098836880527e-187
-155.95595595595594           1.9525943475040006e-186
-155.55555555555554           1.2971862127822703e-185
-155.15515515515514           8.580956966692834e-185
-154.75475475475474           5.652131110213388e-184
-154.35435435435434           3.7070789423855067e-183
-153.95395395395394           2.4209986373035655e-182
-153.55355355355354           1.5743466308643272e-181
-153.15315315315314           1.0194109088863663e-180
-152.75275275275274           6.572661980732374e-180
-152.35235235235234           4.219649930949887e-179
-151.95195195195194           2.6974577492091175e-178
-151.55155155155154           1.7170224865121813e-177
-151.15115115115114           1.0882794243180232e-176
-150.75075075075074           6.868279452316762e-176
-150.35035035035034           4.316170574860136e-175
-149.94994994994994           2.7007995071283757e-174
-149.54954954954954           1.682787182004121e-173
-149.14914914914914           1.0440207933533568e-172
-148.74874874874874           6.449591450551669e-172
-148.34834834834834           3.9673303566515892e-171
-147.94794794794794           2.4300075847040802e-170
-147.54754754754754           1.4820402428244465e-169
-147.14714714714714           9.000268534865908e-169
-146.74674674674674           5.442444911744001e-168
-146.34634634634634           3.2769945553262695e-167
-145.94594594594594           1.9647192546713407e-166
-145.54554554554554           1.1729199857772672e-165
-145.14514514514514           6.972353134673406e-165
-144.74474474474474           4.126990481902503e-164
-144.34434434434434           2.4323757388762677e-163
-143.94394394394394           1.4274830571385725e-162
-143.54354354354354           8.341696124956091e-162
-143.14314314314313           4.853788758629592e-161
-142.74274274274273           2.8122276986317816e-160
-142.34234234234233           1.6224196398061796e-159
-141.94194194194193           9.320066518204296e-159
-141.54154154154153           5.33111354602557e-158
-141.14114114114113           3.0364068093147557e-157
-140.74074074074073           1.722047332465497e-156
-140.34034034034033           9.724635132303815e-156
-139.93993993993993           5.4682032715366905e-155
-139.53953953953953           3.06167500508573e-154
-139.13913913913913           1.7069336129051863e-153
-138.73873873873873           9.475830334242661e-153
-138.33833833833833           5.237946099007209e-152
-137.93793793793793           2.8830214761810263e-151
-137.53753753753753           1.5800754799380962e-150
-137.13713713713713           8.622851229377973e-150
-136.73673673673673           4.68561991019705e-149
-136.33633633633633           2.5352822926532806e-148
-135.93593593593593           1.3659307858970447e-147
-135.53553553553553           7.327809445235405e-147
-135.13513513513513           3.9143778445871324e-146
-134.73473473473473           2.0820656805161106e-145
-134.33433433433433           1.1027300514073297e-144
-133.93393393393393           5.815500509075783e-144
-133.53353353353353           3.053852729938533e-143
-133.13313313313313           1.5968061065321367e-142
-132.73273273273273           8.313796376550845e-142
-132.33233233233233           4.3101232151684506e-141
-131.93193193193193           2.2249645276111752e-140
-131.53153153153153           1.1436670286161205e-139
-131.13113113113113           5.853548399898038e-139
-130.73073073073073           2.983196975735373e-138
-130.33033033033033           1.5138670973587212e-137
-129.92992992992993           7.649563842799252e-137
-129.52952952952953           3.8488297483077835e-136
-129.12912912912913           1.9282521810704724e-135
-128.72872872872873           9.619268903025183e-135
-128.32832832832833           4.778189869248374e-134
-127.92792792792793           2.3633489184737087e-133
-127.52752752752752           1.1639528532392567e-132
-127.12712712712712           5.708027248221447e-132
-126.72672672672672           2.787274807866224e-131
-126.32632632632632           1.355241353094924e-130
-125.92592592592592           6.561401355921158e-130
-125.52552552552552           3.163149122215442e-129
-125.12512512512512           1.518398733085262e-128
-124.72472472472472           7.257634656615823e-128
-124.32432432432432           3.4541999663137596e-127
-123.92392392392392           1.6369784130217867e-126
-123.52352352352352           7.724698412037624e-126
-123.12312312312312           3.6296371933617767e-125
-122.72272272272272           1.698196744419871e-124
-122.32232232232232           7.911446488300073e-124
-121.92192192192192           3.6700069733135225e-123
-121.52152152152152           1.6952001710034905e-122
-121.12112112112112           7.796832226931887e-122
-120.72072072072072           3.5707421844107834e-121
-120.32032032032032           1.6283280454758063e-120
-119.91991991991992           7.393812196629405e-120
-119.51951951951952           3.343012735494339e-119
-119.11911911911912           1.5050493843928737e-118
-118.71871871871872           6.746935732815407e-118
-118.31831831831832           3.011656941816633e-117
-117.91791791791792           1.3385898568648658e-116
-117.51751751751752           5.924240262534155e-116
-117.11711711711712           2.610723632709901e-115
-116.71671671671672           1.145597985189456e-114
-116.31631631631632           5.0054910060305446e-114
-115.91591591591592           2.1777309988557023e-113
-115.51551551551552           9.434195777269817e-113
-115.11511511511512           4.0695710886467426e-112
-114.71471471471472           1.7479761299630136e-111
-114.3143143143143            7.475934017589982e-111
-113.9139139139139            3.183746827106883e-110
-113.5135135135135            1.3500650489533889e-109
-113.1131131131131            5.700513346563626e-109
-112.7127127127127            2.3967147187032226e-108
-112.3123123123123            1.0033716423549644e-107
-111.9119119119119            4.182639224620601e-107
-111.5115115115115            1.7361294046171816e-106
-111.1111111111111            7.175577891323449e-106
-110.7107107107107            2.953077039937976e-105
-110.3103103103103            1.2101404405149555e-104
-109.9099099099099            4.937872540461655e-104
-109.5095095095095            2.0062593789127716e-103
-109.1091091091091            8.116660635169318e-103
-108.7087087087087            3.269721776685805e-102
-108.3083083083083            1.3115574387196252e-101
-107.9079079079079            5.23849982465034e-101
-107.5075075075075            2.0833855901279136e-100
-107.1071071071071            8.250409063933533e-100
-106.7067067067067            3.253302232868232e-99
-106.3063063063063            1.277369211745937e-98
-105.9059059059059            4.994034988364957e-98
-105.5055055055055            1.944150228666521e-97
-105.1051051051051            7.536178289300647e-97
-104.7047047047047            2.9088117208231653e-96
-104.3043043043043            1.1179520127780624e-95
-103.9039039039039            4.278325434193415e-95
-103.5035035035035            1.6303001715198788e-94
-103.1031031031031            6.185921943356743e-94
-102.7027027027027            2.3371382353264505e-93
-102.3023023023023            8.792400634478143e-93
-101.9019019019019            3.293621135582541e-92
-101.5015015015015            1.2285219388001943e-91
-101.1011011011011            4.5628405824443654e-91
-100.7007007007007            1.687449474970727e-90
-100.3003003003003            6.2139730357988275e-90
-99.89989989989989            2.2785106042324744e-89
-99.49949949949949            8.319090473071275e-89
-99.09909909909909            3.0244314415237433e-88
-98.69869869869869            1.0948503074532183e-87
-98.29829829829829            3.9464703892936916e-87
-97.89789789789789            1.4164656792547495e-86
-97.49749749749749            5.062282382174e-86
-97.09709709709709            1.8014813969443475e-85
-96.69669669669669            6.383462329881181e-85
-96.29629629629629            2.2522983649423437e-84
-95.89589589589589            7.9129541042556e-84
-95.49549549549549            2.7681809498622775e-83
-95.09509509509509            9.642583490901458e-83
-94.69469469469469            3.3445326794803807e-82
-94.29429429429429            1.1551026580978809e-81
-93.89389389389389            3.972362068566432e-81
-93.49349349349349            1.3602545045511799e-80
-93.09309309309309            4.638041420759279e-80
-92.69269269269269            1.5746795102907796e-79
-92.29229229229229            5.323445762802163e-79
-91.89189189189189            1.7919941782463976e-78
-91.49149149149149            6.006527346873852e-78
-91.09109109109109            2.0047186309438934e-77
-90.69069069069069            6.6623354835960056e-77
-90.29029029029029            2.204665331517641e-76
-89.88988988988989            7.264436825754243e-76
-89.48948948948949            2.3834406023885806e-75
-89.08908908908909            7.786635025313446e-75
-88.68868868868869            2.5330187705825392e-74
-88.28828828828829            8.20483970399103e-74
-87.88788788788789            2.646335464632015e-73
-87.48748748748748            8.498901516939183e-73
-87.08708708708708            2.7178394617939477e-72
-86.68668668668668            8.654219516450136e-72
-86.28628628628628            2.7439432015777785e-71
-85.88588588588588            8.662942492227294e-71
-85.48548548548548            2.7233210874328287e-70
-85.08508508508508            8.524626700503336e-70
-84.68468468468468            2.657021047336418e-69
-84.28428428428428            8.246273273968173e-69
-83.88388388388388            2.5483762828894985e-68
-83.48348348348348            7.841740921989623e-68
-83.08308308308308            2.402727553194637e-67
-82.68268268268268            7.330602506898127e-67
-82.28228228228228            2.2269882056799912e-66
-81.88188188188188            6.736576818016872e-66
-81.48148148148148            2.029101255060905e-65
-81.08108108108108            6.08571031984698e-65
-80.68068068068068            1.8174477586707527e-64
-80.28028028028027            5.404502223894626e-64
-79.87987987987987            1.6002674333885608e-63
-79.47947947947947            4.7181586258544413e-63
-79.07907907907907            1.3851461914389955e-62
-78.67867867867866            4.049130650908383e-62
-78.27827827827826            1.1786125780946804e-61
-77.87787787787786            3.416044004724007e-61
-77.47747747747746            9.858683969616018e-61
-77.07707707707706            2.8330715126696293e-60
-76.67667667667666            8.106609117218618e-60
-76.27627627627626            2.3097449805603877e-59
-75.87587587587586            6.552875771402457e-59
-75.47547547547546            1.8511556675838247e-58
-75.07507507507506            5.207113580709774e-58
-74.67467467467466            1.4584591325429447e-57
-74.27427427427426            4.067565744561182e-57
-73.87387387387386            1.129582620290079e-56
-73.47347347347346            3.123521687898779e-56
-73.07307307307306            8.600310943097865e-56
-72.67267267267266            2.3579081552975383e-55
-72.27227227227226            6.43698829284297e-55
-71.87187187187186            1.749772785256531e-54
-71.47147147147146            4.7361309238745904e-54
-71.07107107107106            1.2764648047266256e-53
-70.67067067067066            3.425603499974873e-53
-70.27027027027026            9.153948108001706e-53
-69.86986986986986            2.435694986583147e-52
-69.46946946946946            6.453279298511451e-52
-69.06906906906906            1.702476496491605e-51
-68.66866866866866            4.472237838042239e-51
-68.26826826826826            1.1698003904536804e-50
-67.86786786786786            3.0467844880739313e-50
-67.46746746746746            7.90159586030379e-50
-67.06706706706706            2.0404736659109504e-49
-66.66666666666666            5.2467488829275186e-49
-66.26626626626626            1.3433607864631472e-48
-65.86586586586586            3.424823213440332e-48
-65.46546546546546            8.694142491230882e-48
-65.06506506506506            2.197649620993429e-47
-64.66466466466466            5.53137694083858e-47
-64.26426426426426            1.3862806484582447e-46
-63.863863863863855           3.459490723064343e-46
-63.463463463463455           8.596393427329424e-46
-63.063063063063055           2.1269804597048514e-45
-62.662662662662655           5.2402718846943806e-45
-62.262262262262254           1.285544883564309e-44
-61.861861861861854           3.140246727170479e-44
-61.461461461461454           7.638065928203738e-44
-61.061061061061054           1.8498909906970426e-43
-60.66066066066065            4.461202896790109e-43
-60.26026026026025            1.0712748700517193e-42
-59.85985985985985            2.5614917579759906e-42
-59.45945945945945            6.098571387393446e-42
-59.05905905905905            1.4457938216632493e-41
-58.65865865865865            3.412932671571162e-41
-58.25825825825825            8.022175907101434e-41
-57.85785785785785            1.877585593773657e-40
-57.45745745745745            4.375728943722378e-40
-57.05705705705705            1.0154164212617973e-39
-56.65665665665665            2.3462865826654556e-39
-56.25625625625625            5.3983499612661156e-39
-55.85585585585585            1.2367562600152962e-38
-55.45545545545545            2.8213067176553576e-38
-55.05505505505505            6.40854727377285e-38
-54.65465465465465            1.4494791926804777e-37
-54.25425425425425            3.264430916548186e-37
-53.85385385385385            7.320589977560007e-37
-53.45345345345345            1.6346613239764268e-36
-53.05305305305305            3.634566301181982e-36
-52.65265265265265            8.046749981335373e-36
-52.25225225225225            1.7739097617016398e-35
-51.85185185185185            3.8939076150808083e-35
-51.45145145145145            8.511044617113984e-35
-51.05105105105105            1.8523506194545571e-34
-50.65065065065065            4.014270432747681e-34
-50.25025025025025            8.662298840200252e-34
-49.849849849849846           1.8612418203785318e-33
-49.449449449449446           3.9821310293773035e-33
-49.049049049049046           8.483428311131118e-33
-48.648648648648646           1.7995766379909718e-32
-48.248248248248245           3.8011272017429963e-32
-47.847847847847845           7.994615185408331e-32
-47.447447447447445           1.6742712878902021e-31
-47.047047047047045           3.4913806409667624e-31
-46.646646646646644           7.24956042468025e-31
-46.246246246246244           1.4988882435396195e-30
-45.845845845845844           3.0858153656542225e-30
-45.44544544544544            6.325774790780504e-30
-45.04504504504504            1.2912211173082894e-29
-44.64464464464464            2.624403566133395e-29
-44.24424424424424            5.311335357618957e-29
-43.84384384384384            1.070335508674868e-28
-43.44344344344344            2.147727851286407e-28
-43.04304304304304            4.291228794642323e-28
-42.64264264264264            8.537430823036813e-28
-42.24224224224224            1.6912812388339056e-27
-41.84184184184184            3.336165381035128e-27
-41.44144144144144            6.552732183687262e-27
-41.04104104104104            1.2815642151948806e-26
-40.64064064064064            2.4957520326171354e-26
-40.24024024024024            4.839556923708714e-26
-39.83983983983984            9.344431387807213e-26
-39.43943943943944            1.7965663668610734e-25
-39.03903903903904            3.439353058539653e-25
-38.63863863863864            6.55621766270095e-25
-38.23823823823824            1.2444374644830535e-24
-37.83783783783784            2.3519923328657565e-24
-37.43743743743744            4.426310105789033e-24
-37.03703703703704            8.294512854202639e-24
-36.63663663663664            1.547686678338178e-23
-36.23623623623624            2.875532746743764e-23
-35.83583583583584            5.319817151227281e-23
-35.43543543543544            9.799822467121914e-23
-35.03503503503504            1.7975576481363728e-22
-34.63463463463464            3.283148779793718e-22
-34.234234234234236           5.970922289642108e-22
-33.833833833833836           1.0812730888296291e-21
-33.433433433433436           1.9497210970509502e-21
-33.033033033033036           3.500682398738463e-21
-32.632632632632635           6.258583571807755e-21
-32.232232232232235           1.1141470827944887e-20
-31.831831831831835           1.974931915047246e-20
-31.431431431431434           3.485819217994022e-20
-31.031031031031034           6.126334777829184e-20
-30.630630630630634           1.0721109393313267e-19
-30.230230230230234           1.868193551512489e-19
-29.829829829829833           3.2415084090527643e-19
-29.429429429429433           5.600355325963659e-19
-29.029029029029005           9.634455219963251e-19
-28.628628628628604           1.6503721889212486e-18
-28.228228228228204           2.8150090101326963e-18
-27.827827827827804           4.7810231388705504e-18
-27.427427427427403           8.085466292081633e-18
-27.027027027027003           1.3615464781788433e-17
-26.626626626626603           2.2829849720182192e-17
-26.226226226226203           3.811683416007313e-17
-25.825825825825802           6.336855273638114e-17
-25.425425425425402           1.0489963053619489e-16
-25.025025025025002           1.7290889764839897e-16
-24.6246246246246             2.8379448314675156e-16
-24.2242242242242             4.638032519051953e-16
-23.8238238238238             7.547565239512475e-16
-23.4234234234234             1.2229908857297806e-15
-23.023023023023              1.9732532999481814e-15
-22.6226226226226             3.1701932918669756e-15
-22.2222222222222             5.071447707513312e-15
-21.8218218218218             8.078328009133629e-15
-21.4214214214214             1.2813104152645791e-14
-21.021021021021              2.0236275950107825e-14
-20.6206206206206             3.182366663149422e-14
-20.2202202202202             4.983256615016194e-14
-19.8198198198198             7.769976897169223e-14
-19.4194194194194             1.2063398467879977e-13
-19.019019019018998           1.8649325211373783e-13
-18.618618618618598           2.870781313025986e-13
-18.218218218218198           4.4002836948982325e-13
-17.817817817817797           6.715909959721589e-13
-17.417417417417397           1.0206403183602048e-12
-17.017017017016997           1.54448713100804e-12
-16.616616616616597           2.3272317938284933e-12
-16.216216216216196           3.491715275590123e-12
-15.815815815815796           5.216532337583605e-12
-15.415415415415396           7.76012927699706e-12
-15.015015015014995           1.1494763967710054e-11
-14.614614614614595           1.6954121609179936e-11
-14.214214214214195           2.4899736833491828e-11
-13.813813813813795           3.641317499083862e-11
-13.413413413413394           5.3023302965554456e-11
-13.013013013012994           7.688109588161196e-11
-12.612612612612594           1.1099848261367808e-10
-12.212212212212194           1.5957297800529644e-10
-11.811811811811793           2.284265839992994e-10
-11.411411411411393           3.255960266814555e-10
-11.011011011010993           4.621222598733948e-10
-10.610610610610593           6.531008097855717e-10
-10.210210210210192           9.19071537860873e-10
-9.809809809809792            1.287847417084724e-09
-9.409409409409392            1.7969076827523735e-09
-9.009009009008992            2.496512030535535e-09
-8.608608608608591            3.4537302415066144e-09
-8.208208208208191            4.7576265888659624e-09
-7.807807807807791            6.5258914848349944e-09
-7.407407407407391            8.913274854697707e-09
-7.00700700700699             1.2122247343200706e-08
-6.60660660660659             1.6416397115465305e-08
-6.20620620620619             2.2137161840024428e-08
-5.8058058058057895           2.972459712394237e-08
-5.405405405405389            3.974299331604034e-08
-5.005005005004989            5.291227057392194e-08
-4.604604604604589            7.014620487074067e-08
-4.2042042042041885           9.2598661592918e-08
-3.8038038038037882           1.2171913370886095e-07
-3.403403403403388            1.593189919491705e-07
-3.0030030030029877           2.076499473182772e-07
-2.6026026026025875           2.694962922951284e-07
-2.202202202202187            3.4828251548374926e-07
-1.801801801801787            4.4819786302982713e-07
-1.4014014014013867           5.74339335422611e-07
-1.0010010010009864           7.32874446125778e-07
-0.6006006006005862           9.312248143031749e-07
-0.20020020020018592          1.1782713036007988e-06
0.20020020020021434           1.4845809396568662e-06
0.6006006006006146            1.8626552301813131e-06
1.0010010010010149            2.3271987660009456e-06
1.4014014014014151            2.8954060971075324e-06
1.8018018018018154            3.5872638582946878e-06
2.2022022022022156            4.425863975699207e-06
2.602602602602616             5.43772253842469e-06
3.003003003003016             6.653097598060747e-06
3.4034034034034164            8.106297803336802e-06
3.8038038038038167            9.835972437985166e-06
4.204204204204217             1.1885372168016386e-05
4.604604604604617             1.430256869013705e-05
5.005005005005017             1.714062058349826e-05
5.405405405405418             2.045767208465692e-05
5.805805805805818             2.431697131417599e-05
6.206206206206218             2.878679476331819e-05
6.6066066066066185            3.394026567351785e-05
7.007007007007019             3.9855055369084924e-05
7.407407407407419             4.661295867519179e-05
7.807807807807819             5.4299337284239996e-05
8.20820820820822              6.300242831004308e-05
8.60860860860862              7.281251924271261e-05
9.00900900900902              8.382099500258317e-05
9.40940940940942              9.611926766576399e-05
9.80980980980982              0.0001097976045366518
10.21021021021022             0.00012494387537995507
10.610610610610621            0.0001416422445746668
11.011011011011021            0.00015997183847398655
11.411411411411422            0.00018000542209917187
11.811811811811822            0.00020180812221715747
12.212212212212222            0.00022543623562612452
12.612612612612622            0.00025093616190887406
13.013013013013023            0.0002783434988687528
13.413413413413423            0.00030768233625745085
13.813813813813823            0.00033896477923235386
14.214214214214223            0.0003721907273186711
14.614614614614624            0.00040734792765811196
15.015015015015024            0.000444412313243804
15.415415415415424            0.00048334862798761767
15.815815815815824            0.0005241113312199862
16.216216216216225            0.0005666457650054101
16.616616616616625            0.0006108895589107197
17.017017017017025            0.0006567742390224219
17.417417417417425            0.0007042270014736813
17.817817817817826            0.0007531726058466154
18.218218218218226            0.0008035353408085513
18.618618618618626            0.0008552410133575878
19.019019019019026            0.0009082189141033484
19.419419419419427            0.0009624037139705231
19.819819819819827            0.0010177372523326794
20.220220220220227            0.0010741701824911211
20.620620620620628            0.0011316634471422774
21.021021021021028            0.0011901895634973613
21.421421421421428            0.0012497337044749988
21.82182182182183             0.001310294568345192
22.22222222222223             0.0013718850338893176
22.62262262262263             0.0014345326011922597
23.02302302302303             0.0014982796193818764
23.42342342342343             0.0015631833019370937
23.82382382382383             0.0016293155277519826
24.22422422422423             0.0016967624223195668
24.62462462462463             0.0017656237087204125
25.02502502502503             0.001836011813257332
25.42542542542543             0.0019080507063692852
25.82582582582583             0.0019818744567383765
26.22622622622623             0.002057625476112301
26.62662662662663             0.002135452435051468
27.02702702702703             0.00221550783616462
27.427427427427432            0.002297945241779796
27.827827827827832            0.0023829161674831997
28.228228228228232            0.0024705666712956553
28.628628628628633            0.002561033689846587
29.029029029029033            0.0026544411968092625
29.429429429429433            0.002750896283824571
29.829829829829833            0.0028504852886520474
30.230230230230234            0.002953270117651618
30.630630630630634            0.003059284928138315
31.031031031031034            0.003168533348909467
31.431431431431434            0.003280986422706542
31.831831831831835            0.0033965814511865873
32.232232232232235            0.0035152219101537686
32.632632632632635            0.0036367785798116356
33.033033033033036            0.003761092001643807
33.433433433433436            0.0038879763307889397
33.833833833833836            0.004017224601601126
34.234234234234236            0.00414861536619294
34.63463463463464             0.004281920603357849
35.03503503503504             0.00441691473098477
35.43543543543544             0.00455338449182559
35.83583583583584             0.004691139423327127
36.23623623623624             0.004830022570266701
36.63663663663664             0.004969921057055697
37.03703703703704             0.005110776107412149
37.43743743743744             0.005252592084815979
37.83783783783784             0.00539544412934238
38.23823823823824             0.005539483986045252
38.63863863863864             0.00568494365722499
39.03903903903904             0.005832136565090618
39.43943943943947             0.005981455981182131
39.83983983983987             0.006133370562401762
40.24024024024027             0.006288416927913807
40.64064064064067             0.006447189313265938
41.04104104104107             0.006610326444201865
41.44144144144147             0.006778495878840886
41.84184184184187             0.00695237616914972
42.24224224224227             0.007132637286926921
42.64264264264267             0.007319919842072993
43.04304304304307             0.007514813688303412
43.44344344344347             0.00771783656075333
43.84384384384387             0.007929413418815822
44.24424424424427             0.008149857174462226
44.64464464464467             0.008379351470406325
45.04504504504507             0.008617936133810416
45.44544544544547             0.008865495870635039
45.84584584584587             0.009121752684854727
46.24624624624627             0.009386262407997592
46.64664664664667             0.009658415610881252
47.04704704704707             0.00993744304463132
47.44744744744747             0.010222425626123757
47.84784784784787             0.010512308848207861
48.248248248248274            0.010805921361874032
48.648648648648674            0.011101997350311657
49.049049049049074            0.011399202197723366
49.449449449449475            0.011696160852619774
49.849849849849875            0.011991488199399943
50.250250250250275            0.012283820685988026
50.650650650650675            0.012571848411083383
51.051051051051076            0.012854346853354166
51.451451451451476            0.013130207427014769
51.851851851851876            0.013398466073234545
52.252252252252276            0.013658329143528639
52.65265265265268             0.013909195897800026
53.05305305305308             0.014150677023569522
53.45345345345348             0.014382608681219853
53.85385385385388             0.014605061689538098
54.25425425425428             0.014818345583027559
54.65465465465468             0.01502300739389516
55.05505505505508             0.015219825133908953
55.45545545545548             0.015409796071277156
55.85585585585588             0.01559412001244327
56.25625625625628             0.01577417790571577
56.65665665665665             0.015951506180876155
57.05705705705708             0.016127767324700077
57.45745745745745             0.016304717265487597
57.85785785785788             0.016484170199452895
58.25825825825825             0.01666796153775863
58.65865865865868             0.016857909685013113
59.05905905905905             0.017055777378337793
59.45945945945948             0.017263233321031333
59.85985985985985             0.017481814836897813
60.26026026026028             0.017712892251078527
60.66066066066065             0.017957635671373304
61.06106106106108             0.018216984801260605
61.461461461461454            0.018491622362840566
61.86186186186188             0.0187819516454938
62.262262262262254            0.019088078624975247
62.66266266266268             0.01940979901883298
63.063063063063055            0.01974659055842866
63.46346346346348             0.020097610666553543
63.863863863863855            0.020461699633918883
64.26426426426428             0.020837389289064742
64.66466466466466             0.021222917056032763
65.06506506506508             0.02161624519420063
65.46546546546546             0.022015084916810614
65.86586586586589             0.022416924990873145
66.26626626626626             0.022819064333254067
66.66666666666669             0.02321864803784016
67.06706706706706             0.02361270619860726
67.46746746746749             0.023998194834985574
67.86786786786786             0.02437203818069851
68.26826826826829             0.024731171566615813
68.66866866866866             0.025072584113146397
69.06906906906909             0.025393360449040697
69.46946946946946             0.025690720691511605
69.86986986986989             0.025962057957289134
70.27027027027026             0.026204972725129352
70.67067067067069             0.02641730343655431
71.07107107107106             0.026597152801921254
71.47147147147149             0.02674290937165973
71.87187187187186             0.026853264035643767
72.27227227227229             0.026927221224842236
72.67267267267266             0.02696410470598255
73.07307307307309             0.02696355797912891
73.47347347347352             0.026925539406803985
73.87387387387389             0.026850312318496508
74.27427427427432             0.02673843044300573
74.67467467467469             0.0265907191200993
75.07507507507512             0.026408252829602488
75.47547547547549             0.02619232964779121
75.87587587587592             0.025944443295708507
76.27627627627629             0.02566625348012418
76.67667667667672             0.025359555244221774
77.07707707707709             0.025026248041271886
77.47747747747752             0.02466830522073187
77.87787787787789             0.024287744573303172
78.27827827827832             0.023886600521035885
78.6786786786787              0.023466898462817347
79.07907907907912             0.023030631697285305
79.4794794794795              0.022579741247626982
79.87987987987992             0.022116098809445567
80.2802802802803              0.021641492937705717
80.68068068068072             0.021157618485526136
81.0810810810811              0.020666069209992227
81.48148148148152             0.020168333371613726
81.8818818818819              0.019665792077530195
82.28228228228232             0.01915972005644864
82.6826826826827              0.018651288507297144
83.08308308308312             0.018141569634635146
83.4834834834835              0.017631542472151783
83.88388388388393             0.017122099600481583
84.2842842842843              0.016614054385747333
84.68468468468473             0.01610814839870729
85.0850850850851              0.015605058718652007
85.48548548548553             0.015105404878373958
85.8858858858859              0.014609755263542015
86.28628628628633             0.014118632838497819
86.6866866866867              0.013632520127846862
87.08708708708713             0.013151863436473264
87.4874874874875              0.012677076337430858
87.88788788788793             0.012208542495691595
88.2882882882883              0.011746617924712679
88.68868868868873             0.011291632791540428
89.0890890890891              0.010843892894671345
89.48948948948953             0.010403680937646903
89.8898898898899              0.009971257711421384
90.29029029029033             0.009546863281346645
90.6906906906907              0.009130718251939698
91.09109109109113             0.008723025156371446
91.4914914914915              0.008323969989862906
91.89189189189193             0.007933723878839059
92.2922922922923              0.007552444852576619
92.69269269269273             0.0071802796627092194
93.0930930930931              0.006817365579544677
93.49349349349353             0.006463832083522549
93.8938938938939              0.006119802365744267
94.29429429429433             0.005785394553369541
94.6946946946947              0.005460722583469728
95.09509509509513             0.005145896661985506
95.4954954954955              0.004841023261831295
95.89589589589593             0.004546204634773018
96.2962962962963              0.004261537834230572
96.69669669669673             0.003987113269299207
97.0970970970971              0.003723012832772623
97.49749749749753             0.0034693076665850793
97.8978978978979              0.00322605564584246
98.29829829829833             0.0029932986766339396
98.6986986986987              0.0027710599125073776
99.09909909909913             0.002559340999480707
99.4994994994995              0.002358119459648535
99.89989989989994             0.002167346318948789
100.30030030030031            0.001986944075839393
100.70070070070074            0.0018168050950307898
101.10110110110111            0.001656790494725427
101.50150150150154            0.0015067295778212286
101.90190190190191            0.00136641983810789
102.30230230230234            0.0012356275524952802
102.70270270270271            0.0011140889506170608
103.10310310310314            0.0010015119345328255
103.50350350350351            0.0008975783044047649
103.90390390390394            0.0008019464315149337
104.30430430430431            0.0007142543082540138
104.70470470470474            0.0006341228960316614
105.10510510510511            0.0005611596865725435
105.50550550550554            0.0004949623897594666
105.90590590590591            0.000435122661931045
106.30630630630634            0.0003812297920802756
106.70670670670671            0.0003328742693898937
107.10710710710714            0.00028965116356290246
107.50750750750751            0.0002511632590039833
107.90790790790794            0.00021702389459704794
108.30830830830831            0.0001868594721279056
108.70870870870874            0.00016031160786064298
109.10910910910911            0.00013703891297578316
109.50950950950954            0.00011671839915189996
109.90990990990991            9.90465152201032e-05
110.31031031031034            8.373982930871762e-05
110.71071071071071            7.053537806247201e-05
111.11111111111114            5.919071027261933e-05
111.51151151151151            4.9483656564044764e-05
111.91191191191194            4.121185968133114e-05
112.31231231231232            3.4192101477273776e-05
112.71271271271274            2.82594630522732e-05
113.11311311311312            2.3266353769590635e-05
113.51351351351354            1.908144324642431e-05
113.91391391391392            1.55885280713504e-05
114.31431431431434            1.2685362102875384e-05
114.71471471471472            1.0282475933771991e-05
115.11511511511515            8.302007621179822e-06
115.51551551551552            6.676563226294461e-06
115.91591591591595            5.348122202894136e-06
116.31631631631632            4.266999322656614e-06
116.71671671671675            3.3908717066066294e-06
117.11711711711712            2.683876704140283e-06
117.51751751751755            2.1157838616416193e-06
117.91791791791792            1.6612420714730627e-06
118.31831831831835            1.299101193050511e-06
118.71871871871872            1.0118059818551132e-06
119.11911911911915            7.848590303347355e-07
119.51951951951952            6.063485899276099e-07
119.91991991991995            4.665365740036297e-07
120.32032032032032            3.5750170262221817e-07
120.72072072072075            2.7283260592769353e-07
121.12112112112112            2.0736571863002566e-07
121.52152152152155            1.5696294003555526e-07
121.92192192192192            1.183242718924095e-07
122.32232232232235            8.88309525667579e-08
122.72272272272272            6.641495705055509e-08
123.12312312312315            4.9451108003399936e-08
123.52352352352352            3.666842707348682e-08
123.92392392392395            2.7077735170147208e-08
124.32432432432432            1.9912875343890166e-08
124.72472472472475            1.458327540011001e-08
125.12512512512512            1.0635884635025747e-08
125.52552552552555            7.724807420088848e-09
125.92592592592592            5.5872146574415075e-09
126.32632632632635            4.024342514779502e-09
126.72672672672672            2.88658738701979e-09
127.12712712712715            2.0618784473335806e-09
127.52752752752752            1.4666565930371281e-09
127.92792792792795            1.0389134543214893e-09
128.32832832832833            7.328488991956761e-10
128.72872872872875            5.147925977839851e-10
129.12912912912913            3.6010706094136917e-10
129.52952952952955            2.508483400145844e-10
129.92992992992993            1.7400827065256682e-10
130.33033033033036            1.2020055703582252e-10
130.73073073073073            8.268370195465747e-11
131.13113113113116            5.6638161538747065e-11
131.53153153153153            3.863431251167447e-11
131.93193193193196            2.6242854951024715e-11
132.33233233233233            1.7750962543754032e-11
132.73273273273276            1.1956519997018293e-11
133.13313313313313            8.01971436667392e-12
133.53353353353356            5.3565285015379355e-12
133.93393393393393            3.562686275044524e-12
134.33433433433436            2.3596122465712915e-12
134.73473473473473            1.556223223075743e-12
135.13513513513516            1.0220464870772274e-12
135.53553553553553            6.683997224749423e-13
135.93593593593596            4.352793824982816e-13
136.33633633633633            2.82270540093191e-13
136.73673673673676            1.822753973999257e-13
137.13713713713713            1.172074017816866e-13
137.53753753753756            7.504918393952042e-14
137.93793793793793            4.785202776306932e-14
138.33833833833836            3.038209097091407e-14
138.73873873873873            1.9208676388752743e-14
139.13913913913916            1.2093144137278153e-14
139.53953953953953            7.581280882333655e-15
139.93993993993996            4.732679453543049e-15
140.34034034034033            2.9419299718647375e-15
140.74074074074076            1.8210334160069866e-15
141.14114114114113            1.122440852611849e-15
141.54154154154156            6.889197181659774e-16
141.941941941942              4.2104936243748324e-16
142.34234234234236            2.562455440836349e-16
142.7427427427428             1.5528811271699357e-16
143.14314314314316            9.370836646543761e-17
143.5435435435436             5.630882737840488e-17
143.94394394394396            3.3692424611603513e-17
144.3443443443444             2.0074531959480688e-17
144.74474474474476            1.191010794304456e-17
145.1451451451452             7.03627503096806e-18
145.54554554554556            4.1392961378284635e-18
145.945945945946              2.424747517775587e-18
146.34634634634637            1.4143687137351617e-18
146.7467467467468             8.215133356468534e-19
147.14714714714717            4.751406936473641e-19
147.5475475475476             2.736435719644236e-19
147.94794794794797            1.569290969305497e-19
148.3483483483484             8.961417182902546e-20
148.74874874874877            5.0957100817810587e-20
149.1491491491492             2.8852757643134686e-20
149.54954954954957            1.6267632675258562e-20
149.94994994995               9.133045408779527e-21
150.35035035035037            5.105766251946102e-21
150.7507507507508             2.8422358885109566e-21
151.15115115115117            1.5754804567776139e-21
151.5515515515516             8.695998754312916e-22
151.95195195195197            4.779465217376877e-22
152.3523523523524             2.615726755658357e-22
152.75275275275277            1.4254714575368703e-22
153.1531531531532             7.735308008900306e-23
153.55355355355357            4.1797421223702445e-23
153.953953953954              2.2489200453966807e-23
154.35435435435437            1.2049001472416079e-23
154.7547547547548             6.42806826934363e-24
155.15515515515517            3.414775482552643e-24
155.5555555555556             1.8063252487555176e-24
155.95595595595597            9.514407540714591e-25
156.3563563563564             4.990216936765197e-25
156.75675675675677            2.6062067253667716e-25
157.1571571571572             1.3553452555140016e-25
157.55755755755757            7.0184716221822e-26
157.957957957958              3.618983268254857e-26
158.35835835835837            1.8581548865966964e-26
158.7587587587588             9.500106005439353e-27
159.15915915915917            4.836443172598463e-27
159.5595595595596             2.4517417530875535e-27
159.95995995995997            1.2375827648243188e-27
160.3603603603604             6.220489751868017e-28
160.76076076076077            3.1133332196976113e-28
161.1611611611612             1.551590950221477e-28
161.56156156156158            7.699798897717381e-29
161.961961961962              3.804801008306322e-29
162.36236236236238            1.8721250083648063e-29
162.7627627627628             9.172505574748425e-30
163.16316316316318            4.4749818710154694e-30
163.5635635635636             2.173925451465876e-30
163.96396396396398            1.051593761946677e-30
164.3643643643644             5.06525437214843e-31
164.76476476476478            2.429429734845523e-31
165.1651651651652             1.160264940043354e-31
165.56556556556558            5.517720039978127e-32
165.965965965966              2.6128335353426187e-32
166.36636636636638            1.2320074494890787e-32
166.7667667667668             5.784480526272825e-33
167.16716716716718            2.704361572309316e-33
167.5675675675676             1.2589672700315426e-33
167.96796796796798            5.8359739169433114e-34
168.3683683683684             2.693775465548748e-34
168.76876876876878            1.2381079801393197e-34
169.1691691691692             5.666366519339002e-35
169.56956956956958            2.5822586749298593e-35
169.96996996997               1.1717735840757279e-35
170.37037037037038            5.294640427103066e-36
170.7707707707708             2.3821987066387152e-36
171.17117117117118            1.0672549521108793e-36
171.5715715715716             4.761096570621008e-37
171.97197197197198            2.1149220136213787e-37
172.3723723723724             9.354707628817374e-38
172.77277277277278            4.1201640896831237e-38
173.1731731731732             1.8069543441553684e-38
173.57357357357358            7.890929442075805e-39
173.973973973974              3.431289773108176e-39
174.37437437437438            1.4857126769135902e-39
174.7747747747748             6.405608657252935e-40
175.17517517517518            2.7500086495071447e-40
175.5755755755756             1.1755896270134033e-40
175.97597597597598            5.004093365390334e-41
176.3763763763764             2.1210112965826586e-41
176.77677677677679            8.951759878038865e-42
177.1771771771772             3.7620250124074156e-42
177.57757757757759            1.5742825903909313e-42
177.97797797797801            6.559812323368529e-43
178.3783783783784             2.7217472473205774e-43
178.77877877877881            1.1244801050403903e-43
179.1791791791792             4.625975361386466e-44
179.57957957957962            1.8949700951181851e-44
179.97997997998               7.729454822463672e-45
180.38038038038042            3.139371955286002e-45
180.7807807807808             1.2696500856937665e-45
181.18118118118122            5.112962786767894e-46
181.5815815815816             2.050257853371892e-46
181.98198198198202            8.186373528976065e-47
182.3823823823824             3.2547812404768032e-47
182.78278278278282            1.28854378632577e-47
183.1831831831832             5.07953131983824e-48
183.58358358358362            1.9938622199335793e-48
183.983983983984              7.793160898647072e-49
184.38438438438442            3.0330466818510763e-49
184.7847847847848             1.1754156177255924e-49
185.18518518518522            4.535766480553918e-50
185.5855855855856             1.7428368894970289e-50
185.98598598598602            6.66821486105158e-51
186.3863863863864             2.54044133295026e-51
186.78678678678682            9.63730177293123e-52
187.1871871871872             3.640394164004832e-52
187.58758758758762            1.3692665032074416e-52
187.987987987988              5.12830849718788e-53
188.38838838838842            1.912523791463525e-53
188.7887887887888             7.102088126969913e-54
189.18918918918922            2.626102882054695e-54
189.5895895895896             9.669050906968019e-55
189.98998998999002            3.5448866356951335e-55
190.3903903903904             1.2940981388711292e-55
190.79079079079082            4.704120031341439e-56
191.1911911911912             1.70269108261986e-56
191.59159159159162            6.136766193620523e-57
191.991991991992              2.202366065560116e-57
192.39239239239242            7.870197210898203e-58
192.7927927927928             2.800450286974759e-58
193.19319319319322            9.922388565945759e-59
193.5935935935936             3.500665941165346e-59
193.99399399399402            1.2297905488833066e-59
194.3943943943944             4.301873572603344e-60
194.79479479479483            1.4984080983085747e-60
195.1951951951952             5.196949839072965e-61
195.59559559559563            1.7947867354319696e-61
195.995995995996              6.171959367732263e-62
196.39639639639643            2.1133874057034517e-62
196.7967967967968             7.205779864001909e-63
197.19719719719723            2.44640667789612e-63
197.5975975975976             8.270315438578471e-64
197.99799799799803            2.7839486637661197e-64
198.3983983983984             9.331384150304302e-65
198.79879879879883            3.1144157218589215e-65
199.1991991991992             1.035029520846729e-65
199.59959959959963            3.4251098210461774e-66
200.0                         1.1286046813801258e-66
