@    title "Magnitude of Electric Field"
@    xaxis  label "Residues"
@    yaxis  label "MV/cm"
#time  EField_Magnitude
@type xydy
21        3.234408183240e-01            3.574616528819e-02            
22        2.471839331023e+00            2.340449460412e-02            
23        4.579294918379e+00            5.048060981572e-02            
24        1.115265926416e-01            7.530304379059e-03            
25        4.442239825210e-02            1.223605850761e-02            
26        6.866423627681e-02            7.497455939419e-03            
27        1.058600635885e-01            1.128862657891e-02            
28        1.738894698426e-01            1.417391337968e-02            
29        1.172262129155e-01            9.724762455841e-03            
30        4.173004255478e-02            1.338004587723e-02            
31        3.423440731619e-01            1.639590692213e-02            
32        1.393792140647e-01            1.268244418116e-02            
33        2.103461436509e-02            9.402475876671e-03            
34        1.601875297862e-01            4.138914948514e-02            
35        1.111968253837e-01            2.086827497456e-02            
36        5.370965255006e-02            1.218506567885e-02            
37        2.839748754743e-01            8.231662914012e-02            
38        5.220288947842e-01            1.945773165997e-02            
39        2.556248363491e-01            2.420598202209e-02            
40        2.783806459997e-01            9.735253912166e-03            
41        5.166416640409e-01            1.545512511912e-02            
42        3.229609097333e-01            5.568100310924e-02            
43        4.233007996935e-01            2.040713335876e-02            
44        4.784609212461e-01            1.750758921121e-02            
45        5.074127679005e-01            1.235985608020e-02            
46        3.716972447441e+00            2.340384922734e-01            
47        4.431562588639e-01            3.442048549275e-02            
48        1.231892674323e-01            3.159640315045e-02            
49        3.069219991654e+00            1.260490659324e-01            
50        3.956687821421e-01            1.070898886625e-02            
51        7.108288183553e-01            1.894766219662e-02            
52        1.931498250210e+00            2.193704114266e-01            
53        8.643545717068e-01            2.491769659095e-02            
54        9.624073076125e-01            2.429517564920e-02            
55        3.350879578742e+00            2.222285304869e-01            
56        1.740823893060e+00            1.101201292396e-01            
57        1.213703900638e+00            7.563357244898e-02            
58        1.170045842204e+00            6.795958532743e-02            
59        2.436106179409e+00            2.519119812735e-01            
60        3.283057089771e+00            2.179957585541e-01            
61        4.811674661341e-01            8.608296280819e-02            
62        1.393425602038e+00            1.388083077655e-01            
63        3.077773943123e+00            3.091169140668e-01            
64        1.123618051212e+01            6.904191153308e-01            
65        3.665073069970e+01            3.245725938703e+00            
66        9.201070032918e+01            1.558940944624e+01            
67        7.017999975754e+00            2.703708643934e+00            
68        2.994604386412e+00            1.174100156648e+00            
69        1.967688313804e+00            3.443475724616e-01            
70        7.085333117621e+00            5.747451564189e-01            
71        1.439669845338e+00            1.273162900941e-01            
72        1.522764511767e+00            4.036886687009e-01            
73        5.597391656247e-01            3.127153066365e-02            
74        1.470702001191e+00            1.246010182621e-01            
75        5.488228311465e-01            1.106109791901e-02            
76        9.316129903370e-01            1.796195663816e-02            
77        4.716468025322e+00            2.782226224010e-01            
78        6.359998969288e-01            1.846036834401e-02            
79        4.986473569934e-01            2.498368873515e-02            
80        7.965272540584e-01            6.290151225316e-02            
81        7.016783710199e-01            3.304692814791e-02            
82        4.124970994567e-01            3.093524522818e-02            
83        2.905849696537e-01            4.262807362886e-02            
84        3.660663260615e-01            5.040988073315e-02            
85        3.115066910582e-01            3.757577385816e-02            
86        3.575509260229e-02            1.568703484764e-02            
87        3.040172115983e-01            3.639628457918e-02            
88        3.396484187388e-01            4.011049340821e-02            
89        1.348589394666e-01            2.963493429876e-02            
90        6.210672708098e-02            2.136548687130e-02            
91        4.621450350110e-01            2.866193041315e-02            
92        4.541404403297e-01            2.949162308019e-02            
93        6.606130178916e-02            1.547950648645e-02            
94        2.894000297583e-01            1.474018209754e-02            
95        5.000865199558e-01            2.210203514263e-02            
96        5.416229499546e-01            3.214853822120e-02            
97        5.377036184053e+00            8.430403876610e-02            
98        3.258683940192e-01            1.105844203906e-02            
99        3.256853436816e-01            1.032023375909e-02            
100       1.727591510764e-01            7.340199075243e-03            
101       3.181621599814e-02            1.288732519834e-02            
102       1.989788816811e-01            5.128863952798e-03            
103       1.042462731310e-01            4.028602224986e-02            
104       1.358211772055e-01            6.949796997480e-03            
105       8.664385781325e-02            4.781533776365e-03            
106       2.025321496731e-01            2.405674046401e-02            
107       1.652867300692e-01            5.655754592624e-03            
108       9.124370285827e-02            4.606185285182e-03            
109       9.196931391261e-02            1.199526964747e-02            
110       2.173795512457e-01            2.610208627528e-02            
111       7.946041513667e-02            5.520702213743e-03            
112       2.360035574464e-02            4.202789277705e-03            
113       1.856986036230e+00            9.456072896531e-03            
1         7.274823144058e+00            2.905074093978e-01            
2         1.797578723931e+01            6.994614725443e-01            
3         4.934858111838e+01            3.569905216126e+00            
