@    title "Magnitude of Electric Field"
@    xaxis  label "Residues"
@    yaxis  label "MV/cm"
#time     EField_per_residue            Std.Deviation         EField_residue_alignement   Std.Deviation
@type xydy
1         4.771760520311e+00            6.529837356219e-01            0.067348            0.066234                      
2         1.463908503124e+00            5.752463069416e-01            0.020867            0.021925                      
3         2.120841011720e+00            7.599367432679e-01            0.030646            0.032311                      
4         2.482362210875e+00            8.618249524332e-01            0.035546            0.038634                      
5         6.729709329249e+00            1.129840687373e+00            0.096587            0.095147                      
6         2.021913032284e+00            7.473713488829e-01            0.029328            0.032063                      
7         4.584642117190e+00            2.453019795404e+00            0.066754            0.089299                      
8         1.071784672748e+01            2.421805132322e+00            0.160242            0.170960                      
9         1.316230040313e+00            3.981349021964e-01            0.019003            0.020142                      
10        1.104696885697e+01            2.431294974109e+00            0.164089            0.159224                      
11        5.054038668667e+01            1.766758441421e+01            0.730964            0.787052                      
12        2.076799712748e+00            6.620974082503e-01            0.030858            0.032080                      
13        3.768575327996e-01            1.200883950638e-01            0.005969            0.005684                      
14        9.181682572752e+00            2.399064137143e+00            0.128228            0.133357                      
15        3.315683310458e-01            8.181553148843e-02            0.005137            0.004640                      
16        2.992304947966e+00            3.699985876701e-01            0.045458            0.043196                      
17        3.081226336880e-01            7.066769618019e-02            0.004659            0.004541                      
18        4.425157376295e-01            2.624286996246e-01            0.006333            0.007892                      
19        3.399346600692e+00            4.263347805641e-01            0.046148            0.047586                      
20        7.702470853372e+00            1.635182281946e+00            0.102616            0.112304                      
21        2.390278411457e-01            1.990379817686e-01            0.003267            0.005361                      
22        5.236764472067e+00            1.174061321907e+00            0.072856            0.078795                      
23        4.021943090346e-01            1.144352217735e-01            0.005598            0.006095                      
24        4.736847198954e-01            2.364405083638e-01            0.006640            0.007721                      
25        7.063140901158e-01            2.622373679347e-01            0.009737            0.010074                      
26        1.566325371638e+00            7.600080271871e-01            0.023434            0.025982                      
27        2.367734122452e+00            7.400673907197e-01            0.037072            0.036939                      
28        1.342012928990e+00            4.079736200263e-01            0.020821            0.020389                      
29        1.324866362766e+01            7.547995643129e+00            0.213448            0.249687                      
30        1.334188417397e+01            7.773084825595e+00            0.182052            0.219179                      
31        8.146194017327e+00            3.625202327889e+00            0.118957            0.130537                      
32        2.367708389744e+00            1.616354891144e+00            0.032605            0.041105                      
33        7.930124607749e-01            2.670162006238e-01            0.010938            0.011350                      
34        3.714107630064e-01            1.407419658331e-01            0.005161            0.005567                      
35        5.977730982854e+00            1.918430501172e+00            0.084081            0.091973                      
36        2.498032313317e-01            6.986965217610e-02            0.003577            0.003607                      
37        1.238273033725e-01            3.057812444659e-02            0.001863            0.001823                      
38        2.324111125201e-01            5.686490934164e-02            0.003537            0.003491                      
39        2.354560233486e-01            4.367821441256e-02            0.003579            0.003335                      
40        2.750828028501e-01            7.288640827728e-02            0.004441            0.004326                      
41        2.222227554010e-01            4.730064222053e-02            0.003368            0.003207                      
42        3.480210769324e-01            7.839302897081e-02            0.005271            0.004980                      
43        2.545042292823e+00            2.594046978726e-01            0.038100            0.035930                      
44        2.341955968901e-01            6.403852212380e-02            0.003246            0.003318                      
45        5.026160969258e+00            1.017527466714e+00            0.072261            0.068040                      
46        3.270695445306e-01            8.620537861813e-02            0.004675            0.004636                      
47        3.268595067730e+00            3.492541807660e-01            0.051955            0.046534                      
48        3.715173927816e+00            8.030172591354e-01            0.054116            0.049993                      
49        4.029118805115e-01            1.122637205694e-01            0.005636            0.005770                      
50        3.004880337793e-01            6.542450289665e-02            0.004185            0.004169                      
51        1.953078436676e-01            5.051037108592e-02            0.002907            0.002827                      
52        3.506632527756e+00            3.302293067599e-01            0.058257            0.052274                      
53        1.627794761059e-01            5.094498808739e-02            0.002407            0.002467                      
54        2.125479997287e-01            3.876833263854e-02            0.003036            0.002852                      
55        1.987114693018e-01            5.912633396566e-02            0.002853            0.002751                      
56        2.579497709656e-01            4.563557283786e-02            0.003628            0.003592                      
57        1.364465403109e-01            3.331864246963e-02            0.002053            0.001992                      
58        2.307127908187e-01            7.726612241710e-02            0.003752            0.003949                      
59        7.659532664598e-01            1.623873648844e-01            0.012743            0.012207                      
60        3.693575033167e+00            7.146533670537e-01            0.058842            0.056896                      
61        4.846574673889e+00            5.717864413905e-01            0.078265            0.075128                      
62        5.265046324964e+00            6.560797675622e-01            0.086682            0.079877                      
63        2.314109581340e+00            6.848707201987e-01            0.036800            0.038324                      
64        9.067894178912e+00            1.627444626447e+00            0.141030            0.142236                      
65        4.753240920251e+00            7.040971187672e-01            0.077014            0.072719                      
66        3.386533435743e+00            1.404312902224e+00            0.046954            0.050716                      
67        8.084249980653e+00            5.143964352204e+00            0.118570            0.147786                      
68        3.039832724734e+00            1.121431291057e+00            0.044123            0.049681                      
69        2.790298287584e+00            1.142239289323e+00            0.043901            0.050334                      
70        4.005138128350e+01            1.449374651103e+01            0.581194            0.593126                      
71        4.752193793734e+00            2.573041581258e+00            0.076442            0.101147                      
72        8.664575309749e+00            1.594199590512e+00            0.117716            0.126332                      
73        2.778295002044e+00            1.015475188195e+00            0.038317            0.043664                      
74        3.012965344247e+00            1.225901474730e+00            0.041398            0.051771                      
75        1.428318370448e+00            5.374285394491e-01            0.019519            0.024396                      
76        7.629544137212e+00            1.712050325081e+00            0.107013            0.109930                      
77        1.224180352661e+00            3.204966142295e-01            0.017744            0.018826                      
78        8.684953293490e-01            2.207809814029e-01            0.012549            0.013597                      
79        4.788995690218e-01            1.038813639207e-01            0.006830            0.007231                      
80        6.771782624613e+00            1.137682441094e+00            0.099848            0.095765                      
81        5.450735936351e-01            1.231861751311e-01            0.008263            0.008018                      
82        1.343864952634e-01            2.130675153518e-02            0.001921            0.001894                      
83        2.798737350580e+00            3.600726055823e-01            0.045890            0.041732                      
84        2.452366572178e-01            4.754918635271e-02            0.003540            0.003482                      
85        2.771399255011e+00            3.387208886518e-01            0.041715            0.041044                      
86        1.256625510826e-01            2.744362851316e-02            0.001773            0.001882                      
87        1.974166121658e-01            3.749991569408e-02            0.002997            0.002944                      
88        3.362006210149e-01            1.056891001048e-01            0.004906            0.005037                      
89        3.110102674453e+00            4.415516367051e-01            0.046120            0.046561                      
90        1.862000938325e-01            5.350697234441e-02            0.002919            0.003053                      
91        1.242010291637e-01            2.833013256818e-02            0.002009            0.001944                      
92        3.413420566018e+00            3.810938205530e-01            0.053366            0.050235                      
93        4.529720731737e-01            1.006301351627e-01            0.006948            0.007150                      
94        5.581412277902e-01            1.188816242683e-01            0.008711            0.008623                      
95        2.357196305869e+00            1.844873340440e-01            0.037442            0.034040                      
96        3.386503296783e+00            5.383018377359e-01            0.049169            0.050968                      
97        1.504044956437e+00            4.732495664607e-01            0.024205            0.024139                      
98        1.240564586486e+00            3.151480005235e-01            0.020994            0.018748                      
99        1.332820439677e+00            3.152690442342e-01            0.023101            0.020374                      
100       3.826029664675e+00            1.336266828380e+00            0.065627            0.061318                      
101       9.588783915913e+00            4.080366777090e+00            0.163047            0.165902                      
102       1.720912605009e+00            5.656599725585e-01            0.024509            0.028246                      
103       2.756441873842e+00            8.434882368962e-01            0.036781            0.042444                      
104       1.202629299220e+01            6.861907005732e+00            0.177685            0.214493                      
105       1.650771091278e+01            1.042766268629e+01            0.253334            0.307769                      
106       2.142011508582e+00            6.764853509669e-01            0.036828            0.034825                      
107       2.093540061233e+00            7.477354653892e-01            0.033140            0.034014                      
108       7.823889804074e+00            1.431659046926e+00            0.117484            0.113616                      
109       7.610118649723e-01            3.883193746444e-01            0.011329            0.013031                      
110       8.460336370492e-01            2.299309934750e-01            0.013030            0.012920                      
111       7.081047382997e-01            1.578720121711e-01            0.011318            0.010608                      
112       3.759082784755e-01            7.263112232629e-02            0.005822            0.005522                      
113       3.804499496905e-01            7.227990650397e-02            0.006095            0.005643                      
114       1.945525361697e-01            6.141999355979e-02            0.003046            0.003106                      
115       1.464833706505e-01            5.035364983989e-02            0.002109            0.002318                      
116       2.131068730556e-01            6.247279120811e-02            0.003026            0.003184                      
117       1.900583358653e-01            4.874612375538e-02            0.002665            0.003294                      
118       1.729146976978e-01            3.094760816785e-02            0.002517            0.002537                      
119       1.823551869153e+00            1.498415615820e-01            0.030836            0.027157                      
120       1.731884784434e-01            3.822415244303e-02            0.002766            0.002673                      
121       1.758605527810e-01            2.894552943831e-02            0.002855            0.002640                      
122       1.570797067186e-01            7.050154175674e-02            0.002476            0.002782                      
123       1.283630142058e-01            6.707387877659e-02            0.002020            0.002338                      
124       2.077675653631e+00            2.613385972846e-01            0.033976            0.030500                      
125       1.528280914269e+00            1.162682307019e-01            0.025874            0.022501                      
126       2.581892876589e-01            3.841561205913e-02            0.004386            0.003891                      
127       2.248692036708e+00            2.593150359528e-01            0.036736            0.032990                      
128       1.705893346760e+00            1.380139080220e-01            0.028741            0.025187                      
129       1.708081576873e-01            3.244815851540e-02            0.002529            0.002572                      
130       1.954591913787e-01            4.147697475100e-02            0.002945            0.003048                      
131       1.508608736132e-01            3.313798437250e-02            0.002131            0.002258                      
132       2.548772797830e-01            5.270573887792e-02            0.003500            0.003663                      
133       2.766278591191e-01            7.762906536467e-02            0.003844            0.004183                      
134       1.848182810429e-01            5.247367480519e-02            0.002490            0.002829                      
135       2.634994523767e+00            5.104710818148e-01            0.042624            0.040976                      
136       4.302396027549e-01            1.761351409547e-01            0.006156            0.007066                      
137       7.640984240516e+00            2.589615685627e+00            0.105018            0.116655                      
138       1.363584232569e+00            6.790672345196e-01            0.019993            0.021564                      
139       3.659325786568e-01            1.143400093191e-01            0.005502            0.005636                      
140       4.675006694050e-01            2.250955602838e-01            0.006745            0.007763                      
141       9.558782595160e-01            5.429543394662e-01            0.014151            0.018567                      
142       1.038601177792e+00            3.526178899923e-01            0.014860            0.016090                      
143       3.524130564035e-01            9.025159537333e-02            0.005561            0.005221                      
144       6.024445016684e-01            2.188144670524e-01            0.008558            0.009658                      
145       2.891351873180e+01            9.422349982619e+00            0.426899            0.451609                      
146       4.534764760108e-01            1.095230529081e-01            0.006297            0.006729                      
147       3.373902149926e+00            4.485485734061e-01            0.050024            0.047323                      
148       7.649195503302e+00            1.356808456857e+00            0.111841            0.107159                      
149       6.669987528856e-01            1.703464621830e-01            0.009833            0.009911                      
150       3.458207850445e-01            7.472498326465e-02            0.004874            0.005266                      
151       3.748099505435e-01            1.159524878691e-01            0.005588            0.005591                      
152       4.574616024148e-01            1.129943948067e-01            0.007385            0.006874                      
153       2.967271220677e-01            6.451518337484e-02            0.004593            0.004308                      
154       2.480937779042e+00            2.391763207211e-01            0.039643            0.035646                      
155       1.068532818194e-01            4.572182383363e-02            0.001569            0.001703                      
156       2.041029984996e-01            3.668659458298e-02            0.003257            0.003045                      
157       2.736595200052e-01            6.816132487485e-02            0.004323            0.004168                      
158       4.316608137658e-01            1.049104397031e-01            0.006307            0.006255                      
159       2.461443730257e+00            2.415712736399e-01            0.036322            0.033830                      
160       2.232352980582e-01            4.358162197527e-02            0.003505            0.003427                      
161       4.703918249052e-01            2.745910225968e-01            0.006900            0.008298                      
162       2.803031479198e+00            3.881545362167e-01            0.040405            0.038496                      
163       3.224394743587e-01            1.300779474503e-01            0.004871            0.005262                      
164       2.151457685443e+00            2.386557334515e-01            0.031601            0.029314                      
