@    title "Magnitude of Electric Field"
@    xaxis  label "Residues"
@    yaxis  label "MV/cm"
#time     EField_per_residue            Std.Deviation         EField_residue_alignement   Std.Deviation
@type xydy
21        1.903156595560e+00            5.298700761607e-01            0.071617            0.050481                      
22        5.112137959407e-01            1.759489755992e-01            0.024819            0.014441                      
23        2.358553153964e+00            7.833396098122e-01            0.094225            0.069851                      
24        3.230731297088e-01            2.537173153870e-02            0.022574            0.006621                      
25        3.005323871142e-01            5.557121357155e-02            0.016254            0.007047                      
26        1.843776848336e-01            1.812277521020e-02            0.013135            0.003853                      
27        5.848351105931e-02            2.432831497350e-02            0.002456            0.002046                      
28        2.252617578415e-01            2.118515292386e-02            0.015891            0.004681                      
29        1.481040403088e-01            1.316176148446e-02            0.010429            0.003061                      
30        8.632457399550e-02            2.128551773429e-02            0.005748            0.002527                      
31        2.912537933891e-01            2.998529225386e-02            0.020187            0.006421                      
32        8.731635499671e-02            1.324202078300e-02            0.006123            0.001985                      
33        4.094344432235e-02            1.085854044258e-02            0.002742            0.001210                      
34        1.520845411022e-01            3.033326315436e-02            0.010615            0.003931                      
35        1.056989652432e-01            1.251497869154e-02            0.007452            0.002314                      
36        2.061738748757e-02            7.584216803598e-03            0.001287            0.000746                      
37        1.742603577728e-01            2.955659815166e-02            0.012193            0.004122                      
38        2.025970511423e-01            8.011818023849e-03            0.014366            0.004037                      
39        5.890776253984e-02            9.729222655993e-03            0.004078            0.001281                      
40        5.245171847695e-02            5.425916431830e-03            0.003688            0.001146                      
41        1.384803986847e-01            6.485308185131e-03            0.009838            0.002797                      
42        3.268597916754e-02            1.151745585087e-02            0.002205            0.001121                      
43        1.316691908080e-01            6.849063973211e-03            0.009290            0.002719                      
44        1.243041787750e-01            6.659888319872e-03            0.008733            0.002463                      
45        9.503385347105e-02            5.522175475908e-03            0.006724            0.001902                      
46        3.611233483051e+00            2.811780842991e-02            0.256647            0.072324                      
47        2.034555455045e-02            5.784851201851e-03            0.001395            0.000614                      
48        1.041349208447e-01            5.898862469170e-03            0.007403            0.002142                      
49        2.945870052756e+00            1.489934960417e-02            0.209266            0.058967                      
50        1.695562622628e-01            3.442451306278e-03            0.012029            0.003394                      
51        1.790443516744e-01            3.378459584653e-03            0.012732            0.003589                      
52        3.758169501214e+00            1.965945570984e-02            0.266952            0.075141                      
53        2.237294416153e-01            4.875537009838e-03            0.015912            0.004474                      
54        2.753423591684e-01            5.217544579993e-03            0.019572            0.005499                      
55        3.900475412957e-01            1.177573505969e-02            0.027745            0.007850                      
56        3.352496225681e-01            9.263343582909e-03            0.023850            0.006679                      
57        3.316565684038e-01            1.356992532574e-02            0.023600            0.006712                      
58        4.936290791058e-01            9.561814772696e-03            0.035087            0.009865                      
59        4.889263171515e-01            1.761986751611e-02            0.034797            0.009837                      
60        4.443814445746e-01            2.444552090559e-02            0.031555            0.008969                      
61        7.607971038694e-01            2.301717894321e-02            0.054311            0.015004                      
62        4.177644810008e-01            6.241475284568e-02            0.029684            0.009115                      
63        5.878478088440e-01            6.679988716545e-02            0.041769            0.012438                      
64        2.778541719373e-02            1.462889341457e-02            0.001591            0.001282                      
65        2.338012788571e-02            1.188686078778e-02            0.001470            0.001159                      
66        2.322065195332e-02            1.266816440182e-02            0.001368            0.001142                      
67        1.139133179200e-01            8.533824782972e-03            0.008062            0.002341                      
68        4.989137697991e+00            3.838981750895e-02            0.354617            0.099627                      
69        1.431359849393e-01            5.487912230070e-03            0.010179            0.002921                      
70        2.424620047442e-01            1.761989128174e-02            0.017276            0.005146                      
71        1.999196481525e-02            7.344261699298e-03            0.001273            0.000720                      
72        1.279825970108e-01            2.428461470585e-02            0.008994            0.003303                      
73        1.347232633931e-01            1.033912803470e-02            0.009538            0.002687                      
74        3.208362679370e+00            2.835932946381e-02            0.228008            0.064354                      
75        1.484694881954e-01            5.445528814749e-03            0.010543            0.002952                      
76        1.550676671610e-01            4.291732061484e-03            0.010996            0.003121                      
77        3.602831861803e+00            2.831599456977e-02            0.255967            0.072104                      
78        2.195323474764e-01            8.330416291789e-03            0.015579            0.004430                      
79        2.270286239022e-01            8.498877037937e-03            0.016108            0.004556                      
80        3.096575573684e-01            1.119272935259e-02            0.022012            0.006240                      
81        3.950276000836e-01            9.986518944381e-03            0.028038            0.007861                      
82        3.717451389711e-01            1.727719717819e-02            0.026376            0.007585                      
83        4.660669591074e-01            2.385097292624e-02            0.033142            0.009512                      
84        4.935319098500e-01            2.574941757176e-02            0.035074            0.010081                      
85        5.969525545579e-01            3.893839747412e-02            0.042546            0.012656                      
86        4.899356968298e-01            6.715176423720e-02            0.034855            0.012249                      
87        3.554116231629e-01            3.822616911698e-02            0.025254            0.008335                      
88        6.366752955118e-01            7.918029879591e-02            0.045034            0.014408                      
89        9.305432132302e-01            1.140496419015e-01            0.064842            0.022784                      
90        7.054916393867e-01            6.670437916196e-02            0.049833            0.015287                      
91        1.537356555530e-01            5.052281110367e-02            0.010062            0.005315                      
92        4.712688989935e-01            1.809996777287e-01            0.032031            0.016527                      
93        5.110054727521e-01            1.141864850051e-01            0.035529            0.013557                      
94        1.125405990965e-01            4.517018844459e-02            0.005314            0.004156                      
95        8.866891103581e-01            8.781414803476e-02            0.063178            0.019151                      
96        4.343154233874e+00            1.678879420665e+00            0.136744            0.112443                      
97        7.507361812881e+00            1.068244903840e+00            0.398936            0.192039                      
98        8.634199531051e-01            4.480842498257e-02            0.061599            0.017587                      
99        1.720404740857e+00            6.735163004077e-02            0.121995            0.035126                      
100       1.376892995741e+00            1.090748280814e-01            0.095164            0.028735                      
101       7.964881838703e-01            2.444698833704e-01            0.027135            0.019101                      
102       6.762284698263e-01            2.140230742139e-02            0.048126            0.013101                      
103       4.678489034829e-01            2.185007690704e-01            0.018273            0.016465                      
104       4.696587176424e-01            4.019478664988e-02            0.032490            0.010466                      
105       1.331392727838e-01            2.386096322915e-02            0.008168            0.003717                      
106       4.541771019361e-01            4.035264541634e-02            0.032316            0.011017                      
107       3.302895105312e-01            1.565364080808e-02            0.022840            0.006700                      
108       8.815276209950e-02            2.207169258948e-02            0.005185            0.002626                      
109       1.159753035617e-01            4.001670211178e-02            0.004748            0.002873                      
110       1.945150074458e-01            5.360962017737e-02            0.004597            0.003690                      
111       1.094525921623e-01            2.291716409992e-02            0.006635            0.002644                      
112       3.944914917402e-01            1.000703519755e-01            0.021760            0.010147                      
1         9.295490442284e-02            2.924459567162e-02            0.004933            0.002438                      
2         1.039187462513e-01            2.232960894253e-02            0.006493            0.003715                      
3         6.883715178755e-02            1.481113447472e-02            0.003113            0.002156                      
4         1.028073704282e-01            2.840757330918e-02            0.005573            0.003214                      
5         7.891179592526e-02            1.882362203550e-02            0.004652            0.002903                      
6         9.215386051218e-02            1.980602451659e-02            0.004462            0.002700                      
7         8.014059807095e-02            8.404001197640e-03            0.003679            0.001981                      
8         8.104797178067e-02            2.229057632323e-02            0.004857            0.002732                      
9         8.561238114172e-02            1.990298336720e-02            0.004386            0.002236                      
10        8.294663948614e-02            1.381510076656e-02            0.004048            0.002749                      
11        1.179903921788e-01            2.024758112509e-02            0.005576            0.003305                      
12        1.009079302438e-01            2.615957226131e-02            0.003134            0.003109                      
13        1.002291721855e-01            3.110725401693e-02            0.005216            0.003055                      
14        8.505014463879e-02            2.617132751738e-02            0.004727            0.003715                      
15        8.919012968550e-02            2.106182543152e-02            0.003409            0.002161                      
16        1.003412292364e-01            3.608574902372e-02            0.004553            0.002675                      
17        1.067489107938e-01            1.979995479184e-02            0.006526            0.002716                      
18        6.498821984603e-02            1.635304727952e-02            0.003929            0.001938                      
19        6.745390490414e-02            1.022898234950e-02            0.004147            0.001581                      
20        7.814716515853e-02            1.846802174456e-02            0.004398            0.002905                      
21        7.187856238491e-02            1.800572201889e-02            0.004198            0.002515                      
22        7.785672591545e-02            1.627595282689e-02            0.004007            0.002351                      
23        7.502323034133e-02            1.819833232596e-02            0.003533            0.002304                      
24        7.611406577026e-02            1.419847479327e-02            0.002760            0.002070                      
25        6.229528023059e-02            1.402549773617e-02            0.002872            0.002292                      
26        6.878592071952e-02            1.522534083469e-02            0.002842            0.002092                      
27        8.402104284656e-02            1.375037887161e-02            0.003777            0.002512                      
28        7.351153829324e-02            1.552067005385e-02            0.003092            0.002196                      
29        5.787480921214e-02            1.401209276989e-02            0.002225            0.001815                      
30        7.196143121225e-02            1.654880420270e-02            0.003194            0.002239                      
31        6.394650586743e-02            2.031449933980e-02            0.002564            0.002028                      
32        5.822316961887e-02            1.023618685833e-02            0.002675            0.001862                      
33        5.600203942503e-02            1.220482817392e-02            0.003113            0.002150                      
34        6.634712674162e-02            1.477592539034e-02            0.002954            0.001637                      
35        6.506449574593e-02            1.716195476867e-02            0.003120            0.002513                      
36        6.938947197513e-02            1.673033508107e-02            0.003201            0.001858                      
37        5.364322910029e-02            7.717550991501e-03            0.001934            0.001441                      
38        5.986003363158e-02            9.963919796150e-03            0.002017            0.001650                      
39        5.562417755161e-02            1.134381001616e-02            0.002582            0.001630                      
40        5.744755023601e-02            1.574859719836e-02            0.002704            0.001499                      
41        6.723619419583e-02            1.575464657094e-02            0.003558            0.002645                      
42        7.184528622273e-02            1.840256633875e-02            0.002021            0.001576                      
43        4.844805755468e-02            1.297006708817e-02            0.002305            0.001495                      
44        6.119288876122e-02            1.598100063423e-02            0.002210            0.001794                      
45        3.837704362830e-02            1.049979530641e-02            0.002343            0.001522                      
46        4.925047844106e-02            9.138862167602e-03            0.002108            0.001242                      
47        4.386638210789e-02            1.115541921805e-02            0.001962            0.001371                      
48        5.778823064692e-02            1.761938199199e-02            0.003243            0.001849                      
49        4.424051449202e-02            1.134399791027e-02            0.001567            0.001176                      
50        4.789326956841e-02            9.561483439116e-03            0.002217            0.001292                      
51        3.705488942492e-02            8.487918053850e-03            0.001961            0.001174                      
52        3.634178785808e-02            1.004753571686e-02            0.001629            0.000898                      
53        5.672769782450e-02            1.273378340804e-02            0.002731            0.001759                      
54        4.792280527950e-02            1.171897201320e-02            0.001897            0.001605                      
55        4.759436468367e-02            9.560016361553e-03            0.001568            0.001236                      
56        5.803679865875e-02            1.470895209235e-02            0.002705            0.001759                      
57        5.298164636440e-02            1.525177227044e-02            0.002509            0.001685                      
58        5.660334836837e-02            1.540101179684e-02            0.003274            0.001704                      
59        5.127687236963e-02            1.056914976611e-02            0.002301            0.001422                      
60        7.221771592612e-02            1.576720547455e-02            0.003269            0.001859                      
61        6.022291929833e-02            1.147126558869e-02            0.002609            0.001621                      
62        5.350288717892e-02            1.019159223111e-02            0.002050            0.001405                      
63        4.069128460644e-02            8.628816012686e-03            0.002197            0.001279                      
64        3.507888020202e-02            7.127031499901e-03            0.001350            0.001144                      
65        4.660392307337e-02            1.110406884415e-02            0.002156            0.001432                      
66        5.052925610872e-02            9.676661879678e-03            0.001347            0.001203                      
67        4.441970333004e-02            1.131517511371e-02            0.002554            0.001354                      
68        5.231801988348e-02            1.259860761142e-02            0.003216            0.001731                      
69        4.283000244311e-02            9.539111547002e-03            0.001910            0.001308                      
70        4.689243130807e-02            1.425687955430e-02            0.002165            0.001328                      
71        3.084066419368e-02            7.023719740380e-03            0.001240            0.000910                      
72        4.627808176213e-02            1.090304894479e-02            0.001796            0.001360                      
73        4.908340111461e-02            9.366478631450e-03            0.003106            0.001162                      
74        4.532075774353e-02            1.247644939558e-02            0.002272            0.001459                      
75        3.944394442791e-02            1.079885931389e-02            0.001472            0.001060                      
76        4.293738246738e-02            9.500049441880e-03            0.001416            0.001193                      
77        3.168702120842e-02            6.446956259018e-03            0.001096            0.000765                      
78        4.108502595352e-02            9.478877756140e-03            0.002090            0.001661                      
79        4.820970535596e-02            1.559790178311e-02            0.002603            0.001389                      
80        3.942801241080e-02            8.406484095067e-03            0.001829            0.001102                      
81        3.267282111288e-02            8.185216100765e-03            0.001559            0.001107                      
82        3.586276967922e-02            6.618024710638e-03            0.000960            0.000706                      
83        3.915314380735e-02            1.162834852322e-02            0.001558            0.001212                      
84        4.761811907197e-02            1.348435875421e-02            0.002927            0.001578                      
85        3.407413353879e-02            9.067670042445e-03            0.001975            0.001224                      
86        3.169475492644e-02            8.098409953708e-03            0.001330            0.000975                      
87        4.171134147648e-02            1.115372793046e-02            0.001220            0.001031                      
88        3.916117714589e-02            7.151326669026e-03            0.002343            0.001084                      
89        3.145173283528e-02            8.033674987768e-03            0.001344            0.000883                      
90        3.307977631593e-02            8.626772231819e-03            0.001513            0.000960                      
91        3.040856011390e-02            7.352437269208e-03            0.001262            0.000821                      
92        3.717198603434e-02            8.441471004754e-03            0.002023            0.001330                      
93        3.235935790745e-02            8.904745513237e-03            0.001725            0.001276                      
94        2.690183640786e-02            5.280174313497e-03            0.001069            0.000747                      
95        3.274119303594e-02            7.033774053062e-03            0.001969            0.000790                      
96        2.753854475336e-02            6.548079256948e-03            0.001197            0.000770                      
97        2.241739309028e-02            3.556799869833e-03            0.000876            0.000635                      
98        2.767116751115e-02            4.994774567048e-03            0.000939            0.000519                      
99        2.368940026193e-02            5.814115047548e-03            0.000910            0.000642                      
100       2.996029738296e-02            5.214982178226e-03            0.001404            0.000627                      
101       5.493180890425e-01            1.502885903220e-01            0.017012            0.010350                      
102       2.581893614122e-01            5.624821185035e-02            0.007255            0.005904                      
103       3.808401595807e-01            7.640697107814e-02            0.014183            0.009826                      
104       5.878001567218e-01            1.367299201050e-01            0.019072            0.011654                      
105       6.210694455591e-01            3.147163718982e-01            0.021955            0.013030                      
106       6.451353768239e-01            1.089603682295e-01            0.018068            0.010660                      
107       2.774105064543e-01            1.108529294657e-01            0.006750            0.005517                      
108       3.655294566463e-01            6.987676754948e-02            0.014866            0.009251                      
109       7.318033450259e-01            1.726659196212e-01            0.032927            0.016341                      
110       4.744121348016e-01            1.014158775209e-01            0.018297            0.009503                      
111       5.718584677876e-01            1.338010346531e-01            0.019364            0.013462                      
112       2.229936572828e-01            3.781240192107e-02            0.006702            0.005242                      
113       4.153770057747e-01            9.911008225813e-02            0.012437            0.009410                      
114       2.049118604295e-01            3.723615490594e-02            0.008346            0.004032                      
115       2.833845319167e-01            7.224632522619e-02            0.010537            0.005916                      
116       5.017536010445e-01            1.776059802134e-01            0.013121            0.012351                      
117       3.982503677678e-01            9.446923160057e-02            0.011318            0.007096                      
118       4.168191382429e-01            4.239401192954e-02            0.008416            0.006337                      
119       3.122216723559e-01            7.202708734799e-02            0.009875            0.005520                      
120       2.747811069414e-01            6.322381983651e-02            0.008251            0.005282                      
121       2.875431237460e-01            5.618411500314e-02            0.014437            0.005796                      
122       1.788419417036e-01            2.410117335461e-02            0.004766            0.003303                      
123       4.657231681422e-01            9.001798884651e-02            0.021918            0.011152                      
124       3.242844759173e-01            7.254685006441e-02            0.011404            0.006645                      
125       2.103650118400e-01            4.926699148322e-02            0.005245            0.003767                      
126       2.044943642391e-01            4.223036258026e-02            0.007505            0.004103                      
127       2.196408425157e-01            4.767455524209e-02            0.008851            0.005422                      
128       1.835290476141e-01            4.881769999558e-02            0.008069            0.004994                      
129       2.647252528167e-01            5.369396346447e-02            0.005220            0.003954                      
130       2.056458655537e-01            5.496690533402e-02            0.005567            0.003762                      
131       2.057252393577e-01            4.653478651226e-02            0.007514            0.004217                      
132       2.550181880798e-01            8.877889980937e-02            0.008186            0.006879                      
133       3.057936148448e-01            8.273463339983e-02            0.010996            0.006105                      
134       2.360643793908e-01            5.100524729810e-02            0.008200            0.007400                      
135       2.616382097334e-01            7.296996004790e-02            0.006096            0.004137                      
136       2.904812403261e-01            6.168231004637e-02            0.009473            0.007329                      
137       3.328281668323e-01            4.498671735131e-02            0.011685            0.005729                      
138       1.728100161395e-01            3.877990453998e-02            0.004491            0.002870                      
139       2.532371940582e-01            7.792769003291e-02            0.009527            0.006310                      
140       2.078664664768e-01            4.419141186586e-02            0.006142            0.003757                      
141       2.191415623877e-01            3.282443426883e-02            0.010485            0.004041                      
142       1.800912901780e-01            3.891716340580e-02            0.007891            0.004019                      
143       1.374932397829e-01            2.642820380617e-02            0.004023            0.002581                      
144       1.770714847098e-01            3.943500339810e-02            0.005700            0.003071                      
145       1.867954046458e-01            4.201612040775e-02            0.004188            0.003106                      
146       1.956103460524e-01            4.645502028084e-02            0.006165            0.003997                      
147       1.615203983239e-01            3.708774218216e-02            0.003765            0.002726                      
148       1.428756158669e-01            3.357849756472e-02            0.005691            0.002989                      
149       1.684041455782e-01            3.932310099751e-02            0.003441            0.002911                      
150       1.386366682456e-01            3.210121100470e-02            0.003601            0.003191                      
151       9.721112861061e-02            1.440330793396e-02            0.003884            0.002243                      
152       1.345278526428e-01            1.848479111251e-02            0.004275            0.002843                      
153       1.556709561241e-01            3.904848248654e-02            0.007685            0.003489                      
154       1.392648732304e-01            2.813694599968e-02            0.003733            0.002478                      
155       1.286511163183e-01            2.728452033304e-02            0.004095            0.002669                      
156       1.449606319802e-01            2.712239655901e-02            0.002404            0.001996                      
157       1.382127336564e-01            2.810635288339e-02            0.005189            0.003532                      
158       1.685476894259e-01            5.021603339540e-02            0.004705            0.003481                      
159       9.738078605579e-02            2.487368251024e-02            0.002681            0.002100                      
160       1.376354016137e-01            1.671658019384e-02            0.003593            0.002425                      
161       1.377165675332e-01            3.561292623686e-02            0.006184            0.003235                      
162       1.174441663136e-01            1.981839645523e-02            0.004340            0.002623                      
163       1.336525276983e-01            3.622190858993e-02            0.005106            0.003104                      
164       1.670029407116e-01            3.234434410305e-02            0.005040            0.003177                      
165       1.610681799713e-01            3.330996648088e-02            0.005060            0.003592                      
166       1.307032470843e-01            3.119568424376e-02            0.002728            0.002219                      
167       1.512300011082e-01            2.324135091595e-02            0.004699            0.002625                      
168       8.849833580668e-02            2.678619318639e-02            0.002809            0.001801                      
169       1.088823228204e-01            3.245142633336e-02            0.002586            0.002153                      
170       9.204529479697e-02            1.920225485927e-02            0.003546            0.001942                      
171       9.711727634636e-02            2.476373504899e-02            0.002788            0.001879                      
172       1.474856407885e-01            4.139351508803e-02            0.004507            0.003234                      
173       1.671401459602e-01            3.391014774291e-02            0.003212            0.002389                      
174       8.643596825858e-02            2.401599642217e-02            0.002200            0.001677                      
175       8.251509470243e-02            2.271791179505e-02            0.002899            0.001893                      
176       1.166133178714e-01            2.296639185230e-02            0.003008            0.002459                      
177       9.244573213958e-02            2.272964354539e-02            0.002798            0.002111                      
178       1.191334752941e-01            2.455696251059e-02            0.002888            0.002103                      
179       1.213824254534e-01            3.896853838181e-02            0.003099            0.002388                      
180       9.096036427870e-02            2.126098921809e-02            0.003786            0.001854                      
181       7.762854351914e-02            2.194780927429e-02            0.001734            0.001411                      
182       1.384425390716e-01            3.187290075266e-02            0.004870            0.003000                      
183       7.070090354098e-02            2.009979300784e-02            0.003148            0.001748                      
184       1.020270330575e-01            3.460085741132e-02            0.003699            0.002623                      
185       8.463165391537e-02            2.200931713866e-02            0.003063            0.001821                      
186       7.572346191878e-02            2.038308298210e-02            0.003895            0.001548                      
187       8.280734124991e-02            2.318911449757e-02            0.002003            0.001674                      
188       7.831188816609e-02            2.021680493338e-02            0.003579            0.001590                      
189       6.368902439401e-02            1.860676247684e-02            0.001763            0.001386                      
190       7.361745199375e-02            1.755373904290e-02            0.002624            0.001884                      
191       1.064622337376e-01            3.048332096707e-02            0.003320            0.002400                      
192       7.119805060846e-02            2.567674757642e-02            0.002328            0.002067                      
193       7.309263551165e-02            1.657185007453e-02            0.002135            0.001295                      
194       9.408472423596e-02            2.851719289285e-02            0.001972            0.001485                      
195       7.367456972868e-02            1.633140530936e-02            0.001676            0.001230                      
196       6.351837634304e-02            1.387835293975e-02            0.002021            0.001391                      
197       6.833808376479e-02            1.417600401322e-02            0.001801            0.001541                      
198       7.281272345541e-02            1.835971161209e-02            0.002594            0.001748                      
199       4.962463364934e-02            1.169013329986e-02            0.001668            0.001009                      
200       5.723136632376e-02            1.281850974916e-02            0.001699            0.001032                      
201       4.577483601338e-02            1.000408298316e-02            0.001357            0.000914                      
202       5.993864809209e-02            1.704881935974e-02            0.001940            0.001160                      
