@    title "Magnitude of Electric Field"
@    xaxis  label "Residues"
@    yaxis  label "MV/cm"
#time     EField_per_residue            Std.Deviation         EField_residue_alignement   Std.Deviation
@type xydy
21        6.141681474773e-01            2.741509687251e-01            0.007052            0.005536                      
22        3.138001126964e+00            7.702746422631e-02            0.044517            0.011484                      
23        7.937192221285e+00            3.154772356211e-01            0.112358            0.029035                      
24        4.631191561648e-02            1.887359597971e-02            0.000490            0.000336                      
25        1.152457155669e-01            3.473876250413e-02            0.001108            0.000723                      
26        1.722280228702e-01            1.758833062829e-02            0.002419            0.000670                      
27        2.579052087057e-01            3.034482882568e-02            0.003585            0.000999                      
28        8.422705219810e-02            2.181679810386e-02            0.000997            0.000489                      
29        1.807592911328e-01            1.254750526405e-02            0.002526            0.000708                      
30        4.355392395098e-01            2.645278759329e-02            0.006138            0.001610                      
31        9.816759331810e-02            4.478912517258e-02            0.000640            0.000593                      
32        2.991145746945e-01            1.249221523031e-02            0.004179            0.001118                      
33        4.165449000127e-01            1.415238894132e-02            0.005875            0.001532                      
34        4.749763868508e-01            4.782492982026e-02            0.006585            0.001925                      
35        4.866996881290e-01            2.179798168556e-02            0.006833            0.001852                      
36        4.052051099424e-01            1.427489370424e-02            0.005710            0.001512                      
37        3.972873129747e-01            5.586699787671e-02            0.004601            0.001667                      
38        2.551543479373e-01            2.739451226082e-02            0.003563            0.001056                      
39        5.081036744049e-01            3.434200412821e-02            0.007159            0.001950                      
40        2.751295601201e-01            1.363775818199e-02            0.003879            0.001051                      
41        5.006805344539e-02            1.726836418132e-02            0.000547            0.000325                      
42        1.868236934363e-01            7.341254382509e-02            0.002198            0.001339                      
43        9.131127697031e-02            2.728617366111e-02            0.001155            0.000541                      
44        4.005722309391e-02            1.882859970542e-02            0.000394            0.000306                      
45        3.423373811223e-02            1.377279089112e-02            0.000326            0.000243                      
46        8.641129836750e+00            1.307874152170e-01            0.122391            0.031591                      
47        1.177959203121e-01            2.715870082934e-02            0.001637            0.000600                      
48        4.866229321604e-01            2.187865354419e-02            0.006879            0.001804                      
49        5.696213112342e+00            6.975266606156e-02            0.080616            0.020699                      
50        2.850778487465e-01            2.264742411632e-02            0.004018            0.001078                      
51        3.074886871657e-01            2.316427511180e-02            0.004334            0.001194                      
52        8.688069172473e+00            1.024847662304e-01            0.122985            0.031724                      
53        5.393499239925e-01            4.036317679781e-02            0.007610            0.002100                      
54        3.582962289861e-01            4.162717881715e-02            0.005002            0.001472                      
55        1.079651267832e+00            1.277811089001e-01            0.015146            0.004334                      
56        1.185431510424e+00            8.640871082589e-02            0.016603            0.004591                      
57        3.526454631887e-01            1.065365847184e-01            0.004303            0.002154                      
58        4.104409458700e-01            1.332915521681e-01            0.004304            0.002424                      
59        5.172597986418e+00            3.622601706319e-01            0.072831            0.019902                      
60        3.889900738106e+00            3.878251392217e-01            0.053700            0.016131                      
61        4.191668563074e+00            2.489822971074e-01            0.057243            0.015813                      
62        9.983413694673e+00            1.664610780569e+00            0.132907            0.043187                      
63        3.009726190575e+01            1.346547882600e+01            0.190051            0.174042                      
64        2.559598326203e+01            1.803589654757e+00            0.361834            0.092873                      
65        9.584283507351e+00            7.939038941608e-01            0.135800            0.035945                      
66        2.804241136549e+00            3.581234109878e-01            0.039495            0.011324                      
67        4.361193707373e-01            1.200208379412e-01            0.005661            0.002428                      
68        2.199008287994e+01            3.719892967978e-01            0.311400            0.080206                      
69        1.777642990049e+00            7.799956545038e-02            0.025149            0.006562                      
70        1.217003587786e+00            1.888191204927e-01            0.017011            0.005351                      
71        4.950326495643e-01            6.093488844725e-02            0.006915            0.002104                      
72        5.744942946863e-01            1.281780893108e-01            0.007809            0.003087                      
73        2.414614477626e-01            3.497372372700e-02            0.003294            0.001015                      
74        5.871806947325e+00            1.019998229789e-01            0.083158            0.021554                      
75        5.202388801777e-02            1.787210435870e-02            0.000584            0.000333                      
76        7.032770901037e-02            2.974330981040e-02            0.000838            0.000548                      
77        9.683359342437e+00            1.763967147317e-01            0.137068            0.035418                      
78        7.279913037618e-02            2.298715969707e-02            0.000771            0.000406                      
79        4.786692406271e-01            2.672538763523e-02            0.006728            0.001796                      
80        3.978588884223e-01            7.930628850805e-02            0.005327            0.001822                      
81        5.900771173763e-01            4.200989089028e-02            0.008182            0.002324                      
82        7.165298510845e-01            2.399842380508e-02            0.010048            0.002628                      
83        1.220702607255e+00            8.742507152262e-02            0.017168            0.004532                      
84        2.450054532224e+00            1.045569911502e-01            0.034411            0.009220                      
85        1.170964731594e+00            8.805590233345e-02            0.016252            0.004460                      
86        1.098057457079e+00            1.063170738964e-01            0.015512            0.004389                      
87        1.111243284981e+00            9.085328823012e-02            0.015450            0.004336                      
88        8.814502842073e-01            2.232013394897e-01            0.011388            0.004940                      
89        1.084884666869e+00            1.562314124305e-01            0.015236            0.004553                      
90        7.313995535228e-01            8.196101187984e-02            0.010264            0.003019                      
91        3.472350024894e-01            1.059085037840e-01            0.004120            0.002159                      
92        2.547461639263e+00            9.148644094693e-01            0.033299            0.015862                      
93        3.648420222771e-01            8.014415071394e-02            0.005050            0.001746                      
94        2.365140465886e-01            5.987783985432e-02            0.003135            0.001297                      
95        1.592828749820e+00            1.053287555998e-01            0.022495            0.006091                      
96        1.558140398043e+00            4.416095644590e-01            0.020243            0.010101                      
97        1.054527592718e+01            3.076894050019e-01            0.149411            0.039259                      
98        6.537858133475e-01            3.675814392512e-02            0.009248            0.002463                      
99        1.130378447972e+00            3.786019602209e-02            0.015981            0.004260                      
100       5.860315232589e-01            3.413277178033e-02            0.008282            0.002222                      
101       1.317121089527e-01            7.997442790813e-02            0.001271            0.001160                      
102       3.514285470122e-01            1.611869862672e-02            0.004955            0.001313                      
103       5.051365986667e-01            1.539779992605e-01            0.004129            0.003118                      
104       4.595254768982e-01            1.895024812366e-02            0.006499            0.001739                      
105       2.282299109065e-01            1.371884501005e-02            0.003224            0.000857                      
106       3.898714778163e-01            2.247843122220e-02            0.005456            0.001492                      
107       3.118596788419e-01            1.188910491199e-02            0.004407            0.001150                      
108       2.301617359727e-01            1.026829461073e-02            0.003260            0.000860                      
109       2.061955876796e-01            2.435821734073e-02            0.002844            0.000881                      
110       1.973448435085e-01            5.343415609800e-02            0.002111            0.001029                      
111       1.023244048911e-01            1.838581445957e-02            0.001402            0.000471                      
112       2.584924714105e+00            6.729368248178e-02            0.036602            0.009421                      
1         3.153726261200e-01            1.057736005752e-01            0.002931            0.001822                      
2         3.644851884937e-01            8.384337870444e-02            0.003420            0.001881                      
3         2.187058557983e-01            6.762614085085e-02            0.002254            0.001474                      
4         3.281397417275e-01            9.438621437162e-02            0.002352            0.001688                      
5         2.322934553439e-01            6.705314831158e-02            0.001869            0.001342                      
6         3.248393603092e-01            7.333736479337e-02            0.002841            0.001792                      
7         3.160588152230e-01            3.275614575518e-02            0.003952            0.001443                      
8         2.431554761033e-01            7.827601918364e-02            0.001911            0.001317                      
9         2.741742487321e-01            7.233579201677e-02            0.002366            0.001455                      
10        3.153530705953e-01            7.149277535791e-02            0.003246            0.001863                      
11        4.045319783931e-01            6.493361522592e-02            0.002963            0.001937                      
12        3.230443716685e-01            8.780765003138e-02            0.001811            0.001341                      
13        3.465870727940e-01            8.076802910561e-02            0.002784            0.001740                      
14        2.402005817612e-01            7.780419376484e-02            0.001874            0.001329                      
15        2.679683496186e-01            6.803414131961e-02            0.001970            0.001487                      
16        3.008681110071e-01            1.115006215282e-01            0.002197            0.001486                      
17        3.614702730968e-01            6.859874805431e-02            0.002642            0.001778                      
18        1.650440634969e-01            3.729573820284e-02            0.001462            0.000808                      
19        1.455995667924e-01            1.964598310932e-02            0.001004            0.000631                      
20        2.391312169756e-01            7.573634489671e-02            0.002232            0.001502                      
21        2.032797600852e-01            5.754858005564e-02            0.001712            0.001119                      
22        2.044733217334e-01            4.198295530824e-02            0.001177            0.000964                      
23        1.988743243247e-01            4.958135096834e-02            0.001503            0.001012                      
24        2.172073562191e-01            4.732326417462e-02            0.001485            0.001069                      
25        1.817310731177e-01            5.314185772662e-02            0.001717            0.001044                      
26        2.102157816319e-01            5.731171723056e-02            0.001485            0.001181                      
27        2.820643371787e-01            4.911768211234e-02            0.002055            0.001325                      
28        1.811784841381e-01            4.394430234560e-02            0.001076            0.000862                      
29        1.344929579961e-01            3.289763628942e-02            0.001043            0.000651                      
30        1.855497972077e-01            5.029221427869e-02            0.001424            0.001097                      
31        1.463637058480e-01            4.689273074025e-02            0.000873            0.000700                      
32        1.397597175767e-01            3.314562280287e-02            0.001295            0.000763                      
33        1.360581989528e-01            3.672749075107e-02            0.001146            0.000805                      
34        1.659404995183e-01            3.393501826501e-02            0.001106            0.000793                      
35        1.657295493589e-01            4.944850963082e-02            0.001501            0.000962                      
36        1.718963668075e-01            5.937878631832e-02            0.001283            0.000993                      
37        1.319875123599e-01            2.597477384476e-02            0.001022            0.000702                      
38        1.646411964229e-01            3.548682969039e-02            0.001524            0.001010                      
39        1.287451027516e-01            2.772181880149e-02            0.000870            0.000641                      
40        1.181279715767e-01            3.129141854638e-02            0.000827            0.000563                      
41        1.672282866681e-01            4.571440153377e-02            0.001309            0.000935                      
42        1.456305663900e-01            3.385808164347e-02            0.000847            0.000641                      
43        9.644088040210e-02            2.575194024507e-02            0.000725            0.000571                      
44        1.377098510273e-01            3.689915107125e-02            0.000709            0.000546                      
45        8.219001746949e-02            2.821337930712e-02            0.000787            0.000542                      
46        1.169040283447e-01            2.768355051334e-02            0.001040            0.000661                      
47        8.889381344773e-02            2.589717019033e-02            0.000588            0.000472                      
48        1.341008442133e-01            3.656607536353e-02            0.001235            0.000612                      
49        9.022160537336e-02            2.352416118064e-02            0.000702            0.000492                      
50        9.074954744629e-02            1.911953089600e-02            0.000603            0.000418                      
51        7.682869124848e-02            1.858624588328e-02            0.000656            0.000409                      
52        6.682431127859e-02            1.701867003951e-02            0.000559            0.000325                      
53        1.195983869643e-01            2.809916593291e-02            0.000720            0.000502                      
54        1.075112723818e-01            3.236315257466e-02            0.000815            0.000600                      
55        1.046549927731e-01            3.046055648112e-02            0.000756            0.000583                      
56        1.230011786136e-01            3.056433479502e-02            0.000782            0.000586                      
57        1.170585982635e-01            3.178493433456e-02            0.000987            0.000630                      
58        1.326413043624e-01            3.972176757982e-02            0.001091            0.000683                      
59        1.115412235158e-01            2.664781913675e-02            0.000878            0.000615                      
60        1.614601748519e-01            3.889606257146e-02            0.001101            0.000775                      
61        1.431759146694e-01            2.921854062992e-02            0.001167            0.000727                      
62        1.129431463023e-01            2.913723958376e-02            0.000778            0.000664                      
63        8.881842226760e-02            2.460984287770e-02            0.000797            0.000503                      
64        6.947492411416e-02            1.911077605486e-02            0.000535            0.000384                      
65        8.766503743838e-02            2.101217547284e-02            0.000599            0.000410                      
66        9.349485779617e-02            1.912170088628e-02            0.000454            0.000396                      
67        9.112864062253e-02            2.342563732154e-02            0.000702            0.000433                      
68        1.081821333091e-01            2.684744090864e-02            0.000862            0.000503                      
69        8.339242648336e-02            1.961704054805e-02            0.000593            0.000416                      
70        9.169673197230e-02            2.920235898949e-02            0.000664            0.000475                      
71        5.801577196587e-02            1.454841946115e-02            0.000445            0.000293                      
72        8.947115121626e-02            2.260766647849e-02            0.000560            0.000424                      
73        9.144431826501e-02            1.876839222441e-02            0.000553            0.000378                      
74        1.031378409575e-01            3.380718381596e-02            0.000972            0.000608                      
75        7.599183494849e-02            1.960559556121e-02            0.000529            0.000372                      
76        8.401907274579e-02            2.101113483807e-02            0.000546            0.000440                      
77        5.800156762053e-02            1.292986436229e-02            0.000469            0.000304                      
78        8.258113870190e-02            1.888472030237e-02            0.000747            0.000427                      
79        9.777258765269e-02            3.695231099488e-02            0.000734            0.000587                      
80        6.857575104283e-02            1.402494569088e-02            0.000387            0.000300                      
81        5.928182834476e-02            1.792803106443e-02            0.000519            0.000351                      
82        6.147394556967e-02            9.577988263745e-03            0.000318            0.000232                      
83        7.128400987783e-02            2.316376423706e-02            0.000488            0.000360                      
84        9.116942887688e-02            2.945616182476e-02            0.000718            0.000440                      
85        6.201985519744e-02            1.718377591253e-02            0.000570            0.000313                      
86        6.009493673048e-02            1.854063700995e-02            0.000459            0.000351                      
87        6.734346545865e-02            1.877718553186e-02            0.000331            0.000234                      
88        6.374509605552e-02            1.446209693223e-02            0.000408            0.000289                      
89        5.351088130490e-02            1.535807909554e-02            0.000396            0.000287                      
90        6.239048405688e-02            1.700024331832e-02            0.000572            0.000344                      
91        5.200027004963e-02            1.316337024734e-02            0.000342            0.000241                      
92        6.911556168363e-02            2.014692956297e-02            0.000673            0.000350                      
93        6.185702992398e-02            2.073114515564e-02            0.000558            0.000368                      
94        4.350795090481e-02            8.534995922238e-03            0.000281            0.000189                      
95        5.229531073395e-02            1.120306726710e-02            0.000326            0.000249                      
96        4.529979565428e-02            1.154841628456e-02            0.000402            0.000223                      
97        3.530583751402e-02            6.564109696708e-03            0.000263            0.000190                      
98        4.488422457756e-02            7.901243771961e-03            0.000297            0.000216                      
99        3.627884329345e-02            9.441491437429e-03            0.000218            0.000165                      
100       4.457151945476e-02            7.163942255077e-03            0.000227            0.000173                      
101       2.363314971454e-01            6.398662628710e-02            0.002647            0.001236                      
102       1.495333548442e-01            5.094815645284e-02            0.000840            0.000717                      
103       2.160133490122e-01            3.795480980157e-02            0.001270            0.001009                      
104       2.428798294625e-01            5.141970760033e-02            0.001682            0.001314                      
105       2.305615495879e-01            6.032105361186e-02            0.001741            0.001288                      
106       3.170967509177e-01            7.982529738150e-02            0.003818            0.001519                      
107       1.482419092870e-01            4.721798730166e-02            0.001038            0.000878                      
108       2.116147802157e-01            5.473159628342e-02            0.001444            0.000994                      
109       3.204460243547e-01            9.139752303093e-02            0.002264            0.001752                      
110       2.144450800173e-01            4.399370409672e-02            0.002116            0.001146                      
111       2.760858666386e-01            8.499759023485e-02            0.001780            0.001377                      
112       1.760462843389e-01            3.714598511431e-02            0.000848            0.000689                      
113       2.298710286739e-01            5.946594194089e-02            0.001706            0.001178                      
114       1.548271574170e-01            2.234692173944e-02            0.000939            0.000688                      
115       1.546408502336e-01            3.549794338611e-02            0.001026            0.000818                      
116       2.479230578155e-01            9.692321021632e-02            0.002027            0.001516                      
117       1.923506332672e-01            5.362259206419e-02            0.001776            0.001007                      
118       2.632713204558e-01            2.560599784534e-02            0.002525            0.001096                      
119       1.994400497371e-01            3.662576644498e-02            0.001534            0.001005                      
120       1.498040017259e-01            2.901501926069e-02            0.001222            0.000884                      
121       1.613995964853e-01            2.981674350217e-02            0.000997            0.000685                      
122       1.230749460529e-01            1.293496464838e-02            0.000998            0.000554                      
123       2.676502292206e-01            7.247305632368e-02            0.001724            0.001229                      
124       1.723712421833e-01            4.823503601333e-02            0.001786            0.000912                      
125       1.344792425278e-01            3.627704093728e-02            0.001027            0.000706                      
126       1.472210444015e-01            3.065693118978e-02            0.000963            0.000700                      
127       1.311398289404e-01            2.999197311545e-02            0.000986            0.000669                      
128       1.103859046661e-01            1.790391545134e-02            0.001022            0.000680                      
129       1.473835675063e-01            3.522550464554e-02            0.001180            0.000730                      
130       1.172741938920e-01            2.851308780767e-02            0.001001            0.000701                      
131       1.395260830196e-01            2.923553481548e-02            0.001032            0.000646                      
132       1.593037993616e-01            4.928593167088e-02            0.000959            0.000795                      
133       1.459092335159e-01            3.054839008652e-02            0.001434            0.000892                      
134       1.677364937645e-01            4.629678449195e-02            0.000880            0.000692                      
135       1.336165289396e-01            3.020858634572e-02            0.001274            0.000784                      
136       1.542489855041e-01            3.718029294681e-02            0.001114            0.000713                      
137       1.799252342791e-01            3.453269818413e-02            0.002042            0.000738                      
138       1.122919413814e-01            2.366458793044e-02            0.000930            0.000613                      
139       1.486800485334e-01            4.635807194919e-02            0.001012            0.000780                      
140       1.384263929989e-01            2.867995518937e-02            0.001290            0.000685                      
141       1.731781546340e-01            2.555580056598e-02            0.000825            0.000683                      
142       1.097241484457e-01            2.370295755537e-02            0.000879            0.000543                      
143       1.036661538223e-01            2.048286335826e-02            0.000714            0.000483                      
144       1.273339598788e-01            3.489705195962e-02            0.000773            0.000639                      
145       1.051321614111e-01            2.102849396477e-02            0.001044            0.000549                      
146       1.254048694469e-01            2.768792741387e-02            0.001223            0.000626                      
147       1.060039582363e-01            2.550033789033e-02            0.000856            0.000542                      
148       1.113674340051e-01            2.961625183001e-02            0.000703            0.000474                      
149       1.282570697097e-01            1.952673724680e-02            0.000926            0.000596                      
150       1.128269007555e-01            3.512756241137e-02            0.000633            0.000488                      
151       7.069053748142e-02            9.230453089521e-03            0.000654            0.000345                      
152       9.345873617193e-02            1.232555761386e-02            0.000650            0.000410                      
153       8.847509762340e-02            1.744878260085e-02            0.000689            0.000451                      
154       9.565303732414e-02            2.091229039659e-02            0.000611            0.000468                      
155       8.711568700583e-02            1.718463093542e-02            0.000589            0.000404                      
156       1.165726524295e-01            2.223792053783e-02            0.000786            0.000495                      
157       9.436349049413e-02            2.435388604050e-02            0.000640            0.000422                      
158       1.160085400052e-01            3.734659187156e-02            0.000951            0.000609                      
159       7.440558523266e-02            2.014875717518e-02            0.000430            0.000379                      
160       1.109071992802e-01            1.952254220868e-02            0.000811            0.000425                      
161       8.302353814076e-02            2.217245859282e-02            0.000790            0.000439                      
162       8.231975479206e-02            1.534879396648e-02            0.000570            0.000379                      
163       7.927590996673e-02            1.860672030342e-02            0.000704            0.000458                      
164       1.095234502095e-01            2.037187834230e-02            0.000634            0.000491                      
165       1.048126662948e-01            2.365872860680e-02            0.000695            0.000527                      
166       9.178160743379e-02            1.924420218146e-02            0.000745            0.000454                      
167       1.006960396741e-01            1.854340104878e-02            0.000766            0.000456                      
168       6.202305061090e-02            1.506482183852e-02            0.000431            0.000325                      
169       7.442264758803e-02            2.209901565855e-02            0.000536            0.000391                      
170       7.366052655446e-02            1.521177546844e-02            0.000377            0.000291                      
171       6.721194255399e-02            1.404382965299e-02            0.000464            0.000354                      
172       8.541719938164e-02            2.151111813057e-02            0.000821            0.000498                      
173       1.130425314100e-01            2.319485985355e-02            0.000874            0.000552                      
174       6.141376425571e-02            1.625647685670e-02            0.000450            0.000323                      
175       6.729757939555e-02            1.990667097112e-02            0.000384            0.000279                      
176       9.388381981091e-02            1.963099326573e-02            0.000557            0.000368                      
177       6.529137753035e-02            1.319902744106e-02            0.000479            0.000342                      
178       8.947126114976e-02            1.809240726010e-02            0.000576            0.000412                      
179       7.845198847776e-02            2.351112027503e-02            0.000661            0.000434                      
180       7.094804570604e-02            1.648543673268e-02            0.000420            0.000304                      
181       5.968347032638e-02            1.517855139688e-02            0.000372            0.000284                      
182       9.058623860047e-02            1.917362779405e-02            0.000737            0.000456                      
183       4.895764863726e-02            1.217421467449e-02            0.000407            0.000271                      
184       7.633506380578e-02            2.646424549149e-02            0.000509            0.000399                      
185       5.777418881780e-02            1.499520984890e-02            0.000450            0.000284                      
186       4.887794117065e-02            1.290456886751e-02            0.000574            0.000250                      
187       5.983665467053e-02            2.141655936758e-02            0.000480            0.000313                      
188       4.872841444441e-02            1.217776802785e-02            0.000557            0.000229                      
189       4.489607418864e-02            1.396434809356e-02            0.000338            0.000225                      
190       5.216683613228e-02            1.200135272983e-02            0.000323            0.000263                      
191       7.710793341210e-02            2.124878016788e-02            0.000474            0.000381                      
192       5.483823648191e-02            1.298938985847e-02            0.000409            0.000340                      
193       5.464812397300e-02            1.140588757797e-02            0.000376            0.000270                      
194       6.611233030732e-02            2.053608139299e-02            0.000455            0.000358                      
195       5.626276245348e-02            1.315482092035e-02            0.000360            0.000242                      
196       5.828211929338e-02            1.378882471373e-02            0.000291            0.000221                      
197       5.133194507155e-02            1.125956559815e-02            0.000394            0.000235                      
198       5.272311007238e-02            1.199239646433e-02            0.000482            0.000274                      
199       3.934333343812e-02            8.585433983048e-03            0.000233            0.000175                      
200       4.147357434806e-02            1.130520185435e-02            0.000354            0.000192                      
201       3.708845792882e-02            9.281848529031e-03            0.000225            0.000161                      
202       4.339547636997e-02            1.126819817363e-02            0.000399            0.000250                      
