@    title "Magnitude of Electric Field"
@    xaxis  label "Residues"
@    yaxis  label "MV/cm"
#time     EField_per_residue            Std.Deviation         EField_residue_alignement   Std.Deviation
@type xydy
21        1.569343065032e+00            6.222571446676e-01            0.032435            0.022381                      
22        2.119665333607e+00            1.747365779773e-01            0.076081            0.013825                      
23        8.337813838415e+00            3.632033672758e-01            0.295225            0.060646                      
24        4.704755455163e-01            2.416774921624e-02            0.016947            0.003345                      
25        4.546470962258e-01            5.021980586056e-02            0.015957            0.003637                      
26        5.075699190677e-01            1.487722209888e-02            0.018423            0.003499                      
27        5.467601186001e-01            3.258880275241e-02            0.019759            0.003841                      
28        4.482670658422e-01            2.141629920851e-02            0.016258            0.003032                      
29        3.491438229802e-01            1.387724289514e-02            0.012671            0.002407                      
30        2.286049449376e-01            2.188273873614e-02            0.008118            0.001628                      
31        6.961924486520e-01            3.273990845434e-02            0.025056            0.004691                      
32        2.602734107855e-01            1.721640477133e-02            0.009436            0.001866                      
33        1.056396821772e-01            1.306278858223e-02            0.003734            0.000823                      
34        1.243362358145e-01            3.736129981107e-02            0.003865            0.001688                      
35        6.302739782381e-02            1.753672056612e-02            0.002118            0.000825                      
36        6.839150599525e-02            1.165880698424e-02            0.002434            0.000655                      
37        1.797339408378e-01            4.027241106828e-02            0.005934            0.001979                      
38        2.530190890729e-01            1.321031317280e-02            0.009208            0.001736                      
39        2.325831091994e-02            1.013498823460e-02            0.000545            0.000393                      
40        2.516266280691e-02            7.604208968016e-03            0.000854            0.000340                      
41        1.666580298441e-01            9.974676145382e-03            0.006064            0.001145                      
42        4.041155645477e-02            2.022573160148e-02            0.001326            0.000822                      
43        1.688569541369e-01            1.079346771020e-02            0.006124            0.001165                      
44        1.496754211969e-01            1.014214932971e-02            0.005412            0.000978                      
45        1.159941568932e-01            8.570857062380e-03            0.004219            0.000812                      
46        4.723221240873e+00            4.284087128748e-02            0.172157            0.031632                      
47        1.641860785241e-02            7.373879116046e-03            0.000520            0.000317                      
48        1.694308572488e-01            8.520358219786e-03            0.006177            0.001175                      
49        3.671160334902e+00            2.253038054362e-02            0.133806            0.024538                      
50        2.418933103250e-01            6.432987317745e-03            0.008804            0.001623                      
51        2.610737281908e-01            5.623891656920e-03            0.009500            0.001738                      
52        4.928707018271e+00            3.104673214963e-02            0.179643            0.032946                      
53        3.551446807914e-01            9.237399124246e-03            0.012933            0.002362                      
54        4.414838801089e-01            9.927403826872e-03            0.016079            0.002964                      
55        6.553505520297e-01            2.079256036254e-02            0.023879            0.004477                      
56        6.010990753740e-01            1.657426049218e-02            0.021890            0.004052                      
57        6.081881889512e-01            2.558662497910e-02            0.022157            0.004126                      
58        9.819521318781e-01            1.833249689536e-02            0.035749            0.006533                      
59        1.029363667595e+00            3.441951762700e-02            0.037512            0.006994                      
60        1.103573119380e+00            5.152016363193e-02            0.040173            0.007647                      
61        1.672402729972e+00            8.255934899379e-02            0.060861            0.011264                      
62        1.406051357270e+00            1.688910334473e-01            0.050948            0.010580                      
63        1.993543526240e+00            1.899850135698e-01            0.072396            0.014197                      
64        1.665220892310e-01            5.858534734091e-02            0.005821            0.002400                      
65        4.463601032126e-02            2.282285095382e-02            0.001337            0.000953                      
66        5.508857878654e-02            3.019894101565e-02            0.001700            0.001302                      
67        1.863027888382e-01            1.555437447722e-02            0.006746            0.001331                      
68        7.192934051912e+00            6.683431405953e-02            0.262105            0.047973                      
69        2.646475733293e-01            9.076371459724e-03            0.009612            0.001773                      
70        3.936969452770e-01            3.127697839004e-02            0.014323            0.002911                      
71        1.873682724743e-02            8.539988868588e-03            0.000432            0.000332                      
72        1.940664594172e-01            3.827220586839e-02            0.006968            0.001994                      
73        1.869993776725e-01            1.489669383584e-02            0.006800            0.001312                      
74        4.013904774237e+00            4.195157081467e-02            0.146307            0.026918                      
75        1.919254094565e-01            8.584845990663e-03            0.006983            0.001304                      
76        2.060927451151e-01            8.196164682210e-03            0.007502            0.001408                      
77        4.754431083755e+00            4.722523903434e-02            0.173269            0.031756                      
78        2.866907694204e-01            1.440528915495e-02            0.010427            0.001973                      
79        2.735165009537e-01            1.469827410148e-02            0.009953            0.001911                      
80        4.615247904478e-01            2.080658715362e-02            0.016798            0.003192                      
81        5.721724679530e-01            2.187522287999e-02            0.020830            0.003910                      
82        4.439748217144e-01            2.997694180107e-02            0.016167            0.003267                      
83        6.335305742416e-01            3.838173851718e-02            0.023090            0.004643                      
84        6.729971302107e-01            6.029409056246e-02            0.024556            0.005369                      
85        6.829502100788e-01            8.668402178035e-02            0.024943            0.006260                      
86        3.610503769441e-01            8.759243908840e-02            0.012627            0.004881                      
87        1.864982097911e-01            6.478256479665e-02            0.005934            0.003070                      
88        9.145085084271e-01            1.796390527964e-01            0.032099            0.009290                      
89        7.700977690720e-01            2.219439098809e-01            0.024910            0.011143                      
90        2.494684048876e-01            8.985619018055e-02            0.006540            0.003995                      
91        7.168814580020e-01            1.059764588784e-01            0.025571            0.006383                      
92        1.467482673538e+00            4.867243528692e-01            0.044783            0.022017                      
93        3.606318822488e-01            1.608567970018e-01            0.005477            0.004194                      
94        1.145394368562e+00            8.032290723529e-02            0.041309            0.008317                      
95        2.586731951382e+00            1.366503727390e-01            0.093620            0.017708                      
96        1.117756031653e+01            3.670973236461e+00            0.215139            0.160102                      
97        1.151507836386e+01            9.223136914325e-01            0.408728            0.106109                      
98        1.312765334153e+00            5.826592154529e-02            0.047641            0.008811                      
99        1.134670042498e+00            8.221907871091e-02            0.040642            0.008072                      
100       3.550036167396e-01            9.339906338046e-02            0.010345            0.004266                      
101       7.271905787110e-01            2.544676102246e-01            0.006614            0.005120                      
102       5.029165695322e-01            3.227621929189e-02            0.018189            0.003592                      
103       7.244884748783e-01            3.287935443301e-01            0.008256            0.006518                      
104       3.216773827646e-01            4.379576685990e-02            0.011290            0.002671                      
105       2.017197476606e-01            2.748395199817e-02            0.007056            0.001692                      
106       1.512350730172e-01            3.313336969206e-02            0.004515            0.002056                      
107       6.663646804675e-02            2.090850446760e-02            0.001752            0.000868                      
108       1.986340717374e-01            2.209770090360e-02            0.007135            0.001683                      
109       1.197468548243e-01            3.688141911338e-02            0.003837            0.001910                      
110       2.389066217800e-01            5.631850279338e-02            0.003454            0.002243                      
111       6.252587135927e-02            2.688378437198e-02            0.000808            0.000612                      
112       1.554485001172e+00            1.021093606693e-01            0.056111            0.010772                      
1         1.315811662207e-01            4.250588330346e-02            0.003441            0.001771                      
2         1.496892714781e-01            3.310417109715e-02            0.004472            0.002257                      
3         9.511505187907e-02            2.243071309333e-02            0.002009            0.001545                      
4         1.449506795386e-01            4.091855631239e-02            0.003395            0.002215                      
5         1.083424520680e-01            2.710647244691e-02            0.002682            0.001814                      
6         1.312970236908e-01            2.887469174234e-02            0.003205            0.001796                      
7         1.158744838357e-01            1.153983647243e-02            0.002667            0.001098                      
8         1.122671499465e-01            3.253766142500e-02            0.002891            0.001634                      
9         1.202716519504e-01            2.903038352926e-02            0.003104            0.001590                      
10        1.205318794463e-01            2.180166934336e-02            0.003244            0.001670                      
11        1.681285823852e-01            2.881549922320e-02            0.004315            0.001772                      
12        1.408456907520e-01            3.834138307870e-02            0.002583            0.001686                      
13        1.427107514209e-01            4.236049014408e-02            0.003376            0.001727                      
14        1.158100998810e-01            3.679284825872e-02            0.002938            0.002222                      
15        1.236433389278e-01            3.006860824709e-02            0.002583            0.001605                      
16        1.408265333573e-01            5.229143447205e-02            0.003615            0.001794                      
17        1.518774032901e-01            2.832680858329e-02            0.003621            0.001806                      
18        8.674419666633e-02            2.165285349938e-02            0.002430            0.000902                      
19        8.626644236012e-02            1.260558857276e-02            0.002048            0.000995                      
20        1.078923036149e-01            2.743753145139e-02            0.003181            0.001715                      
21        9.827892979135e-02            2.537051421257e-02            0.002696            0.001575                      
22        1.040663150206e-01            2.169197056296e-02            0.002034            0.001253                      
23        1.011216517825e-01            2.518077543666e-02            0.002764            0.001241                      
24        1.040738645341e-01            2.025498312059e-02            0.002158            0.001371                      
25        8.497769584185e-02            2.062209853974e-02            0.002079            0.001278                      
26        9.475523836929e-02            2.202248402710e-02            0.001575            0.001182                      
27        1.189506718151e-01            1.917220070225e-02            0.002238            0.001521                      
28        9.755433348488e-02            2.148859071696e-02            0.002288            0.001199                      
29        7.529957728492e-02            1.811697367297e-02            0.001587            0.001066                      
30        9.572472696293e-02            2.290274055843e-02            0.002213            0.001275                      
31        8.304608361944e-02            2.688973634947e-02            0.001765            0.001154                      
32        7.603341551092e-02            1.470542957198e-02            0.001840            0.001014                      
33        7.323963119032e-02            1.694590413853e-02            0.001791            0.001339                      
34        8.772029562943e-02            1.930989475816e-02            0.002121            0.000971                      
35        8.619880753842e-02            2.372333121813e-02            0.002236            0.001388                      
36        9.151175482062e-02            2.415763809479e-02            0.002074            0.001078                      
37        7.014942277324e-02            1.084677240768e-02            0.001289            0.000912                      
38        8.010169740021e-02            1.376786526505e-02            0.001646            0.001064                      
39        7.197418505326e-02            1.505071863176e-02            0.001337            0.000816                      
40        7.222891920821e-02            1.977476096489e-02            0.001465            0.000904                      
41        8.888967439741e-02            2.154715638421e-02            0.002020            0.001640                      
42        9.088355904414e-02            2.278147650540e-02            0.001634            0.000910                      
43        6.019226816561e-02            1.592588610905e-02            0.001104            0.000748                      
44        7.911485853421e-02            2.108023498979e-02            0.001325            0.000941                      
45        4.847077049848e-02            1.419643330384e-02            0.001400            0.000979                      
46        6.382417884867e-02            1.237078962975e-02            0.001623            0.000779                      
47        5.488141107428e-02            1.454225899709e-02            0.001004            0.000706                      
48        7.508338052519e-02            2.264566592247e-02            0.002223            0.000941                      
49        5.510118631863e-02            1.416717244013e-02            0.000983            0.000682                      
50        5.913712292954e-02            1.201695180160e-02            0.001375            0.000701                      
51        4.641014292031e-02            1.084338704600e-02            0.001198            0.000662                      
52        4.414122463144e-02            1.197901514942e-02            0.001076            0.000555                      
53        7.198541208692e-02            1.635258499349e-02            0.001591            0.000966                      
54        6.133623997530e-02            1.576753558131e-02            0.001072            0.000813                      
55        6.030175995664e-02            1.351602414521e-02            0.000857            0.000644                      
56        7.404716915901e-02            1.886040739222e-02            0.001972            0.000921                      
57        6.765853973265e-02            1.955910427671e-02            0.001556            0.000841                      
58        7.372106205934e-02            2.062851995123e-02            0.001954            0.001044                      
59        6.516535994124e-02            1.397546744294e-02            0.001276            0.000883                      
60        9.347874945841e-02            2.094416478323e-02            0.002414            0.001041                      
61        7.879235046838e-02            1.546553393101e-02            0.001825            0.000941                      
62        6.764915637173e-02            1.343227038304e-02            0.001205            0.000799                      
63        5.164644696256e-02            1.185226616648e-02            0.001361            0.000779                      
64        4.336755915501e-02            9.496827747533e-03            0.000814            0.000698                      
65        5.738874792382e-02            1.377277497720e-02            0.001263            0.000731                      
66        6.205438925586e-02            1.222550265985e-02            0.000898            0.000622                      
67        5.569559020077e-02            1.427656134334e-02            0.001358            0.000758                      
68        6.600666741102e-02            1.606246302014e-02            0.001693            0.000914                      
69        5.297967412478e-02            1.200293211098e-02            0.001199            0.000736                      
70        5.833450806946e-02            1.812570767376e-02            0.001465            0.000730                      
71        3.761785874804e-02            8.881532917674e-03            0.000646            0.000432                      
72        5.722348483030e-02            1.374827839692e-02            0.001252            0.000744                      
73        6.023139266725e-02            1.175976168034e-02            0.001309            0.000817                      
74        5.824339869991e-02            1.700265874311e-02            0.001434            0.000806                      
75        4.856194493949e-02            1.318708208812e-02            0.001013            0.000633                      
76        5.304047565863e-02            1.215342798251e-02            0.000897            0.000641                      
77        3.831841208335e-02            8.000155431604e-03            0.000755            0.000461                      
78        5.105597721601e-02            1.177472282438e-02            0.001267            0.000739                      
79        6.040727051951e-02            2.058035566520e-02            0.001391            0.000741                      
80        4.737611922829e-02            1.003092957294e-02            0.000707            0.000500                      
81        3.945063412921e-02            1.046146542695e-02            0.000921            0.000632                      
82        4.295791063703e-02            7.687131758275e-03            0.000495            0.000336                      
83        4.755702012135e-02            1.450158527156e-02            0.000901            0.000663                      
84        5.878163601982e-02            1.737381016583e-02            0.001492            0.000736                      
85        4.126961127321e-02            1.119687824292e-02            0.001069            0.000558                      
86        3.885523021082e-02            1.051162256280e-02            0.000824            0.000564                      
87        4.917435075247e-02            1.350280106980e-02            0.000782            0.000458                      
88        4.617361177869e-02            8.908795784062e-03            0.000976            0.000691                      
89        3.734877377471e-02            9.786577388350e-03            0.000829            0.000436                      
90        4.038623118413e-02            1.074744910838e-02            0.000937            0.000466                      
91        3.630172367919e-02            8.899907191737e-03            0.000883            0.000429                      
92        4.520263107683e-02            1.114995959775e-02            0.001180            0.000618                      
93        3.968714530368e-02            1.174924847449e-02            0.001117            0.000738                      
94        3.152920972815e-02            6.168306929764e-03            0.000516            0.000321                      
95        3.838087024091e-02            8.198073596261e-03            0.000740            0.000410                      
96        3.229440913851e-02            7.874995135540e-03            0.000728            0.000421                      
97        2.601758711608e-02            4.256060557890e-03            0.000452            0.000313                      
98        3.249953732494e-02            5.764812552184e-03            0.000614            0.000321                      
99        2.735363107269e-02            6.858433493633e-03            0.000472            0.000335                      
100       3.444299401862e-02            5.872768348661e-03            0.000524            0.000265                      
101       4.958459329046e-01            1.366939346304e-01            0.007520            0.005160                      
102       2.448521621366e-01            6.472495175393e-02            0.002063            0.001569                      
103       3.617599005349e-01            6.819425344427e-02            0.005298            0.003700                      
104       5.144922495708e-01            1.221147764863e-01            0.005136            0.004112                      
105       5.032548844231e-01            2.008132606306e-01            0.009799            0.007120                      
106       6.183255078744e-01            1.244814018892e-01            0.008139            0.004999                      
107       2.571540603749e-01            1.010341015284e-01            0.003521            0.002882                      
108       3.426175131290e-01            7.500926272346e-02            0.006011            0.003145                      
109       6.602252920347e-01            1.781005978126e-01            0.009350            0.006111                      
110       4.145501250850e-01            8.391682191960e-02            0.008114            0.003920                      
111       5.227417157388e-01            1.312943038167e-01            0.008615            0.005207                      
112       2.314036699439e-01            4.360132348749e-02            0.002804            0.001965                      
113       3.932300934818e-01            1.008749869206e-01            0.004112            0.002951                      
114       2.078862251044e-01            3.553972801793e-02            0.002072            0.001402                      
115       2.622211917081e-01            6.637586137672e-02            0.003082            0.002453                      
116       4.600721857956e-01            1.724653224959e-01            0.006134            0.004147                      
117       3.527383350681e-01            8.983479055085e-02            0.006024            0.003760                      
118       4.101449311822e-01            3.556694194422e-02            0.003684            0.002894                      
119       3.060445522535e-01            6.417798296946e-02            0.002588            0.001774                      
120       2.520495606655e-01            5.545824503720e-02            0.002981            0.002120                      
121       2.628661920513e-01            4.544433327490e-02            0.004218            0.002743                      
122       1.723694740607e-01            2.122957749082e-02            0.003262            0.001626                      
123       4.530054952277e-01            9.837543183118e-02            0.007060            0.004695                      
124       2.990555058741e-01            7.683426470786e-02            0.004961            0.002610                      
125       2.009167840077e-01            4.951689005524e-02            0.002122            0.001684                      
126       2.026755731514e-01            4.264870192705e-02            0.002097            0.001434                      
127       2.021491023046e-01            4.151138563178e-02            0.003732            0.002066                      
128       1.692367579570e-01            3.927350933522e-02            0.003514            0.001872                      
129       2.458506222712e-01            5.325922524509e-02            0.002492            0.001890                      
130       1.873726186162e-01            4.887858608674e-02            0.002654            0.001675                      
131       1.999587233964e-01            4.394581557059e-02            0.002229            0.001536                      
132       2.453037730153e-01            8.805542773084e-02            0.003011            0.002137                      
133       2.670506354201e-01            6.944972509277e-02            0.004535            0.002443                      
134       2.344527416123e-01            5.464722604758e-02            0.003428            0.002508                      
135       2.314741196292e-01            6.178728148412e-02            0.003549            0.002032                      
136       2.615425282927e-01            5.314795620558e-02            0.005131            0.002794                      
137       3.106285410768e-01            4.816154412544e-02            0.004749            0.002793                      
138       1.645854215971e-01            3.622328149230e-02            0.002297            0.001607                      
139       2.346458735889e-01            7.580008087387e-02            0.002731            0.002054                      
140       2.004465409670e-01            4.164426194184e-02            0.002256            0.001536                      
141       2.268397681717e-01            3.381713143013e-02            0.001877            0.001338                      
142       1.653125717427e-01            3.305739093933e-02            0.003439            0.001852                      
143       1.356049407291e-01            2.655904106248e-02            0.001108            0.000790                      
144       1.740155465438e-01            4.160924502765e-02            0.001212            0.000893                      
145       1.685788494730e-01            3.692917794788e-02            0.002850            0.001584                      
146       1.854221376498e-01            4.176505356986e-02            0.002684            0.001845                      
147       1.525664293416e-01            3.581510703921e-02            0.001546            0.001100                      
148       1.422146098571e-01            3.511565840973e-02            0.001248            0.000875                      
149       1.685960152282e-01            3.423579662076e-02            0.001489            0.001108                      
150       1.401199457535e-01            3.674512508708e-02            0.001869            0.001297                      
151       9.238288183079e-02            1.287721930160e-02            0.001982            0.000874                      
152       1.279493912707e-01            1.586974489098e-02            0.002359            0.001454                      
153       1.386467143493e-01            3.229060845169e-02            0.002887            0.001590                      
154       1.334816500533e-01            2.738776871748e-02            0.001304            0.000966                      
155       1.210230586893e-01            2.505692531526e-02            0.001877            0.001182                      
156       1.466474238387e-01            2.760768584222e-02            0.001275            0.000851                      
157       1.305909853039e-01            2.822084225416e-02            0.002261            0.001294                      
158       1.622862114905e-01            5.072439048650e-02            0.001802            0.001250                      
159       9.549089804914e-02            2.508559696049e-02            0.000868            0.000636                      
160       1.383972207042e-01            1.815941393472e-02            0.001242            0.000870                      
161       1.253779948615e-01            3.402204067092e-02            0.002338            0.001319                      
162       1.112709746427e-01            1.820388962284e-02            0.002045            0.001124                      
163       1.198233672236e-01            3.143722526226e-02            0.002498            0.001419                      
164       1.589786309596e-01            3.050856511370e-02            0.001518            0.001009                      
165       1.515208097168e-01            3.240288064341e-02            0.001723            0.001237                      
166       1.248381571349e-01            2.870800794415e-02            0.001705            0.001146                      
167       1.434815645714e-01            2.276322798359e-02            0.001522            0.000978                      
168       8.345454892638e-02            2.369893808271e-02            0.001008            0.000755                      
169       1.031590072876e-01            3.167497620769e-02            0.001393            0.000822                      
170       9.112513431240e-02            1.865091378195e-02            0.001127            0.000734                      
171       9.148220585410e-02            2.164065085434e-02            0.001269            0.000886                      
172       1.330729531593e-01            3.676238462900e-02            0.002715            0.001588                      
173       1.598021192961e-01            3.265307469852e-02            0.001308            0.000986                      
174       8.167345186570e-02            2.252763473317e-02            0.001242            0.000766                      
175       8.184214277201e-02            2.358759073459e-02            0.000969            0.000718                      
176       1.170136703149e-01            2.372698238507e-02            0.001145            0.000822                      
177       8.784617931708e-02            2.058226665354e-02            0.001147            0.000937                      
178       1.162372719139e-01            2.374208743583e-02            0.001141            0.000772                      
179       1.122496640091e-01            3.570196385398e-02            0.001624            0.001076                      
180       8.899375948939e-02            2.085574301665e-02            0.001049            0.000696                      
181       7.549781872480e-02            2.070254526976e-02            0.000775            0.000668                      
182       1.283114415731e-01            2.657667500951e-02            0.001931            0.001243                      
183       6.589704856023e-02            1.832669172577e-02            0.001183            0.000700                      
184       9.869579770457e-02            3.457479766236e-02            0.001497            0.000974                      
185       7.929899186269e-02            2.082620146219e-02            0.001438            0.000843                      
186       6.920800801078e-02            1.913234981671e-02            0.001546            0.000598                      
187       7.876581195901e-02            2.403145683596e-02            0.001011            0.000756                      
188       7.032520724448e-02            1.842795453771e-02            0.001503            0.000589                      
189       5.952837438648e-02            1.796310126795e-02            0.000890            0.000588                      
190       6.942555144664e-02            1.622560800349e-02            0.001091            0.000704                      
191       1.021699949399e-01            2.925378687756e-02            0.001156            0.000849                      
192       6.881879973737e-02            2.248903092052e-02            0.000915            0.000636                      
193       6.995765261555e-02            1.528243401106e-02            0.000757            0.000581                      
194       8.953854517252e-02            2.776968277989e-02            0.000749            0.000577                      
195       7.097470516131e-02            1.605372067074e-02            0.000657            0.000460                      
196       6.458874374753e-02            1.484488313014e-02            0.000956            0.000511                      
197       6.557740837924e-02            1.381350417689e-02            0.000907            0.000574                      
198       6.867410629880e-02            1.690632926198e-02            0.001223            0.000772                      
199       4.788949101156e-02            1.102943073919e-02            0.000636            0.000382                      
200       5.378244661363e-02            1.286656158349e-02            0.000817            0.000473                      
201       4.453866216512e-02            1.020590009273e-02            0.000474            0.000348                      
202       5.646443574316e-02            1.577521963523e-02            0.000858            0.000480                      
