@    title "Magnitude of Electric Field"
@    xaxis  label "Residues"
@    yaxis  label "MV/cm"
#time  EField_Magnitude
@type xydy
21        2.515482145493e-01            3.204594512381e-02            
22        2.348493083586e+00            2.104855305588e-02            
23        4.139881737173e+00            3.420818677460e-02            
24        1.046244019877e-01            6.258630163121e-03            
25        5.102237476276e-02            1.076730728372e-02            
26        7.370268014881e-02            6.478357881536e-03            
27        1.068642487990e-01            9.316807263545e-03            
28        1.679735270353e-01            1.198783680452e-02            
29        1.242546980618e-01            8.532571168089e-03            
30        6.333787001250e-02            1.146376669160e-02            
31        3.170247830796e-01            1.432693219629e-02            
32        1.578460784890e-01            1.145616307513e-02            
33        3.150606898005e-02            8.529335468388e-03            
34        9.072384109551e-02            3.361077598108e-02            
35        3.677434600283e-02            1.393140696516e-02            
36        2.391302057102e-02            1.025380926538e-02            
37        1.911799627206e-01            7.435342462628e-02            
38        3.915590214052e-01            1.938933221385e-02            
39        1.342292961494e-01            2.311749089956e-02            
40        2.061956055113e-01            9.090385061682e-03            
41        4.859215276255e-01            1.669898987310e-02            
42        4.102655993141e-01            5.640520917535e-02            
43        4.518111541889e-01            1.695001454711e-02            
44        4.972436710818e-01            1.390478175082e-02            
45        5.288633912514e-01            1.380142551434e-02            
46        6.913683843379e-01            1.260769288961e-01            
47        4.213076819208e-01            3.059911440366e-02            
48        1.320861380773e-01            3.289437945481e-02            
49        1.478793066395e+00            7.309187178898e-02            
50        4.620352993958e-01            9.082828209728e-03            
51        7.425597057413e-01            1.433423236981e-02            
52        1.066451559206e+00            9.335468593527e-02            
53        8.951738273191e-01            2.652386852139e-02            
54        8.471430414177e-01            2.593728789503e-02            
55        1.876966171053e+00            2.066169627833e-01            
56        1.089488952066e+00            7.151291522780e-02            
57        9.046027498757e-01            6.989912486348e-02            
58        6.953338450328e-01            4.415439299672e-02            
59        1.016602807791e+00            1.531514227187e-01            
60        2.307858253113e+00            1.614955825982e-01            
61        2.613317357433e-01            6.026622097608e-02            
62        8.732030369404e-01            9.349565737220e-02            
63        1.526091072478e+00            1.788837528251e-01            
64        5.338230952146e+00            1.886038816556e-01            
65        1.407414105022e+01            5.926806647436e-01            
66        6.083654413197e+01            2.357741559899e+00            
67        1.691392460581e+01            1.662383949369e+00            
68        2.290369505920e+01            9.981519488526e-01            
69        4.044445740696e+00            2.735223533596e-01            
70        5.768997263055e+00            4.685063482704e-01            
71        4.630845299976e-01            1.216556229931e-01            
72        2.085293678779e+00            4.170955799839e-01            
73        6.816401636521e-01            3.373795108404e-02            
74        2.507145666786e-01            1.000205392179e-01            
75        5.367328183897e-01            1.191805595136e-02            
76        7.647976997678e-01            2.320719520885e-02            
77        6.934437313134e-01            1.669007852920e-01            
78        5.621270224584e-01            1.923935280045e-02            
79        3.259093517706e-01            2.197677201176e-02            
80        5.717544610286e-01            5.557412628134e-02            
81        4.975859869575e-01            2.693298051781e-02            
82        2.853539659633e-01            2.594793202832e-02            
83        1.490039451997e-01            3.338457960845e-02            
84        4.023978801078e-01            3.992890261389e-02            
85        1.911657852490e-01            3.017517223546e-02            
86        5.779225174365e-02            1.919895697435e-02            
87        2.896589533125e-01            2.945679864333e-02            
88        2.775060131045e-01            3.083585877575e-02            
89        8.797737826288e-02            2.306324314496e-02            
90        6.891045692737e-02            1.783935920129e-02            
91        3.815781074483e-01            2.240796552853e-02            
92        3.402036220289e-01            2.014068260943e-02            
93        6.411782956920e-02            1.246719414333e-02            
94        2.486276470097e-01            1.176305189163e-02            
95        3.998041891407e-01            1.589189702976e-02            
96        4.407344629614e-01            2.523027888292e-02            
97        4.792170414298e+00            5.799721027615e-02            
98        2.763691440418e-01            8.824082371359e-03            
99        2.645906148036e-01            8.131375694716e-03            
100       1.425059804897e-01            5.857451188352e-03            
101       2.593233952523e-02            1.073680450597e-02            
102       1.734626937886e-01            4.388009230254e-03            
103       9.595941869390e-02            3.496809369434e-02            
104       1.108413649592e-01            6.095949979721e-03            
105       7.382470010540e-02            4.121178674782e-03            
106       1.765010617173e-01            2.097968211051e-02            
107       1.434429806753e-01            4.756939393809e-03            
108       7.777791942998e-02            4.005620949765e-03            
109       7.916406478880e-02            1.024620477481e-02            
110       1.960619351737e-01            2.440501098587e-02            
111       7.004439071832e-02            4.783046635426e-03            
112       1.753955156986e-02            3.740150034821e-03            
113       1.785087356606e+00            7.273471484567e-03            
