@    title "Electric Field"
@    xaxis  label "Time (ps)"
@    yaxis  label "MV/cm"
#time      Magnitude                     Efield_X                      Efield_Y                     Efield_Z
@type xy
10        5.803318312413e+01            -5.660576682306e+00           -4.029263796253e+00           5.761573785350e+01            
20        5.753263636420e+01            -2.835252845864e+00           -4.251852970759e+00           5.730521210702e+01            
30        5.748964498902e+01            -2.590386706985e+00           -1.849655708094e+00           5.740146297293e+01            
40        5.671931257487e+01            -4.491438803978e+00           -1.965325001062e+00           5.650703402300e+01            
50        5.522133372820e+01            -1.948849521967e+00           -5.240834086230e+00           5.493752217149e+01            
60        5.759977383696e+01            -1.390947474497e+00           -2.733525693428e+00           5.751805845537e+01            
70        5.757422080923e+01            -6.860185992784e+00           -3.818347965096e+00           5.703638285123e+01            
80        5.914844305808e+01            -4.132627364332e+00           -4.461782069228e+00           5.883495736404e+01            
90        5.516562788044e+01            -2.536320415149e+00           -3.731277858683e+00           5.498082523696e+01            
100       5.794447097521e+01            3.395716586260e-01            -5.603234868583e+00           5.767191835454e+01            
110       5.704740501041e+01            -4.390971366116e+00           -5.670601723405e+00           5.659478831993e+01            
120       5.627228957336e+01            -4.694370985581e+00           -1.226612840268e+00           5.606272269358e+01            
130       5.856109497215e+01            -4.186547288407e+00           -4.188884647978e+00           5.826086088915e+01            
140       5.570872189109e+01            -3.052772318121e+00           -2.947085120802e+00           5.554688978875e+01            
150       5.708456303163e+01            -1.465972631126e+00           -2.954393007798e+00           5.698920794951e+01            
160       5.750805985956e+01            -3.068684520169e+00           -4.412108500083e+00           5.725638324860e+01            
170       5.829744954214e+01            -2.313083508632e+00           -6.130329297804e+00           5.792807031570e+01            
180       5.807013934068e+01            -6.499672751396e-01           -5.039908610803e+00           5.784736767375e+01            
190       5.639409606983e+01            -3.478376790676e+00           -1.743796549720e+00           5.625970263011e+01            
200       5.706974896715e+01            -7.320096584266e-01           -5.124700436067e+00           5.683447769158e+01            
210       6.026921270124e+01            -3.966477471742e+00           -5.738904391203e+00           5.986409635568e+01            
220       5.783316346948e+01            -3.414841523856e+00           -4.440646030757e+00           5.756122233834e+01            
230       5.546270770507e+01            -4.772173075348e+00           -6.342770304979e+00           5.489178057757e+01            
240       5.640588051633e+01            -5.573857134762e+00           -6.638926531533e+00           5.573580651585e+01            
250       5.768015559547e+01            -4.178791416560e+00           -6.074883755494e+00           5.720693873274e+01            
260       5.573249374990e+01            -3.234800085064e+00           -4.779334745930e+00           5.543288633455e+01            
270       5.501485716036e+01            -3.322973972507e+00           -4.470685714048e+00           5.473212330614e+01            
280       5.829627491764e+01            -4.364120304687e+00           -2.282407916831e+00           5.808787082809e+01            
290       5.862675234887e+01            -3.210373682716e+00           -2.696527994144e-01           5.853816600442e+01            
300       5.598323076093e+01            -4.998157099097e+00           -4.041527042322e+00           5.561300757207e+01            
310       5.375980704693e+01            -4.878290811265e+00           -3.063411520436e+00           5.345030067587e+01            
320       5.703207213661e+01            -4.042704028691e+00           -5.821915819179e+00           5.658992041456e+01            
330       5.859947776688e+01            -3.089127383628e+00           -4.720457583605e+00           5.832729521211e+01            
340       6.017653004214e+01            -4.565903536519e+00           -2.847429719770e+00           5.993546059553e+01            
350       5.899401627008e+01            -1.201387400819e+00           -1.427678817355e+00           5.896450082196e+01            
360       5.805961762430e+01            -2.694822694332e+00           -3.064056564915e+00           5.791604861083e+01            
370       5.613851679821e+01            -2.049082829007e-01           -2.872885303761e+00           5.606458428393e+01            
380       5.822329039330e+01            -1.516777959497e+00           -4.939559213046e+00           5.799354863797e+01            
390       5.916617435468e+01            -2.688841052166e-01           -3.426453892729e+00           5.906626196762e+01            
400       5.680382828278e+01            -2.975991491480e+00           -1.302548452357e+00           5.671086095054e+01            
410       5.737584832610e+01            -3.951257695847e+00           -3.516170162891e+00           5.713153315942e+01            
420       5.534374610434e+01            -1.962299615068e+00           -1.843217699184e+00           5.527822502212e+01            
430       5.705357072419e+01            -9.476205619937e-01           -4.136524142146e+00           5.689552808149e+01            
440       5.663710729202e+01            1.380666847358e-01            -4.513179259999e+00           5.645683371360e+01            
450       5.660039776429e+01            -1.995631015264e-01           -8.028500176076e-01           5.659435160414e+01            
460       5.845926481442e+01            -1.120833870136e+00           -2.632460595364e+00           5.838920726720e+01            
470       5.465145546441e+01            -2.245271627362e+00           -4.200132931738e+00           5.444354161012e+01            
480       5.583272741702e+01            -3.300089858370e+00           -3.043625226067e+00           5.565194698511e+01            
490       5.485365796370e+01            -3.341688753343e+00           -2.048938281546e+00           5.471342394873e+01            
500       5.639816840736e+01            -7.593011328808e-02           -3.078516656776e+00           5.631403350424e+01            
510       5.726371932131e+01            -1.686914832147e+00           -5.497914888353e+00           5.697421171670e+01            
520       5.938172370766e+01            -2.405971877924e+00           -3.837510915123e+00           5.920873178672e+01            
530       5.605759471083e+01            -2.207629871216e+00           -1.786839390297e+00           5.598560082833e+01            
540       5.539016556104e+01            -2.650981793416e+00           -1.558356064352e+00           5.530473996672e+01            
550       5.625101762998e+01            -3.913246488890e+00           -3.865124303031e+00           5.598146390054e+01            
560       5.403675995843e+01            -2.860649250576e+00           -2.908328288614e+00           5.388255505482e+01            
570       5.522710437334e+01            -2.672761990173e+00           -1.731470699848e+00           5.513521025645e+01            
580       5.442085507612e+01            -3.473657075386e+00           -2.063758512890e+00           5.427065574083e+01            
590       5.555878849899e+01            -5.238868822888e-01           -5.142262205953e+00           5.531782408425e+01            
600       5.591454193506e+01            -1.124046528679e+00           -3.470387588646e+00           5.579542032455e+01            
610       5.568257501878e+01            -3.178648560062e-01           -2.765905506363e+00           5.561292915667e+01            
620       5.720265773675e+01            -5.477804029626e+00           -2.580561645263e+00           5.688126595599e+01            
630       5.583902395294e+01            -4.079703693003e+00           -2.602161784148e+00           5.562896159235e+01            
640       5.641914206774e+01            -5.184201155987e+00           -2.504480883469e+00           5.612460445775e+01            
650       5.608060411451e+01            -4.508517407295e+00           -8.887011442872e-01           5.589201766722e+01            
660       5.536219153141e+01            -3.031029583070e+00           -1.487447266637e+00           5.525914052405e+01            
670       5.554544053431e+01            -2.482989043252e+00           -2.190574697203e+00           5.544666006224e+01            
680       5.593313882236e+01            -4.317602445438e+00           2.085022270582e+00            5.572725553781e+01            
690       5.593494382462e+01            -3.561263307168e+00           -1.115798152722e+00           5.581030674349e+01            
700       5.604066572542e+01            -2.729379631167e+00           -1.782689603022e+00           5.594576587693e+01            
710       5.796821336352e+01            -2.438938591923e+00           -5.802466636386e-01           5.791397631757e+01            
720       5.492676576446e+01            -2.161322247098e-01           -2.290178194239e+00           5.487857476324e+01            
730       5.551321076276e+01            -2.409105990471e-01           -7.087902230435e-01           5.550816289244e+01            
740       5.457863715959e+01            -1.215835584332e+00           -1.380422416695e+00           5.454762883922e+01            
750       5.779638655514e+01            6.100272399365e-01            1.677434966430e-01            5.779292368203e+01            
760       5.467741689634e+01            -5.746754702691e-01           -1.884509838310e+00           5.464190964113e+01            
770       5.714990882052e+01            -6.441759064218e-01           -2.878638973567e+00           5.707372909891e+01            
780       5.796039603329e+01            9.123582995031e-03            -2.012034855551e+00           5.792546193891e+01            
790       5.745283950991e+01            -2.089560994530e+00           -1.437769966542e+00           5.739682325813e+01            
800       5.669218687459e+01            -1.412600339792e+00           7.333741729839e-01            5.666984008471e+01            
810       5.440373021436e+01            1.576250230421e-01            -2.913196350265e+00           5.432544802037e+01            
820       5.856829572728e+01            2.823439827695e-01            -1.168969288636e+00           5.855594809305e+01            
830       5.647116843208e+01            -9.959420342283e-01           2.068937695250e-02            5.646238159606e+01            
840       5.667436670286e+01            -1.025665848701e+00           1.350663211472e-02            5.666508332570e+01            
850       5.568043107089e+01            -9.515542609390e-01           1.099058371343e+00            5.566145002984e+01            
860       5.801968290765e+01            5.073213895368e-01            3.358010759280e-01            5.801649306317e+01            
870       5.598553165097e+01            8.884635012820e-01            -1.213362057935e+00           5.596532979770e+01            
880       6.116672128663e+01            5.758325735252e-02            -4.064118838847e+00           6.103152804239e+01            
890       5.871571571943e+01            7.251305242439e-01            -2.054443352515e+00           5.867528202471e+01            
900       5.985855394419e+01            7.345425887328e-01            -6.019113829006e+00           5.955062716873e+01            
910       5.935364755969e+01            3.676329061832e+00            -3.419898287086e+00           5.914088584875e+01            
920       5.530573789534e+01            1.095862571025e-01            -1.977294460072e-01           5.530527586105e+01            
930       6.054267824102e+01            1.310465178416e+00            -3.160727754975e+00           6.044591276232e+01            
940       5.775684683797e+01            2.866135226333e+00            -2.463894551331e+00           5.763304476747e+01            
950       5.496011461244e+01            1.376385982170e+00            -3.091994858198e+00           5.485580486728e+01            
960       5.696237018299e+01            1.719386974019e+00            -2.398254820301e+00           5.688588312678e+01            
970       5.539286839305e+01            1.843267767698e+00            -2.483005070754e+00           5.530648170481e+01            
980       5.530482698659e+01            -2.887450100677e-01           -2.152692009791e+00           5.526216093718e+01            
990       5.446587625534e+01            2.188890136100e+00            -2.012379577684e+00           5.438465559944e+01            
1000      5.814632469251e+01            2.570010650746e+00            -1.859914887933e-01           5.808920319360e+01            
1010      5.740755010635e+01            1.295100602953e+00            -1.364082204039e+00           5.737672701873e+01            
1020      5.414405615542e+01            -7.272896367904e-02           -1.758918394068e+00           5.411542971780e+01            
1030      5.671968736661e+01            3.387695167111e-03            -3.536701697123e+00           5.660931605835e+01            
1040      5.705693527824e+01            2.252351047011e+00            -1.362555820974e+00           5.699617723796e+01            
1050      5.326301869786e+01            2.666007452094e-01            -1.094534404925e+00           5.325110401942e+01            
1060      5.698660114278e+01            -1.484224357365e+00           -8.702046017672e-01           5.696062264244e+01            
1070      5.649877403801e+01            -9.897690816657e-01           -1.307481974997e+00           5.647497070250e+01            
1080      5.323145353759e+01            -1.475498644455e+00           -2.579061138607e+00           5.314846181328e+01            
1090      5.549862360972e+01            2.818186123110e-01            -4.329528303880e+00           5.532877176939e+01            
1100      5.553667100791e+01            2.405733276394e+00            -2.919867327465e+00           5.540765875611e+01            
1110      5.715251548593e+01            -1.932530636918e+00           -9.353574174164e-01           5.711217434321e+01            
1120      5.601560089633e+01            -9.022246883203e-01           -9.054547234302e-01           5.600101504555e+01            
1130      5.426369301363e+01            -3.336429752001e-01           7.384115765716e-01            5.425764287348e+01            
1140      5.728394349244e+01            -3.008911071425e+00           3.591978761418e-01            5.720373775458e+01            
1150      5.625803241489e+01            -2.824928410689e-04           -1.766164723492e+00           5.623030209135e+01            
1160      5.879257975092e+01            -2.542308078068e+00           -4.241263330468e+00           5.858426229600e+01            
1170      5.889526551853e+01            -1.675497612783e+00           -4.889845742409e-01           5.886939699312e+01            
1180      5.630158971372e+01            -3.333805260044e-01           -8.346353943203e-01           5.629441575748e+01            
1190      5.483493974465e+01            4.719214421800e-02            -2.004948580205e+00           5.479825335621e+01            
1200      5.705194169400e+01            2.036711315909e+00            1.498207424370e+00            5.699588785680e+01            
1210      5.653616829476e+01            -3.098088883791e+00           -1.943553486044e-01           5.645088481787e+01            
1220      5.606218012820e+01            2.019146873183e+00            1.092651733459e+00            5.601515151118e+01            
1230      5.735302024664e+01            -1.748536881801e+00           1.071416835726e+00            5.731634684929e+01            
1240      5.594841709837e+01            -1.389794553671e+00           7.744920234128e-01            5.592579019573e+01            
1250      5.784220299524e+01            -1.868768030006e+00           -2.526983964725e+00           5.775675289899e+01            
1260      5.727564160219e+01            -4.125398588969e+00           1.373154812836e+00            5.711037255425e+01            
1270      5.772208124809e+01            -7.895531535655e-01           -1.899407917950e-01           5.771636849217e+01            
1280      5.984145435875e+01            -1.003116878268e-01           -2.285686156517e+00           5.979770259910e+01            
1290      5.324908460015e+01            -1.649360935557e+00           1.563103944077e+00            5.320057636265e+01            
1300      5.617059609098e+01            -3.066222436743e-01           -1.139150682336e+00           5.615820673542e+01            
1310      5.524744927146e+01            -2.420479453504e-01           6.997853575882e-01            5.524248694844e+01            
1320      5.640215743231e+01            -3.463830311932e-01           -3.215742639677e-01           5.640017705476e+01            
1330      5.427164764598e+01            -4.727360126706e-01           -1.119809922305e+00           5.425803428626e+01            
1340      5.658284850115e+01            -1.174882126346e+00           -1.338700176002e+00           5.655480773844e+01            
1350      5.853991571160e+01            9.060423149724e-01            -1.420038649496e+00           5.851567575512e+01            
1360      5.526633130384e+01            -2.955606997098e-01           2.514598075490e-01            5.526496890095e+01            
1370      5.562841153094e+01            -2.533000084014e+00           -7.882100117800e-01           5.556512219916e+01            
1380      5.897701338662e+01            -2.911904631487e+00           -1.582458325473e+00           5.888382413762e+01            
1390      5.535127937140e+01            -5.356680182152e-01           8.539877585735e-01            5.534209873806e+01            
1400      5.557892201983e+01            -2.807543457934e+00           3.658408234764e-01            5.550676024693e+01            
1410      5.436391829502e+01            -5.782176522468e-01           -2.186723175184e+00           5.431684378247e+01            
1420      5.678207057371e+01            7.781417033975e-01            -2.312602188956e+00           5.672962105675e+01            
1430      5.452394333676e+01            8.108168583235e-01            -2.158268154301e-01           5.451748702754e+01            
1440      5.576144665206e+01            -8.038224913634e-01           -3.269751021285e+00           5.565969394806e+01            
1450      5.701389158620e+01            -2.135089075726e-01           -1.959095859161e+00           5.697982266701e+01            
1460      5.502475890446e+01            8.739028934497e-01            -3.740272581011e+00           5.489053422264e+01            
1470      5.630271950437e+01            -1.274604806962e+00           -1.345231140849e+00           5.627221303052e+01            
1480      5.481504260784e+01            -2.160773840139e-01           -2.233542205860e+00           5.476909252378e+01            
1490      5.611435556972e+01            -7.695260426328e-01           -1.085190306403e+00           5.609858369579e+01            
1500      5.537743606626e+01            8.545988894356e-01            -1.646876549086e+00           5.534634480833e+01            
1510      5.703952219082e+01            8.560780853516e-01            -9.113416687584e-01           5.702581589448e+01            
1520      5.547698751477e+01            8.344615995586e-01            9.591108673662e-03            5.547071051972e+01            
1530      5.738393539351e+01            -1.610182895122e-01           -1.950978166494e+00           5.735053442254e+01            
1540      5.799181655516e+01            -1.033505674151e+00           -1.983610085470e+00           5.794866645935e+01            
1550      5.688933360377e+01            -2.106957301482e+00           -1.173937750060e+00           5.683818152413e+01            
1560      5.579249504436e+01            -2.192436461001e+00           -9.762068890581e-01           5.574085347166e+01            
1570      5.537435694042e+01            -2.262668512967e+00           -1.993541587630e+00           5.529218326042e+01            
1580      5.467528991302e+01            -2.624538177700e+00           -6.634080662832e-01           5.460823212817e+01            
1590      6.095881194144e+01            -3.491317373279e+00           -1.870794020467e+00           6.082998919976e+01            
1600      5.532063164030e+01            -3.140568582358e+00           -1.292490066194e+00           5.521628911372e+01            
1610      5.640002030600e+01            -6.483656733023e+00           -1.456626662635e+00           5.600716672580e+01            
1620      5.603210523455e+01            -4.083751604209e+00           5.237313288993e-01            5.588063613942e+01            
1630      5.775520238091e+01            -5.318859303413e+00           -7.734474078815e-01           5.750456431343e+01            
1640      5.840844726838e+01            -4.136639712685e+00           -1.130001786259e+00           5.825081990971e+01            
1650      5.852102113090e+01            -3.563896423062e+00           -1.721022647686e+00           5.838704169193e+01            
1660      5.621657470293e+01            -2.849541371462e+00           -1.479356428404e+00           5.612481527684e+01            
1670      5.668527956595e+01            -1.115390189588e+00           -7.730523942105e-02           5.667425207354e+01            
1680      5.725273680729e+01            1.754250776347e+00            -2.289233391124e+00           5.718004797671e+01            
1690      5.501355025827e+01            -8.255081719445e-01           -9.539571768244e-01           5.499908375585e+01            
1700      5.625347629000e+01            -1.648015756244e+00           -2.300084158731e+00           5.618226812474e+01            
1710      5.516482309252e+01            4.328544773240e-01            -1.794484156236e+00           5.513392939419e+01            
1720      5.689586072041e+01            -3.191395576770e-01           -1.492610634877e+00           5.687538334422e+01            
1730      5.639754249363e+01            -7.883930260175e-01           -1.751875185261e-01           5.639175954952e+01            
1740      5.966685704998e+01            7.297694133950e-01            5.785591766750e-01            5.965958880268e+01            
1750      5.803299989329e+01            -1.476907813787e+00           5.361846945477e-01            5.801172576210e+01            
1760      5.797014102823e+01            -2.774213494673e+00           -9.716821546499e-01           5.789556825966e+01            
1770      5.680531107020e+01            -9.135481395039e-01           -2.260536781472e-02           5.679796021493e+01            
1780      5.794434710528e+01            -2.759789574845e+00           -8.636918094437e-01           5.787214320741e+01            
1790      5.753612259719e+01            -2.036275344828e+00           -6.267315907156e-01           5.749666245751e+01            
1800      5.314303794962e+01            -6.290028382964e-01           2.785025523182e+00            5.306628374759e+01            
1810      5.574339552964e+01            -3.243924492961e+00           -1.189074902064e+00           5.563622201350e+01            
1820      5.730352598408e+01            -2.344826953990e+00           -8.827838391600e-01           5.724872548325e+01            
1830      5.480733438500e+01            -4.674914113760e-01           -2.784467436423e+00           5.473456033682e+01            
1840      5.702645945319e+01            -1.582530903385e+00           -2.368839864378e+00           5.695525674951e+01            
1850      5.477812648292e+01            9.729226892251e-01            -2.086948513261e+00           5.472971047176e+01            
1860      5.490784073238e+01            -1.421278085151e+00           6.286376551965e-01            5.488584295787e+01            
1870      5.587449368641e+01            -1.433717073217e+00           -1.721018702653e+00           5.582957634348e+01            
1880      5.840423235284e+01            -1.906273257305e+00           5.291632881593e-01            5.837071581887e+01            
1890      5.733489330220e+01            -1.707616758048e-02           -7.842803073111e-01           5.732952644823e+01            
1900      5.838672854266e+01            -5.629434168268e-01           -1.163093545689e+00           5.837242823481e+01            
1910      5.745015179447e+01            -5.178110937824e-01           -1.383195756553e+00           5.743116386056e+01            
1920      5.468118110322e+01            1.162269252255e+00            -3.819369261654e+00           5.453524654268e+01            
1930      5.741852368408e+01            -1.267828597825e-01           5.913800890889e-02            5.741835325801e+01            
1940      5.716228279137e+01            1.814221981097e+00            3.803090938022e+00            5.700676864936e+01            
1950      5.492645693471e+01            -4.286472795458e-01           -1.319288866825e+00           5.490893743096e+01            
1960      5.728102394847e+01            2.795170170853e-01            -8.206177422766e-01           5.727446343130e+01            
1970      5.667253731374e+01            -3.564456135541e+00           2.890542991512e-01            5.655959322385e+01            
1980      5.892055908132e+01            -1.565133560082e+00           -1.414417353550e-01           5.889959790720e+01            
1990      5.580185932678e+01            5.969175355873e-02            -1.152984966552e+00           5.578991456247e+01            
2000      5.930010539719e+01            -1.383142148800e+00           -3.186700814826e+00           5.919826311499e+01            
2010      5.777823217691e+01            -9.961669381805e-01           -7.340857554751e-01           5.776497972841e+01            
2020      5.701917524366e+01            1.846875684277e+00            -8.372376600801e-01           5.698310652092e+01            
2030      5.804722838318e+01            -8.061928054696e-01           -1.107780396491e+00           5.803105719115e+01            
2040      5.786912347628e+01            2.364756149253e-01            -1.054302497383e-01           5.786854426767e+01            
2050      5.867906923214e+01            -1.586045803080e+00           1.704039627935e+00            5.863287365981e+01            
2060      5.912258703675e+01            -1.826933905954e-01           -4.928800493330e-02           5.912228422292e+01            
2070      5.740386319836e+01            1.182009394006e+00            -1.296172529010e+00           5.737705378166e+01            
2080      5.758063300561e+01            2.852848191858e+00            -4.373209502909e-01           5.750825423282e+01            
2090      5.793498254966e+01            2.985031057110e+00            -3.460988258685e-01           5.785699619078e+01            
2100      5.825275289226e+01            2.905126894253e+00            4.430452800835e-01            5.817857997695e+01            
2110      5.885017685185e+01            4.466976383238e-01            -1.040139272526e+00           5.883928863444e+01            
2120      5.891843168328e+01            5.932799302777e-01            -2.046642718393e+00           5.887988505869e+01            
2130      5.756190177381e+01            2.315971492343e+00            -1.591252505165e+00           5.749327549661e+01            
2140      5.596173756641e+01            1.139904894560e+00            -6.237767407500e-02           5.595009202235e+01            
2150      5.554912634936e+01            8.773788007449e-01            -4.466207650305e+00           5.536233949033e+01            
2160      5.964845305121e+01            -1.245201446426e+00           -2.328161319768e+00           5.958999152231e+01            
2170      5.685050879724e+01            6.356122001137e-01            -1.735614665926e+00           5.682045397009e+01            
2180      5.823551206114e+01            1.031080856293e+00            -1.695644029906e+00           5.820168836567e+01            
2190      5.684809737313e+01            -8.447365024942e-01           -4.177184702726e+00           5.668812682692e+01            
2200      5.884216990120e+01            9.030905405354e-01            -2.164196411853e+00           5.879542193104e+01            
2210      5.741937382288e+01            -2.189971751052e+00           -1.711855539317e+00           5.735205370825e+01            
2220      5.780113511853e+01            3.459689059398e-01            -4.808322166983e+00           5.759975316306e+01            
2230      5.587113413993e+01            7.454160985533e-01            -2.744241953994e+00           5.579871970772e+01            
2240      5.714742116681e+01            1.351523829109e+00            -4.766033392374e+00           5.693229360441e+01            
2250      5.733300456372e+01            -1.326648803369e+00           -1.780465593309e+00           5.728999352005e+01            
2260      5.958943498648e+01            -1.986711864438e+00           -1.185855365880e+00           5.954450004011e+01            
2270      5.917815440687e+01            -3.531431895626e-01           -1.015294504998e+00           5.916839042901e+01            
2280      5.609134853122e+01            1.220042717972e+00            -2.701890172970e+00           5.601295087130e+01            
2290      5.603156006430e+01            -1.674515441297e+00           -2.098383757957e+00           5.596720921111e+01            
2300      5.445703966900e+01            -1.753004275214e+00           -2.396205848920e+00           5.437604567318e+01            
2310      5.582827563623e+01            1.148959816637e-03            -4.734092937269e-01           5.582626839432e+01            
2320      5.521264692934e+01            -3.768211666360e+00           -2.847350638606e+00           5.501026773360e+01            
2330      5.605978519110e+01            -3.165494013899e+00           -1.604933930522e+00           5.594732657061e+01            
2340      5.844232209671e+01            -2.059052842531e+00           -4.279085553679e+00           5.824907501644e+01            
2350      5.665626322275e+01            -1.608366313879e+00           -3.065211178166e+00           5.655041821773e+01            
2360      5.712388828725e+01            -3.860358139450e+00           -3.572745846734e+00           5.688120722351e+01            
2370      5.505081696154e+01            -2.335521224251e+00           -2.243434915982e+00           5.495548005906e+01            
2380      5.827103891776e+01            -2.466139731297e+00           -1.543551281223e+00           5.819836407343e+01            
2390      5.429868695027e+01            -2.568236201208e+00           -1.508610642815e+00           5.421693149992e+01            
2400      5.906286158825e+01            -2.998348886680e+00           -1.808956894449e+00           5.895896198120e+01            
2410      5.707382585869e+01            -2.956759017465e+00           -2.583304580749e+00           5.693861353865e+01            
2420      5.903965977970e+01            -2.572551089658e+00           -1.370197249789e+00           5.896766883039e+01            
2430      5.615750366836e+01            -4.315608242452e+00           1.686430323173e-01            5.599118058487e+01            
2440      5.547729858597e+01            -6.400514862539e+00           4.569695648955e-01            5.510494757014e+01            
2450      5.800755880277e+01            -2.334713571057e+00           -7.881787215962e-01           5.795519618723e+01            
2460      5.541515019212e+01            -2.790980740364e+00           -1.261181763475e+00           5.533045018687e+01            
2470      5.479811920244e+01            -4.301213246969e+00           -3.307911222544e+00           5.452881033062e+01            
2480      5.789214457866e+01            -5.986684922973e+00           -1.954536526083e+00           5.754858638157e+01            
2490      5.777858867684e+01            -5.428995842494e+00           -9.411401711729e-01           5.751526378978e+01            
2500      5.753026167001e+01            -5.240340944817e+00           -4.096625761893e+00           5.714444410412e+01            
2510      5.615392209663e+01            -3.850918917460e+00           -4.762065665119e-01           5.601969847858e+01            
2520      5.748413555093e+01            -3.476339249200e+00           -2.812856890660e+00           5.730993580152e+01            
2530      5.697232239734e+01            -5.329335356756e+00           -1.847206681494e+00           5.669242922541e+01            
2540      5.776072055925e+01            -4.996863345348e+00           -1.992788046395e+00           5.750965998885e+01            
2550      5.869763349827e+01            -3.220851492315e+00           -2.912628002848e+00           5.853678238577e+01            
2560      5.515462172262e+01            -5.677582882976e+00           -1.999272971966e+00           5.482517904718e+01            
2570      5.535841861385e+01            -5.284476503836e+00           -7.527000116820e-01           5.510047424659e+01            
2580      5.757218915000e+01            -6.373085249920e+00           -3.211207138511e+00           5.712817953194e+01            
2590      5.814017105060e+01            -5.014137609796e+00           -2.700647429013e+00           5.786056011903e+01            
2600      5.793712072349e+01            -5.144939626160e+00           -1.945762222384e+00           5.767541558884e+01            
2610      5.662155973758e+01            -3.929082257159e+00           -2.456344490439e+00           5.643163750483e+01            
2620      5.967794367887e+01            -6.064533650563e+00           -6.341477298856e+00           5.902934913250e+01            
2630      5.826169805171e+01            -3.961735006821e+00           -1.671547126707e+00           5.810280583421e+01            
2640      6.022351013129e+01            -7.271762153931e+00           -1.511741329685e+00           5.976376231348e+01            
2650      5.904659321781e+01            -6.926416718139e+00           -3.113737789111e+00           5.855620854408e+01            
2660      6.386231748606e+01            -4.953111337917e+00           -1.945049621652e+00           6.364023149497e+01            
2670      5.831741948606e+01            -4.792204041899e+00           -2.279790958495e+00           5.807545737331e+01            
2680      5.977007289850e+01            -2.272811019116e+00           -2.237710628523e+00           5.968491095333e+01            
2690      5.844635362964e+01            -3.374111284382e+00           -1.580079664705e+00           5.832748043500e+01            
2700      5.663931364722e+01            -2.932576934792e-01           -1.597564825900e+00           5.661601926116e+01            
2710      5.851964865120e+01            -1.890233018284e+00           -2.424510774054e+00           5.843884020840e+01            
2720      5.797979910273e+01            -1.521655398528e+00           -1.814029523326e+00           5.793143331326e+01            
2730      5.784572363373e+01            -3.152680911931e+00           -2.984527414604e+00           5.768258785707e+01            
2740      5.882058324823e+01            -2.834471357654e+00           -3.110801376501e+00           5.866983637765e+01            
2750      5.768073394267e+01            -2.539476832048e+00           -1.069466318181e+00           5.761487973934e+01            
2760      5.873297133432e+01            -2.204472533340e+00           -4.064710008835e+00           5.855066485661e+01            
2770      5.812293949078e+01            -4.469109355129e+00           -1.392181143017e+00           5.793414354494e+01            
2780      5.896513294120e+01            -1.642248538822e+00           -2.259005040912e+00           5.889895430935e+01            
2790      5.972391228220e+01            -2.058514620073e+00           -2.331949273679e+00           5.964285563616e+01            
2800      6.095719145002e+01            -1.266876148539e+00           -2.255677786952e+00           6.090226705157e+01            
2810      5.909169262807e+01            -3.545142956538e+00           -2.717241275421e+00           5.892263316349e+01            
2820      5.699964170980e+01            -3.050102789777e+00           -4.809259173896e+00           5.671443426691e+01            
2830      5.842974215088e+01            -1.109555890599e+00           -4.600197648496e+00           5.823780417511e+01            
2840      5.758756356316e+01            -3.282559928656e+00           -3.278686582497e+00           5.740037013600e+01            
2850      5.800718987406e+01            -1.085026474227e+00           -2.348437833519e+00           5.794947484126e+01            
2860      5.873627290524e+01            -2.368324147399e+00           -5.339378018121e+00           5.844511817005e+01            
2870      5.637013749862e+01            -3.768624876476e+00           -4.075392947980e+00           5.609617670103e+01            
2880      5.849866816434e+01            -4.376159040781e+00           -4.949814681810e+00           5.812437306042e+01            
2890      5.660121042018e+01            -2.385417663770e+00           -6.113729615240e+00           5.621947272779e+01            
2900      5.652127444251e+01            -2.071031654331e+00           -3.520373314980e+00           5.637350675819e+01            
2910      5.442177999716e+01            -1.761773633457e+00           -2.409585444715e+00           5.433985820471e+01            
2920      5.875717469162e+01            -3.353968895041e+00           -2.453976553056e+00           5.861002021387e+01            
2930      5.763632898048e+01            -3.714489046874e+00           -3.974549391064e+00           5.737902009101e+01            
2940      5.586705706207e+01            -2.401503068460e+00           -1.844070939889e+00           5.578494644756e+01            
2950      5.546208349572e+01            -1.719788992744e+00           -8.447465699633e-01           5.542897649009e+01            
2960      5.560479151608e+01            -1.916859667488e-01           -1.624965173560e+00           5.558071234000e+01            
2970      5.676939439329e+01            -1.281285033223e+00           -1.344148682164e+00           5.673901402708e+01            
2980      5.796155616698e+01            -1.223081904089e+00           -5.060518400700e+00           5.772726580629e+01            
2990      5.498091594258e+01            -1.555461353437e+00           -2.781731157287e+00           5.488846536051e+01            
3000      5.699953978246e+01            -2.028974952145e+00           -1.367093035108e+00           5.694700916368e+01            
3010      5.737379325805e+01            -1.748625104203e+00           -3.737231110795e+00           5.722523540088e+01            
3020      5.702242289167e+01            -1.144548261521e+00           -2.567757667795e+00           5.695308018249e+01            
3030      5.378786516512e+01            -2.948727375199e+00           -2.793912062005e+00           5.363425678871e+01            
3040      5.811055009535e+01            -3.770466571012e+00           -4.634701506408e+00           5.780258779819e+01            
3050      5.417561929306e+01            -1.238576744629e+00           -6.881411453799e-01           5.415708739582e+01            
3060      5.669833282554e+01            -1.035811398608e+00           -2.484929572532e+00           5.663438147417e+01            
3070      5.548272428940e+01            1.973682413212e-01            -2.572757967539e+00           5.542269081154e+01            
3080      5.587844230449e+01            -5.707891044345e-01           4.707053058957e-02            5.587550714346e+01            
3090      5.913480917949e+01            -4.501095347732e-02           3.054277487467e-01            5.913400328575e+01            
3100      5.534162843298e+01            6.128094162711e-02            -3.159584211415e-01           5.534069255563e+01            
3110      5.491316563440e+01            -2.498451846929e-02           -3.587967414213e+00           5.479581759222e+01            
3120      5.676821031386e+01            -1.960275377634e+00           -2.789352294087e+00           5.666574394166e+01            
3130      5.941010052588e+01            -8.736716252212e-02           -1.550961788724e+00           5.938978808687e+01            
3140      5.594087426511e+01            1.341702220118e+00            -1.674364886922e+00           5.589971154597e+01            
3150      5.624634703402e+01            7.153927097805e-01            -2.906478349331e+00           5.616664625511e+01            
3160      5.477205963046e+01            -6.279891251440e-01           -1.250178841508e+00           5.475418886885e+01            
3170      5.484870038817e+01            -1.727472627215e+00           -1.601048316476e+00           5.479810596071e+01            
3180      5.611887333092e+01            -6.635274819764e-01           -2.800018599284e+00           5.604504947858e+01            
3190      5.878938591263e+01            1.237392021573e-01            -3.543482188337e+00           5.868236803824e+01            
3200      5.473572944910e+01            8.763123018201e-01            -1.839126782705e+00           5.469780404872e+01            
3210      5.690774953601e+01            -4.957767807111e-01           -1.363229667934e+00           5.688925880612e+01            
3220      5.643838867686e+01            7.700008509973e-01            -1.389100807247e+00           5.641603685192e+01            
3230      5.683111812122e+01            -2.672475003433e+00           -3.214550805513e+00           5.667716054446e+01            
3240      5.681854786368e+01            -2.001879007472e+00           -7.939037844820e-01           5.677772079397e+01            
3250      5.733254703931e+01            -3.029111631037e+00           -1.287933773564e+00           5.723798266306e+01            
3260      5.600521025513e+01            -6.797070360879e-01           1.670953539466e+00            5.597615106754e+01            
3270      5.782250684550e+01            4.935067520133e-01            -2.768217866301e-01           5.781973814090e+01            
3280      5.722902251674e+01            -3.543685277016e+00           2.186202427128e+00            5.707734955152e+01            
3290      5.914562205778e+01            -2.434827125475e+00           -7.929270730339e-02           5.909543077208e+01            
3300      5.694045900140e+01            -2.428439067139e-01           -1.339651217981e+00           5.692417968439e+01            
3310      5.788623148843e+01            6.731298739013e-01            -3.253353667179e+00           5.779081572379e+01            
3320      5.715048536002e+01            -1.880927877976e+00           5.698858201794e-01            5.711668160315e+01            
3330      5.943297647957e+01            8.593563972899e-02            1.459971315524e+00            5.941497952574e+01            
3340      5.732861777583e+01            -1.020374529908e+00           4.466330478598e-02            5.731951898869e+01            
3350      5.697471233370e+01            -1.093804555126e+00           -2.321295267496e+00           5.691689578134e+01            
3360      5.816158482790e+01            6.707849135213e-01            -7.003331053731e-01           5.815349972989e+01            
3370      5.876473872742e+01            1.850243025885e+00            -5.034749247715e+00           5.851941915689e+01            
3380      5.977877126518e+01            -6.805509981400e-01           -1.874456622409e+00           5.974549988647e+01            
3390      5.645575993277e+01            -2.069896561169e+00           -1.844353341617e+00           5.638764686138e+01            
3400      5.820841090972e+01            -4.472760950423e-01           1.921119038900e-01            5.820637540464e+01            
3410      5.679599342490e+01            5.996279439984e-01            -2.999734360632e-01           5.679203580950e+01            
3420      6.044120629375e+01            -8.208618647906e-01           -1.583929848021e+00           6.041487209519e+01            
3430      5.457612332508e+01            -5.717822662412e-02           -1.859881113569e-01           5.457577646051e+01            
3440      6.059892238787e+01            -6.929768206338e-01           -7.183009581536e-01           6.059070243388e+01            
3450      5.844020673446e+01            4.924651000195e-01            -1.540099160743e-01           5.843792879831e+01            
3460      5.831115976329e+01            -7.112312474965e-02           -1.436077952544e+00           5.829342994331e+01            
3470      5.981816528201e+01            -4.027521109632e-01           4.891244060559e-01            5.981480958557e+01            
3480      5.979797069850e+01            -4.418908440145e-01           -1.945040084426e+00           5.976469569245e+01            
3490      5.998560913969e+01            -1.307121084357e-02           2.849943768206e-01            5.998493070103e+01            
3500      5.831094986958e+01            -7.178686548307e-02           -2.174280222560e+00           5.827035461410e+01            
3510      5.926935833945e+01            -2.687265698465e+00           -5.484482506112e-01           5.920586664810e+01            
3520      6.112317537156e+01            -3.108312099068e+00           -2.320334108898e+00           6.099997551655e+01            
3530      6.007424514272e+01            -1.137651113311e+00           1.601907030683e-02            6.006346995305e+01            
3540      5.779695782259e+01            6.521427474732e-02            1.577674974954e+00            5.777538422475e+01            
3550      5.807416147817e+01            7.991475182527e-01            1.049784865628e+00            5.805917280131e+01            
3560      5.732886829590e+01            3.696314567319e-02            1.147915886954e+00            5.731736266552e+01            
3570      5.935434520900e+01            1.297335486582e+00            -1.202034844373e+00           5.932798941526e+01            
3580      6.123288900615e+01            -3.146075089309e+00           1.341509321429e+00            6.113729843813e+01            
3590      5.555691326792e+01            -3.712715084227e+00           7.206679924450e-02            5.543267235971e+01            
3600      5.987086198811e+01            -2.481640834124e+00           2.268538943755e+00            5.977637748333e+01            
3610      6.138087742549e+01            -5.975960279094e+00           1.380016505064e+00            6.107368964384e+01            
3620      6.166267538164e+01            -1.305498192866e+00           1.114405873172e+00            6.163878088703e+01            
3630      5.784161149337e+01            -3.319801295788e+00           2.313685896334e+00            5.769989425536e+01            
3640      6.132516726314e+01            -1.436616832071e+00           1.066850701941e+00            6.129905465429e+01            
3650      6.013984887095e+01            -1.535352489903e+00           2.078535550093e+00            6.008430581208e+01            
3660      5.821562610731e+01            -1.518151904209e+00           2.668772950747e+00            5.813460233630e+01            
3670      5.851105762289e+01            -2.400144188539e+00           -1.161625783457e-01           5.846169411057e+01            
3680      6.000488743299e+01            9.122632959800e-03            1.713224645977e+00            5.998042425605e+01            
3690      6.193830664667e+01            -2.426689278502e+00           2.809008680759e+00            6.182697210468e+01            
3700      6.222090918859e+01            -3.230506505229e+00           1.885045147582e-01            6.213670279330e+01            
3710      5.853625243194e+01            -1.661166653133e+00           2.023990757354e+00            5.847766099580e+01            
3720      6.096024909945e+01            -6.546844469803e-01           -1.159367390198e+00           6.094570719744e+01            
3730      6.354515672561e+01            1.330754805849e-01            3.274935753422e+00            6.346057067196e+01            
3740      5.910755918650e+01            -7.993099664331e-01           1.857705480895e+00            5.907295139833e+01            
3750      5.927115024049e+01            5.531321970277e-01            3.698429058760e+00            5.915306347181e+01            
3760      5.875549247594e+01            1.305522826331e+00            4.059323901117e+00            5.860055798118e+01            
3770      6.181892678339e+01            4.078176808436e-01            4.737180276338e+00            6.163580547392e+01            
3780      5.699532997184e+01            3.133539812247e+00            1.808330684453e+00            5.688038771826e+01            
3790      5.747642024484e+01            1.652851796984e+00            2.913201530749e+00            5.737874364205e+01            
3800      5.758930632142e+01            -4.512948949457e-01           3.922432782414e+00            5.745379932230e+01            
3810      5.887137955902e+01            3.301417125833e-01            1.133452936424e+00            5.885954147012e+01            
3820      5.750028467958e+01            3.074173402417e+00            1.249218475052e+00            5.740445670265e+01            
3830      5.692325864598e+01            1.089142203598e+00            1.352040449835e+00            5.689677610163e+01            
3840      5.894166740078e+01            6.081442875714e-01            1.141226779559e+00            5.892748015949e+01            
3850      5.902878021913e+01            1.515978467646e+00            3.007539989776e+00            5.893261751063e+01            
3860      5.874355049596e+01            -4.581493754402e-01           -2.324023642432e-01           5.874130414931e+01            
3870      5.941912884462e+01            1.453048406520e+00            4.873758461978e-01            5.939936016294e+01            
3880      5.847200053767e+01            7.537809346303e-02            3.620303322590e-01            5.847083118153e+01            
3890      6.103224614657e+01            -9.416099819066e-01           -1.337005143222e+00           6.101033402289e+01            
3900      5.773863036213e+01            2.234746191468e-02            -8.199790018372e-01           5.773280325016e+01            
3910      5.892276777993e+01            -2.640808848365e-02           -1.119218591543e+00           5.891213130761e+01            
3920      5.436771055561e+01            -2.605256046506e+00           -1.050587369867e+00           5.429509055310e+01            
3930      5.692863315321e+01            -1.373730096455e+00           -5.752966694702e-01           5.690914840390e+01            
3940      5.833084237869e+01            6.842286095857e-01            -1.645258945858e+00           5.830362018621e+01            
3950      5.766250238533e+01            -6.555293823765e-01           -4.358758507432e-01           5.765712856889e+01            
3960      5.672220758338e+01            -9.221870459105e-01           -1.843223758630e+00           5.668475042161e+01            
3970      5.597812763920e+01            -1.144145592730e+00           -1.511182502830e+00           5.594602785092e+01            
3980      5.835538831310e+01            -9.991795271984e-01           -1.436075937204e+00           5.832915798593e+01            
3990      5.794037681761e+01            -1.168439361355e+00           2.339783473308e+00            5.788132193138e+01            
4000      5.847128845093e+01            -2.156608449682e+00           -1.980094245580e+00           5.839794379844e+01            
4010      5.697592695515e+01            -4.996551994841e-01           4.929828927701e-01            5.697160314532e+01            
4020      5.973696712634e+01            -1.735066187229e+00           -5.769275633726e-01           5.970897705845e+01            
4030      5.915193091344e+01            -4.426077011147e-01           -2.032192241581e+00           5.911535522945e+01            
4040      5.863472482868e+01            -1.092728981858e+00           -1.653501712569e+00           5.860121868352e+01            
4050      5.671482752861e+01            -2.253455345789e+00           -7.560464240841e-01           5.666499796532e+01            
4060      5.611006748025e+01            1.027310388682e+00            -8.069800033604e-01           5.609485795755e+01            
4070      5.706078721936e+01            2.462364548784e-01            -1.101465994348e+00           5.704962382317e+01            
4080      5.810340653771e+01            -7.518470388847e-01           3.755972983425e-01            5.809732785581e+01            
4090      5.771400116729e+01            1.877106675767e+00            8.089706383972e-01            5.767779440801e+01            
4100      5.801366073390e+01            1.709356536222e+00            1.396803950167e+00            5.797164712776e+01            
4110      5.903195517393e+01            1.385911293431e+00            1.795465722335e-01            5.901541107687e+01            
4120      5.856397683298e+01            -1.243532613259e+00           -1.209414864147e+00           5.853828084954e+01            
4130      5.943870242511e+01            -2.093885386580e+00           -2.175523585008e+00           5.936195824852e+01            
4140      5.714144841638e+01            7.901516287144e-01            -1.786670162047e+00           5.710804319234e+01            
4150      5.998582877462e+01            -1.502289715072e+00           -2.343902297824e-01           5.996655601758e+01            
4160      6.074445256597e+01            7.795884740845e-01            -1.655827197456e+00           6.071687570719e+01            
4170      5.920662661087e+01            -3.712801759553e-01           -1.080657619670e+00           5.919559920111e+01            
4180      5.540368752785e+01            1.378178867662e+00            1.329889676406e-01            5.538638396417e+01            
4190      5.862431386015e+01            -2.806085612382e-01           -7.906318243402e-01           5.861831058404e+01            
4200      5.885117648772e+01            -2.030730374109e-02           -2.797941218410e+00           5.878462457599e+01            
4210      5.805909653890e+01            -1.547614163704e+00           -2.102031696245e+00           5.800038830957e+01            
4220      5.846558042979e+01            -4.608756233503e-02           -2.105681207802e+00           5.842763111388e+01            
4230      6.057515028967e+01            -4.118854500682e-01           -1.117566625217e+00           6.056343969616e+01            
4240      5.838390652036e+01            -6.973467149666e-01           4.450374172859e-01            5.837804544377e+01            
4250      6.242270019838e+01            -1.367158264863e+00           1.392649448798e+00            6.239218625636e+01            
4260      5.970178484013e+01            -7.199307733014e-01           5.189121921089e-01            5.969518860775e+01            
4270      6.033359998433e+01            -1.816992030222e+00           -1.917979791734e+00           6.027572629633e+01            
4280      6.189709378295e+01            9.094738983378e-01            -1.154641102909e+00           6.187964026986e+01            
4290      5.869669012511e+01            -6.465261756104e-01           -3.074562155106e+00           5.861254561185e+01            
4300      5.873839719485e+01            1.332502115686e+00            -3.148568596953e+00           5.863881188191e+01            
4310      6.075092865557e+01            2.834822824652e+00            -2.439747382057e+00           6.063568870540e+01            
4320      5.669834670379e+01            2.144586368550e+00            -2.725026932694e+00           5.659220349542e+01            
4330      5.911925075010e+01            2.976041925246e+00            -2.110321959909e+00           5.900657187922e+01            
4340      5.772836570053e+01            1.903904320182e+00            -3.041208362053e-01           5.769615988358e+01            
4350      5.741652384703e+01            2.279619221532e-01            9.679687699638e-01            5.740791130584e+01            
4360      6.041329125416e+01            -6.296673994242e-01           -2.361699643822e+00           6.036382736306e+01            
4370      5.859284260299e+01            1.381287153860e+00            -1.735913073562e+00           5.855083138520e+01            
4380      6.078752646844e+01            2.183711572008e+00            -3.635498248546e+00           6.063940905391e+01            
4390      5.841659449228e+01            -1.348500909020e+00           -2.300227977056e+00           5.835571101981e+01            
4400      5.995063579940e+01            -2.459737315688e+00           -3.002424071130e+00           5.982486000641e+01            
4410      5.724712605160e+01            -2.794521890207e-01           -1.547898092822e+00           5.722551318369e+01            
4420      5.738643784471e+01            1.898166483882e-01            -5.307887258245e+00           5.714012207721e+01            
4430      5.630360802429e+01            -1.328844861262e+00           -2.311641433051e+00           5.624043706954e+01            
4440      5.863339991552e+01            7.202283413775e-01            -4.964017978699e+00           5.841845070093e+01            
4450      5.772294494195e+01            -9.392154257731e-01           -3.398039561023e+00           5.761518527521e+01            
4460      5.630787081375e+01            1.100433192079e+00            -3.368919829303e+00           5.619622533188e+01            
4470      5.922593557327e+01            -1.731113173545e-02           -2.185103800246e+00           5.918561029706e+01            
4480      5.767687016171e+01            -1.970193538107e+00           -1.452214633102e+00           5.762491441844e+01            
4490      5.884031208938e+01            -2.237106416053e+00           -6.688416026411e-01           5.879396510331e+01            
4500      5.646575165141e+01            1.091364877714e+00            -2.145116774353e+00           5.641443526516e+01            
4510      5.808632733671e+01            3.204518975183e-01            -9.102107929334e-01           5.807831135942e+01            
4520      6.143802393954e+01            1.129025409538e+00            -2.136861946123e+00           6.139047082604e+01            
4530      5.857833505390e+01            -1.690158022464e-01           -1.613534905360e+00           5.855586457781e+01            
4540      6.031046586410e+01            -1.129989368278e-01           -2.537732071087e+00           6.025694515921e+01            
4550      5.776602014245e+01            1.100260151783e+00            -1.967482117373e+00           5.772201941039e+01            
4560      5.833476490012e+01            2.766757625632e+00            -3.165072950729e+00           5.818309171409e+01            
4570      5.688883630412e+01            2.375659587491e-01            -1.434956077131e+00           5.687023966460e+01            
4580      6.124361888765e+01            -1.459682893400e+00           -1.196009247422e+00           6.121453865044e+01            
4590      5.928746162920e+01            -4.650592072572e-01           -1.771859511621e+00           5.925915406281e+01            
4600      6.048825102416e+01            1.300571973037e+00            1.847934718501e+00            6.044602684859e+01            
4610      5.900967448061e+01            -1.138709040185e+00           1.041623389010e+00            5.898949096869e+01            
4620      6.130456670654e+01            -6.577224132520e-01           1.013458611603e+00            6.129266026162e+01            
4630      5.746432632942e+01            -6.616204142587e-01           -1.828975161656e+00           5.743140176575e+01            
4640      5.879948474056e+01            -1.265063186421e+00           1.618507419349e+00            5.876358953147e+01            
4650      5.815394809661e+01            1.017820555510e+00            1.972951445878e-01            5.814470565035e+01            
4660      5.851999588649e+01            -2.638025392761e+00           -2.176197106171e-01           5.846010077175e+01            
4670      5.935591049779e+01            -3.513670056935e+00           -2.259247959277e+00           5.920873273775e+01            
4680      5.997626380947e+01            1.634709766358e+00            -5.678548311652e-01           5.995129260837e+01            
4690      5.705315886547e+01            -2.233980723946e-01           -1.058013608083e-01           5.705262339194e+01            
4700      5.836868929861e+01            1.224778684097e+00            -1.292997207510e+00           5.834151151482e+01            
4710      5.841625768524e+01            5.192442996932e-01            -1.095184197135e+00           5.840368240856e+01            
4720      5.883029986319e+01            -4.868696698685e-01           -2.619416709017e-01           5.882770203296e+01            
4730      5.878677694121e+01            -5.323116118617e-02           -5.484232706389e-01           5.878419465720e+01            
4740      5.625191321210e+01            -4.856194962729e-01           1.952655926140e+00            5.621591454883e+01            
4750      5.711981625882e+01            -4.782952850168e-01           -5.294763021312e-01           5.711535956210e+01            
4760      5.675001527281e+01            2.137909871284e+00            -3.780563666972e-01           5.670847069204e+01            
4770      5.771432297834e+01            -7.019061098593e-01           -1.253419255227e+00           5.769644135328e+01            
4780      5.692084479617e+01            -2.064295909875e+00           -1.042122551223e+00           5.687385370532e+01            
4790      5.776862850582e+01            -3.228279897846e+00           -2.218031427342e+00           5.763569193592e+01            
4800      6.024990815815e+01            2.441115993233e-01            -1.089879876807e+00           6.023955514815e+01            
4810      5.798145463712e+01            -1.332564268209e-01           -2.426469813225e+00           5.793050637451e+01            
4820      5.928324332120e+01            -2.732399103698e-01           -5.152013944991e-02           5.928259124150e+01            
4830      5.858401494590e+01            -2.159837962295e+00           -1.467050023759e+00           5.852580346638e+01            
4840      5.656756302092e+01            -4.147253427273e+00           -3.287730427237e-01           5.641437213532e+01            
4850      5.653696819875e+01            -2.603634108076e+00           -1.502277102122e+00           5.645700156797e+01            
4860      5.632572273656e+01            4.463694245798e-02            -6.476211135568e-01           5.632198182089e+01            
4870      5.631607350913e+01            -3.960758353819e-01           -2.232278130904e-01           5.631423824187e+01            
4880      5.937902172781e+01            -1.810896442713e+00           -4.966704069797e-01           5.934932344966e+01            
4890      5.880045965699e+01            -1.597459489429e+00           -1.442339585496e+00           5.876105713457e+01            
4900      6.014740635971e+01            -3.949182268386e+00           -1.969549017267e+00           5.998529259644e+01            
4910      5.778031967485e+01            -1.222564342120e+00           1.070768664534e+00            5.775745954095e+01            
4920      5.579246675819e+01            -3.565158448391e+00           4.839350037514e-01            5.567633967058e+01            
4930      5.857546500660e+01            -2.657535262222e+00           2.376051023155e+00            5.846688796750e+01            
4940      5.939754216325e+01            -2.513153115120e+00           1.937310814624e+00            5.931272125996e+01            
4950      5.868144287860e+01            -3.540668667930e+00           -1.552345120744e-01           5.857432292348e+01            
4960      5.957192129678e+01            -4.036733386937e+00           2.177641105067e+00            5.939508792628e+01            
4970      5.805827578762e+01            -1.846545127775e+00           -6.963670487583e-01           5.802472517346e+01            
4980      6.027573237040e+01            -4.774341745237e-01           8.232170489150e-01            6.026821951151e+01            
4990      5.649926818884e+01            -2.149314452249e+00           -2.286415411730e+00           5.641205596169e+01            
5000      5.860177976729e+01            -1.486593427820e+00           -1.714786182338e+00           5.855781877959e+01            
