@    title "Magnitude of Electric Field"
@    xaxis  label "Residues"
@    yaxis  label "MV/cm"
#time  EField_Magnitude
@type xydy
21        4.489253304524e-01            3.932515379879e-02            
22        2.633371036939e+00            2.460806975455e-02            
23        5.258309027696e+00            4.886534341821e-02            
24        1.168517713118e-01            9.551278230992e-03            
25        3.166149009265e-02            1.312088054571e-02            
26        5.272220994171e-02            9.099958832838e-03            
27        9.178513140732e-02            1.453729022015e-02            
28        1.700510178106e-01            1.726173035367e-02            
29        9.352020245786e-02            1.123597054026e-02            
30        2.207105094895e-02            1.049145363231e-02            
31        3.590927811037e-01            1.946946039877e-02            
32        9.091225245824e-02            1.307319563886e-02            
33        9.231865845437e-02            1.175975096414e-02            
34        2.831549496562e-01            4.887016360537e-02            
35        2.475518392701e-01            2.232563488478e-02            
36        1.542849961755e-01            1.057394017562e-02            
37        4.148918924103e-01            8.521190671121e-02            
38        6.593440178964e-01            1.488029187157e-02            
39        4.194413149159e-01            2.103484198433e-02            
40        3.539174266554e-01            7.722837251707e-03            
41        4.849492045464e-01            1.426601338939e-02            
42        1.584444324087e-01            6.214846882742e-02            
43        3.325466470397e-01            2.394416812211e-02            
44        3.954297023677e-01            2.151384573763e-02            
45        4.107769251316e-01            1.397055661969e-02            
46        6.888880056712e+00            1.209202068107e-01            
47        4.082490063155e-01            3.492518215716e-02            
48        3.675916061648e-01            3.147989583780e-02            
49        4.677243576008e+00            8.055422838516e-02            
50        2.474961114898e-01            1.535957980119e-02            
51        5.269923226064e-01            2.557795985534e-02            
52        5.405207464654e+00            1.087367705916e-01            
53        6.398917957519e-01            2.328568957981e-02            
54        9.697671922282e-01            1.875865325858e-02            
55        4.238895365349e+00            1.231681236832e-01            
56        2.745965905148e+00            1.372650594009e-01            
57        1.570146967706e+00            7.220469666370e-02            
58        2.128248132965e+00            6.777114414319e-02            
59        6.135033449233e+00            2.653723706870e-01            
60        4.722681209134e+00            2.715124646714e-01            
61        9.795686670521e-01            1.314817196026e-01            
62        2.703695203395e+00            2.182733426933e-01            
63        9.261137480560e+00            6.148710276466e-01            
64        3.798907143260e+01            1.147533241768e+00            
65        1.099267986502e+02            7.417401425412e+00            
66        1.120996306992e+02            1.028371728136e+01            
67        7.553582548308e+00            1.575233890219e+00            
68        2.616315532077e+01            9.423568612604e-01            
69        2.342087277004e+00            3.889342843741e-01            
70        4.245044635193e+00            7.601822753939e-01            
71        2.088082044861e+00            1.182940283002e-01            
72        8.633813582428e-01            2.928911113736e-01            
73        3.245060072393e-01            3.274284177945e-02            
74        3.357529262430e+00            8.931157279758e-02            
75        4.842361875339e-01            1.216610955106e-02            
76        9.716731485239e-01            1.977190793897e-02            
77        8.929995735012e+00            1.606370712712e-01            
78        6.579847083869e-01            1.511987015146e-02            
79        7.314224688147e-01            2.180016556877e-02            
80        1.091224184526e+00            7.266461929587e-02            
81        9.923099898827e-01            3.176482296543e-02            
82        6.141061349664e-01            3.296885386420e-02            
83        5.894632630980e-01            5.306199603627e-02            
84        1.619564605584e-01            5.814994421468e-02            
85        5.451316489201e-01            4.885348966083e-02            
86        1.134380950141e-01            3.520890895914e-02            
87        2.761637076134e-01            4.732807937633e-02            
88        4.317695833960e-01            5.755343522679e-02            
89        2.372611478579e-01            4.103161087037e-02            
90        4.489263690437e-02            1.963320964379e-02            
91        5.880123063829e-01            4.023543652468e-02            
92        6.915479199755e-01            4.169781610240e-02            
93        6.078710865788e-02            1.948199370373e-02            
94        3.474118717201e-01            1.974989227651e-02            
95        6.793469666266e-01            2.743814478687e-02            
96        7.254949752078e-01            4.396538790092e-02            
97        6.312911811429e+00            8.867396447921e-02            
98        4.040813574142e-01            1.276219443014e-02            
99        4.335299827600e-01            1.231595145930e-02            
100       2.260634256524e-01            9.415257553820e-03            
101       4.305686995249e-02            1.694190316630e-02            
102       2.373778472143e-01            5.772843789029e-03            
103       1.308444088781e-01            4.605011238141e-02            
104       1.791325943818e-01            8.467585491595e-03            
105       1.073414979570e-01            5.610764278890e-03            
106       2.415657255143e-01            2.851193834069e-02            
107       1.985186733185e-01            6.258475150613e-03            
108       1.129839685806e-01            5.350631301526e-03            
109       1.118741672701e-01            1.444281212435e-02            
110       2.463188782055e-01            2.706202169675e-02            
111       9.355458541984e-02            6.451057695525e-03            
112       3.380617831998e-02            4.862501103592e-03            
113       1.946856760242e+00            8.702048004189e-03            
