@    title "Magnitude of Electric Field"
@    xaxis  label "Residues"
@    yaxis  label "MV/cm"
#time  EField_Magnitude
@type xydy
21        2.829212930742e-01            3.346741129321e-02            
22        2.405951059891e+00            2.170113268642e-02            
23        4.337458634365e+00            3.667523628496e-02            
24        1.080403025048e-01            6.803797531214e-03            
25        4.833576127635e-02            1.145033673884e-02            
26        7.194134262260e-02            6.946790179658e-03            
27        1.071277876348e-01            1.019287513037e-02            
28        1.713941814469e-01            1.295164731611e-02            
29        1.219188990171e-01            9.060151009202e-03            
30        5.458344320429e-02            1.233643912775e-02            
31        3.296787240113e-01            1.529682462578e-02            
32        1.509428081741e-01            1.199443680111e-02            
33        1.932764178268e-02            7.007891982696e-03            
34        1.203950820336e-01            3.681229144293e-02            
35        6.653620254177e-02            1.820466057863e-02            
36        2.547628695282e-02            9.412309504437e-03            
37        2.328645815577e-01            7.797899235985e-02            
38        4.529166217659e-01            1.890828519257e-02            
39        1.890032828657e-01            2.293307310208e-02            
40        2.406300073813e-01            8.767562665975e-03            
41        5.054293728113e-01            1.616355395770e-02            
42        3.783763318829e-01            5.610241248410e-02            
43        4.430600544876e-01            1.814898036910e-02            
44        4.935770610981e-01            1.541268204997e-02            
45        5.251991095262e-01            1.303634717814e-02            
46        2.122154950028e+00            1.216556180214e-01            
47        4.372259415128e-01            3.266954891352e-02            
48        6.400733497690e-02            2.760187599575e-02            
49        2.250216109236e+00            7.530801185919e-02            
50        4.364818332400e-01            8.720168652145e-03            
51        7.391933180148e-01            1.564568638523e-02            
52        4.371227950317e-01            9.918232803953e-02            
53        8.942542942780e-01            2.558612965782e-02            
54        9.081377686337e-01            2.536201533414e-02            
55        2.569185096324e+00            2.182283965660e-01            
56        1.360717981015e+00            7.867052638084e-02            
57        1.046458078631e+00            7.278632594816e-02            
58        8.912132249184e-01            4.828440227803e-02            
59        1.557506741066e+00            1.790860063812e-01            
60        2.734281885586e+00            1.841655128323e-01            
61        3.502110201041e-01            7.009672763200e-02            
62        1.081254161817e+00            1.099162592504e-01            
63        2.091346781867e+00            2.204621799881e-01            
64        7.420246396956e+00            2.460834803769e-01            
65        2.153629094719e+01            9.282835885375e-01            
66        9.086889638907e+01            5.033252737668e+00            
67        1.780833052634e+01            2.308841363634e+00            
68        1.283494245224e+01            1.027386726140e+00            
69        3.262301308630e+00            2.346972935314e-01            
70        6.779419827971e+00            4.169227298806e-01            
71        9.278328833858e-01            1.117513158317e-01            
72        1.830028263275e+00            4.187040400172e-01            
73        6.334436274504e-01            3.233711024375e-02            
74        6.338445749051e-01            8.740538825496e-02            
75        5.484423152733e-01            1.137044516165e-02            
76        8.532388708786e-01            2.012812882895e-02            
77        2.571553147848e+00            1.225245180177e-01            
78        6.010142922767e-01            1.890529854359e-02            
79        4.036639628794e-01            2.223870073887e-02            
80        6.741372255455e-01            5.758576677673e-02            
81        5.885726697789e-01            2.816156792701e-02            
82        3.411618513943e-01            2.762513667384e-02            
83        2.069767399620e-01            3.724580418934e-02            
84        3.944627472090e-01            4.478037247207e-02            
85        2.418220869418e-01            3.333443086930e-02            
86        4.500467286937e-02            1.814646823637e-02            
87        2.985937043231e-01            3.250719662430e-02            
88        3.051978666367e-01            3.469193518499e-02            
89        1.073651809005e-01            2.576008813459e-02            
90        6.666623920764e-02            1.947274872278e-02            
91        4.173859719788e-01            2.508144654436e-02            
92        3.880330698366e-01            2.288911911163e-02            
93        6.543509265487e-02            1.377913248772e-02            
94        2.670902719660e-01            1.297178947077e-02            
95        4.432946867409e-01            1.761981371340e-02            
96        4.844466709383e-01            2.799063188946e-02            
97        5.053092182061e+00            6.291301116362e-02            
98        2.984183708842e-01            9.472275713240e-03            
99        2.912096289515e-01            8.806004867759e-03            
100       1.557157136857e-01            6.404025210279e-03            
101       2.845523583462e-02            1.168686008721e-02            
102       1.849657166437e-01            4.620201510002e-03            
103       9.941440844124e-02            3.754859431791e-02            
104       1.217734550790e-01            6.504022369697e-03            
105       7.952285233583e-02            4.376599292508e-03            
106       1.882428886820e-01            2.233249269113e-02            
107       1.532676044245e-01            5.020234349374e-03            
108       8.376858959892e-02            4.240205174590e-03            
109       8.490418751599e-02            1.097247603736e-02            
110       2.058658758842e-01            2.509027888361e-02            
111       7.429669140741e-02            5.077965497535e-03            
112       2.020339200392e-02            3.944294811529e-03            
113       1.818872777640e+00            7.507395632069e-03            
