@    title "Electric Field"
@    xaxis  label "Time (ps)"
@    yaxis  label "MV/cm"
#time      Magnitude                     Efield_X                      Efield_Y                     Efield_Z
@type xy
10        1.830233041625e+01            7.014416230011e+00            1.267209861498e+01            1.118888646426e+01            
20        5.385090029798e+01            2.895812996511e+01            -3.132730888742e+01           3.286253017798e+01            
30        1.643772007768e+01            -7.775044095254e+00           -1.085595870063e+01           -9.586213609097e+00           
40        2.274339770882e+01            -5.086500283190e+00           -2.192787191111e+01           -3.249321107637e+00           
50        2.353616409926e+01            -3.738917759641e+00           2.058578893538e+01            -1.077946234290e+01           
60        1.176403525523e+01            -7.460633182275e+00           -8.907967936733e+00           1.838364828838e+00            
70        4.455845293077e+01            6.492173157272e+00            -3.522470118584e+01           -2.650524177683e+01           
80        4.477736099406e+01            -2.992531425142e+00           -3.636603249989e+01           -2.595319813586e+01           
90        2.111370522926e+01            -6.525734301732e-03           -1.917672650253e+00           -2.102643663413e+01           
100       2.535059008297e+01            1.244434675891e+01            2.608462386672e+00            -2.193140613996e+01           
110       6.911924716555e+01            5.645152108606e+01            -1.120152899989e+01           -3.827821630990e+01           
120       6.628652410176e+00            -1.778204841759e+00           -5.615263025087e-02           -6.385441816961e+00           
130       3.798004287098e+01            -1.530973173490e+01           3.475765424367e+01            3.524435949692e-02            
140       2.266355199166e+01            1.126780108056e+01            -2.015926465731e+00           -1.956040102279e+01           
150       3.628165744866e+01            -6.677253504383e+00           2.970538509221e+01            1.973228444412e+01            
160       2.289781517955e+01            2.024566513202e+01            -9.860921063566e+00           4.145505896394e+00            
170       2.105598122914e+01            1.947179381548e+01            -7.967055076968e+00           8.541806187850e-01            
180       3.574585329758e+01            -1.392986167930e+01           1.756418631041e+01            2.784285080269e+01            
190       4.611719735747e+01            -7.523020310125e+00           -8.943418655124e+00           -4.461182937608e+01           
200       2.651777675709e+01            -8.167304044829e+00           -2.041513925105e+01           1.482260834464e+01            
210       2.338764019885e+01            3.702929042717e+00            -5.942839320926e+00           -2.231485360430e+01           
220       2.735463922042e+01            -8.434482012643e+00           1.683885579402e+01            -1.983907093606e+01           
230       4.408144313898e+01            4.210948285258e+01            -9.498795435778e+00           8.929611882571e+00            
240       1.762667419249e+01            -1.478534945475e+01           4.827015425012e+00            8.294154970565e+00            
250       2.160063008853e+01            -1.408083348835e+01           -7.927898551444e+00           1.433407733525e+01            
260       2.547328913306e+01            2.502679758379e+01            -3.136931768182e+00           -3.564761007211e+00           
270       3.123566142477e+01            1.248167173896e+01            2.859364540560e+01            1.509257321391e+00            
280       2.787562033485e+01            -1.082227852733e+01           -1.039160283822e+01           -2.349346902827e+01           
290       2.160883738212e+01            5.719007586804e+00            -1.483438301227e+01           1.463474925900e+01            
300       6.215127789021e+00            2.321433382461e+00            -2.720382055417e+00           -5.083137019324e+00           
310       1.172969956399e+01            -4.125206990378e+00           1.193012235257e+00            -1.091536719284e+01           
320       3.851931040000e+01            -3.999743093589e+00           -4.705561793160e+00           3.802100757591e+01            
330       2.231479472740e+01            6.292687127110e+00            -2.138822925230e+01           9.464681175677e-01            
340       2.792416534356e+01            -1.870787147694e+01           -1.980672896305e+01           -6.121114499922e+00           
350       1.326553434883e+01            1.926785619109e+00            -6.570389932155e+00           -1.136186053767e+01           
360       4.045095602511e+01            -3.223408508346e+01           1.253228903898e+01            2.098059421514e+01            
370       2.650932682829e+01            -1.810318874429e+01           -2.359700144038e+00           -1.922110250240e+01           
380       4.487459120749e+01            -4.470837958374e+01           -3.319231479636e+00           -1.967849948420e+00           
390       4.486513009477e+01            3.024126183443e+01            -3.158604476743e+01           -1.003333229949e+01           
400       1.563352418659e+01            -1.424401497382e+01           -8.965520205738e-01           -6.380541543839e+00           
410       2.142763498914e+01            -5.578056657185e+00           1.771695076600e+01            -1.068356123736e+01           
420       1.677189126877e+01            1.357358456280e+01            8.783457440618e+00            4.461503584748e+00            
430       1.711432612736e+01            -5.684257586765e+00           1.564215994553e+01            -3.989010744460e+00           
440       2.360094779967e+01            -2.184181450221e+01           8.940128725532e+00            -1.182144859668e-01           
450       2.222778856861e+01            2.105486596775e+01            4.056647044569e+00            -5.857543724661e+00           
460       6.615804941493e+01            -6.097407093538e+01           -2.495912776291e+01           -6.007671534817e+00           
470       4.622383229850e+01            1.210333993414e+01            -4.425601721678e+01           -5.617541713851e+00           
480       2.646140214630e+01            2.642338048592e+00            1.970597571512e+01            1.746133941884e+01            
490       5.174891111240e+00            4.761835948291e+00            1.601354225999e+00            1.241000023218e+00            
500       1.978618558975e+01            -1.425751684878e+01           -1.368181185943e+01           1.012115478513e+00            
510       4.074703543778e+01            -3.153767281466e+01           8.969999508295e+00            -2.419163490184e+01           
520       1.973527785207e+01            -6.639975869481e+00           -1.040016810005e+01           -1.540222113339e+01           
530       2.419406963234e+01            -1.405808059780e+01           -1.964119283351e+01           -1.395320521150e+00           
540       1.105297924107e+01            -3.048906246741e-01           -1.077901426928e+01           2.426570253109e+00            
550       4.729798059243e+01            -1.517495757926e+01           4.474155820535e+01            2.238883638535e+00            
560       2.266551610824e+01            1.868814921731e+01            3.965243397854e+00            1.219653820067e+01            
570       2.849124319016e+01            -2.630364342470e+01           9.449577180120e+00            5.529445923810e+00            
580       1.193558129570e+01            9.520874620253e+00            -3.737683065998e+00           6.151485400274e+00            
590       3.265789401088e+01            -1.136850038730e+01           2.188171926839e+01            -2.141227689971e+01           
600       8.310573778427e+00            4.919590828705e+00            -4.118476795415e-01           -6.685330514915e+00           
610       3.198307424047e+01            -2.496581924932e+01           1.515386358658e+01            1.303784205614e+01            
620       2.262461254045e+01            2.160033745124e+01            -5.944364272341e+00           3.156429627853e+00            
630       1.559749220630e+01            -9.287132530176e+00           -9.203578936817e+00           8.504414573991e+00            
640       6.377152219694e+01            4.042088099525e+01            4.372767547311e+01            -2.282213444446e+01           
650       8.942428130446e+00            8.628902957193e+00            5.673389656519e-01            -2.277538390805e+00           
660       2.417978206017e+01            -2.088811265821e+01           -1.159670262451e+01           3.723586751230e+00            
670       6.472893916991e+01            1.957319026505e+01            6.046833650886e+01            -1.225993755130e+01           
680       4.333850048783e+01            3.634743588649e+01            -1.426749336162e+00           -2.355958224041e+01           
690       6.459939292071e+01            -5.987407790136e+01           -2.423859039878e+01           8.167598587804e-01            
700       1.101214629997e+01            -9.997950171302e+00           4.503577577488e+00            -1.012989391673e+00           
710       2.861006722446e+01            1.523744209238e+01            -1.085171458824e+01           2.164709208103e+01            
720       3.011126976079e+01            2.661008799664e+01            -6.880823751134e+00           -1.229821320047e+01           
730       3.145236038168e+01            -1.257333876658e+01           -1.594237495686e+01           -2.402088271847e+01           
740       4.669155840860e+01            -2.578649572637e+00           -4.161340973970e+01           -2.101847574973e+01           
750       2.356025827230e+01            -1.514417750076e+01           1.782691498080e+01            -2.817935405649e+00           
760       5.363659668639e+01            1.815112059400e+01            -4.962109840436e+01           -9.228646619368e+00           
770       4.427766372078e+01            3.985049303227e+01            -7.515504430512e+00           -1.777545787905e+01           
780       2.098434618388e+01            -5.472491343181e+00           1.542569615128e+01            -1.313173718561e+01           
790       2.210643852023e+01            5.467779445989e+00            2.136328789965e+01            -1.551754521556e+00           
800       1.456019414459e+01            1.675340273223e+00            -7.794701746883e+00           -1.218339497736e+01           
810       1.839753490266e+01            7.364459872610e+00            4.257587432143e+00            -1.631278549289e+01           
820       2.321936257486e+01            6.631716927543e+00            -7.024439534248e+00           2.111436426240e+01            
830       2.143245240687e+01            4.691571529228e+00            2.088267057500e+01            1.119483101645e+00            
840       8.766818556272e+00            -2.605888017037e+00           -6.431529852757e+00           -5.357413461209e+00           
850       1.107038432630e+01            4.969322936837e+00            9.684002170173e+00            -2.019737767527e+00           
860       1.092846798013e+01            -6.953259423959e+00           -8.121689520552e+00           -2.263129494228e+00           
870       2.654640250993e+01            -2.269120516942e+01           -5.003884797310e+00           -1.283673755725e+01           
880       4.026652511149e+01            -3.803767970203e+01           1.251378735972e+01            -4.234748322548e+00           
890       3.483344387685e+01            -1.530768724193e+01           3.082822284436e+01            -5.353895766947e+00           
900       3.590188116011e+01            3.106839656383e+01            -1.739371355319e+01           -4.599840716448e+00           
910       3.457173499775e+01            -2.560783356212e+00           -2.932612330974e+01           1.812803742767e+01            
920       3.453077362162e+01            -1.549188624621e+01           -3.045105333769e+01           -5.010901921549e+00           
930       1.463916249100e+01            5.235763016923e+00            -1.243191593095e+01           5.686768006021e+00            
940       5.087282264178e+01            4.715241124175e+01            -1.320291805683e+01           -1.379772272570e+01           
950       2.101180294573e+01            1.977894442566e+01            2.751342319583e+00            6.536003050578e+00            
960       1.945161819271e+01            -1.312311260592e+01           -1.092284022979e+01           -9.318847952503e+00           
970       2.907986726419e+01            1.544950162856e+01            -2.320282884184e+01           -8.281323159306e+00           
980       4.194983740563e+01            -2.080676267743e+01           -3.045519794693e+01           -1.998370344198e+01           
990       1.627530669911e+01            -1.392436001588e+01           -7.761518230184e+00           3.279731858045e+00            
1000      2.676247188704e+01            2.455285311000e+01            -9.305483386473e+00           -5.176416193420e+00           
1010      1.573617912877e+01            1.386237651109e+01            -6.979644408299e+00           -2.597386180627e+00           
1020      3.348544604822e+01            3.102694596842e+01            7.855482105307e+00            9.843531978607e+00            
1030      2.643059580657e+01            2.073764513686e+01            -5.688332503955e+00           -1.536780212629e+01           
1040      3.254963434284e+01            2.783532486265e+00            -3.240486140791e+01           1.286701163722e+00            
1050      2.477306531031e+01            1.005778878021e+01            4.475527104510e-01            -2.263504685864e+01           
1060      2.455068111144e+01            -9.790253211780e-01           2.374483357302e+01            -6.161195585741e+00           
1070      5.620646906496e+01            3.149046222479e+01            1.249233592511e+01            4.484929761717e+01            
1080      2.616710786868e+01            5.564798155123e+00            6.492522788987e+00            -2.473050148174e+01           
1090      1.626228783135e+01            -5.971107133932e+00           1.122756656747e+01            1.013654941674e+01            
1100      1.453097217522e+01            1.382068671631e+01            -4.478116199137e+00           2.902522243862e-01            
1110      2.696497624725e+01            -9.024487400876e+00           1.792789322522e+01            1.800719899572e+01            
1120      4.196472615890e+01            1.795906335734e+01            2.566570375891e+01            -2.792457583346e+01           
1130      1.924096385483e+01            -1.186390422121e+01           -1.274510998969e+01           -8.186857641601e+00           
1140      2.785217373852e+01            -2.611407421537e+01           9.530032707131e+00            -1.725452530715e+00           
1150      4.757158261578e+01            -4.611834388035e+01           8.430502526163e+00            8.067245964987e+00            
1160      4.099068797772e+01            3.991655823882e+01            -5.408662499451e+00           -7.592841972586e+00           
1170      3.400755599522e+01            -3.234940414967e+01           -2.179963310485e+00           -1.026049101621e+01           
1180      1.741152167833e+01            2.841503212552e+00            7.263094748544e+00            1.556709354124e+01            
1190      3.864754227773e+01            -3.089615585533e+01           2.320479507437e+01            -7.730220105441e-01           
1200      6.045354690207e+01            -1.276974890418e+01           -5.405782825322e+01           2.386034472739e+01            
1210      2.995140774288e+01            -6.167448509435e+00           1.840822946332e+01            -2.280759725814e+01           
1220      1.103106692605e+01            1.065516653740e+01            7.232233142272e-01            -2.762030344698e+00           
1230      7.454913884580e+01            7.221716938916e+01            1.720730138548e+00            -1.841992496887e+01           
1240      4.091526388686e+01            3.914560437100e+01            -8.693724893152e+00           8.130167577769e+00            
1250      3.936778516169e+01            4.504445069334e+00            -2.433391352458e+01           -3.061687664888e+01           
1260      2.131476085715e+01            1.397776250881e+01            -1.556161123620e+01           -4.096027511876e+00           
1270      4.008584557449e+01            2.040455833663e+01            3.325155376290e+01            -9.212121735077e+00           
1280      3.297306497874e+01            1.764555566562e+01            -1.693087758046e+01           -2.211792855806e+01           
1290      1.581765577618e+01            1.273037680992e+01            7.379705911976e+00            -5.803075148917e+00           
1300      2.591313400596e+01            2.694657262717e+00            8.363270982651e-01            -2.575907399796e+01           
1310      3.374704080315e+01            -3.201584492080e+01           -6.464479170622e+00           8.488754091708e+00            
1320      1.416842288527e+01            1.762567841730e-01            8.686348316091e+00            -1.119198344948e+01           
1330      5.259814542756e+01            -5.196619289523e+01           -6.364208525194e-01           8.103990800446e+00            
1340      3.095752106904e+01            6.937011494318e+00            2.689641399728e+01            -1.366853673057e+01           
1350      3.581562709936e+01            2.157604026351e+01            -1.666613150375e+01           -2.322657296650e+01           
1360      5.890109060649e+00            -1.135339014406e+00           4.714998803899e+00            3.342630154225e+00            
1370      3.146455415235e+01            3.001080578941e+01            -6.606041017062e+00           6.762390550502e+00            
1380      1.531459201148e+01            -7.049053412007e+00           1.336821668432e+01            -2.477570817095e+00           
1390      4.072755612931e+01            1.956890350325e+01            -9.173183114773e+00           -3.452020503256e+01           
1400      2.010800465594e+01            1.135348394539e+01            5.964580996810e+00            1.548722141243e+01            
1410      2.563901184188e+01            -1.600648146498e+01           -1.999814540519e+01           -1.107095159424e+00           
1420      2.673160042225e+01            2.581487553657e-01            -2.296380103891e+01           1.368121566969e+01            
1430      1.051806995979e+01            8.824237947964e+00            4.246518590187e+00            3.837929152534e+00            
1440      1.131212381350e+01            4.901456350561e+00            -8.994055245602e+00           4.800712556967e+00            
1450      2.047122946738e+01            1.818980733047e+01            6.780034102272e+00            -6.498713931109e+00           
1460      6.729453772553e+00            -2.219194886558e+00           6.018950686969e+00            -2.032966984543e+00           
1470      1.670713909393e+01            1.600114436536e+01            3.360038827010e-02            -4.805283208789e+00           
1480      3.370263944497e+01            3.108764894570e+01            -8.604176226045e-01           -1.298790476179e+01           
1490      4.024095411211e+01            7.112547556674e+00            3.960470488185e+01            -4.619592284305e-01           
1500      2.557728775698e+01            1.800712294173e+01            -1.271399940398e+01           -1.297287136760e+01           
1510      2.770857266504e+01            1.705060475688e+01            -9.502715825051e+00           1.966571301801e+01            
1520      4.351383359561e+01            5.066960679492e+00            -4.305188663293e+01           3.783474726310e+00            
1530      1.739790527574e+01            -9.685827840547e+00           1.394966129252e+01            3.778729528676e+00            
1540      3.448622848697e+01            3.389089135386e+00            3.218639536553e+01            -1.191007907035e+01           
1550      1.641536776804e+01            9.309036996456e+00            -4.129226928381e+00           -1.287461122258e+01           
1560      4.986935419438e+01            2.115741210877e+01            1.832014236649e+01            4.127576509643e+01            
1570      2.254959325189e+01            -3.037162836351e-01           1.450936185620e+01            -1.725892032460e+01           
1580      6.578139488175e+00            6.153448722537e+00            -2.147765945871e+00           -8.911169321420e-01           
1590      1.542498771385e+01            9.975148281334e+00            -8.443716143415e+00           -8.193309491726e+00           
1600      3.050718270990e+01            -2.514514696063e+01           -3.891132058954e+00           1.683059335031e+01            
1610      1.895919119551e+01            -1.347595693483e+01           8.395632298254e+00            1.036160575349e+01            
1620      2.532279427080e+01            -1.646866963351e+01           1.875712275974e+01            4.265814806079e+00            
1630      3.308608809558e+01            5.973487690873e+00            2.483794521351e+01            -2.102577341850e+01           
1640      2.742269151504e+01            8.323693706696e+00            -1.770699706053e+01           -1.921411949856e+01           
1650      4.096355548803e+01            2.552339091807e+01            3.199447731607e+01            1.709624384513e+00            
1660      1.546021991170e+01            -1.016215814257e+01           -1.050884647856e+01           5.031211314737e+00            
1670      2.764832451396e+01            -2.604172029814e+01           6.676042839659e+00            6.456710024908e+00            
1680      1.463938593222e+01            -1.061064924581e+01           9.535197357545e+00            -3.287210733681e+00           
1690      3.498872795670e+01            -3.084164172330e+01           -1.173572556315e+01           -1.163086262260e+01           
1700      1.373642985411e+01            8.213974068101e+00            -1.097600280202e+01           8.645794559095e-01            
1710      2.980511560259e+01            -2.824707650989e+01           -6.560083981670e+00           -6.885701335505e+00           
1720      3.479958513007e+01            -3.156025451341e+01           -1.280124414536e+01           -7.147699532361e+00           
1730      4.373041113011e+01            -1.280877169222e+01           -4.112053226769e+01           7.575358167574e+00            
1740      3.488299960016e+01            1.017050981061e+01            3.191590804564e+01            -9.734433980421e+00           
1750      5.351767361341e+01            4.343160823065e+01            2.479414128620e+01            1.905485117682e+01            
1760      4.397560804399e+01            1.989115666241e+01            3.769808001486e+01            -1.081899961472e+01           
1770      2.773762554092e+01            1.363743765314e+01            2.411745502376e+01            1.320805845691e+00            
1780      4.396777811414e+01            -3.476578629821e+01           1.347266307678e+01            2.330220944419e+01            
1790      3.505558100506e+01            -2.436319313062e+01           2.310476519411e+01            -1.007464170120e+01           
1800      1.208797793730e+01            5.570595038943e-01            -1.228457082113e+00           1.201248469381e+01            
1810      3.438106278176e+01            2.785176998566e+01            -9.438931492301e-01           2.013567610964e+01            
1820      2.490589881511e+01            -9.715125027233e+00           2.163741394994e+01            -7.598845902690e+00           
1830      2.538769216165e+01            -2.228347636183e+01           -9.783696574661e+00           -7.229168407310e+00           
1840      3.726232109059e+01            -6.016819018545e+00           3.676062904231e+01            -9.667545552580e-01           
1850      3.493544046753e+01            5.516685513824e+00            3.439779984016e+01            2.615826400667e+00            
1860      3.745756487597e+01            2.698412462762e+01            3.195435380044e+00            2.578207472743e+01            
1870      4.408294491959e+01            3.891182473565e+01            3.299099222129e+00            2.045218503848e+01            
1880      2.421572219843e+01            1.686789618261e+01            1.711676087621e+01            -2.981908293448e+00           
1890      3.707133925592e+01            -2.978413902540e+01           2.205189548293e+01            -9.503485432275e-01           
1900      2.077946168088e+01            -2.695202453782e-01           -5.167735689680e+00           -2.012480793514e+01           
1910      1.367785760656e+01            -1.289412642469e+01           3.154179278010e+00            3.297945653197e+00            
1920      1.883301457000e+01            1.807039010629e+01            -4.546987791428e+00           -2.732826599855e+00           
1930      1.431056861468e+01            7.451871097635e+00            6.931581084296e+00            1.006057527637e+01            
1940      2.246537820956e+01            6.286761312653e+00            2.067740840230e+01            -6.133076883663e+00           
1950      1.462277283360e+01            1.199318726437e+01            4.910993551326e+00            6.772819717340e+00            
1960      1.453547682341e+01            -1.385315409736e+01           -5.618307044543e-01           4.365152265168e+00            
1970      3.202784155886e+01            -1.514992772472e+01           2.710726154736e+01            7.839559697962e+00            
1980      3.344589794910e+01            1.683124109823e+01            2.887393504496e+01            1.278001460956e+00            
1990      1.359321467092e+01            1.047964891804e+01            -1.044476363238e+00           8.594272090804e+00            
2000      2.968551151740e+01            2.510389891575e+01            1.510546795980e+01            4.780030438464e+00            
2010      4.482679809965e+01            3.655076760549e+01            -2.140445933798e+00           2.586313412023e+01            
2020      3.867021211940e+01            -2.178563287750e+00           3.819044756867e+01            -5.668234457526e+00           
2030      1.955684831251e+01            2.820857160060e+00            7.181520479496e+00            1.797049928087e+01            
2040      1.714931363786e+01            -7.535718392016e+00           -9.092763749436e+00           -1.243517406242e+01           
2050      1.935779794824e+01            1.310974139287e+01            1.377376817213e+01            3.625235489899e+00            
2060      3.541669354628e+01            -1.371565076865e+01           3.189417037430e+01            -6.998928623589e+00           
2070      9.828554555026e+00            1.169093744606e+00            -9.603303177265e+00           -1.735013701092e+00           
2080      2.959129911635e+01            -1.615407569222e+01           -5.412992260016e+00           2.419484111781e+01            
2090      3.509401195519e+01            -1.508713944087e+01           -6.526937117598e+00           3.100591863606e+01            
2100      1.394243163006e+01            -1.323231305420e+01           1.367419611992e+00            4.174620294021e+00            
2110      4.165779076889e+01            1.751326447220e+01            -3.753897360678e+01           -4.413905280022e+00           
2120      7.982096031160e+00            1.993125901513e+00            7.000360109845e+00            -3.276623952161e+00           
2130      2.928883906215e+01            -1.340868796984e+01           -1.712296838657e+01           1.961752110152e+01            
2140      9.436025106231e+00            -7.060043647492e+00           2.261658153015e-01            6.256452870829e+00            
2150      2.706066474691e+01            -2.016322596774e+00           2.400119630526e+01            -1.233517716316e+01           
2160      1.194631321355e+01            -5.244881800052e+00           1.085751002750e+00            1.067833128629e+01            
2170      8.069087975356e+00            3.629961719721e+00            1.846266021438e-01            -7.204128794322e+00           
2180      1.601127824787e+01            -1.500674440129e+01           -5.042754556700e+00           -2.393591461756e+00           
2190      2.624987187822e+01            -2.623656770987e+01           7.669100134481e-01            -3.318696423625e-01           
2200      3.836822103019e+01            -1.347969718978e+01           2.549937025643e+01            -2.530217906069e+01           
2210      5.902136976560e+00            2.918435204665e+00            -3.130297084093e+00           -4.064381504186e+00           
2220      5.673562261682e+01            -2.939163783901e+01           4.618465118864e+01            -1.490102323474e+01           
2230      5.463686769710e+01            -3.722966652787e+01           -3.831575205340e+01           1.144737465779e+01            
2240      3.874725701867e+01            -2.013365605285e+01           3.273058720378e+01            -4.969354255060e+00           
2250      2.162275492251e+01            -2.122018876185e+01           1.192182023850e+00            3.978168092525e+00            
2260      7.794635409965e+00            3.463255939799e+00            1.480840577469e+00            6.824171059832e+00            
2270      4.133732204726e+01            3.893632354527e+01            1.268489010003e+01            -5.641849516567e+00           
2280      3.140957450478e+01            1.325528880008e+01            8.286945863785e-01            2.846351971700e+01            
2290      4.217932394419e+01            1.674722260255e+01            -3.860703401043e+01           -2.850057614676e+00           
2300      2.368455484106e+01            -6.089497691189e-02           -2.138097374879e+01           1.018864031039e+01            
2310      3.964326928898e+01            -3.888878262678e+01           -1.797525818584e-01           -7.695393085130e+00           
2320      3.464762565808e+01            3.451547392523e+01            1.750668311630e+00            2.464788818919e+00            
2330      2.881033166360e+01            1.027442866539e+01            -2.668031879422e+01           -3.554140571987e+00           
2340      6.050676085055e+01            -5.145657959329e+01           3.028740981311e+01            9.795985504199e+00            
2350      4.402359188899e+01            -3.037298970682e+01           -2.896758720635e+01           1.328296015655e+01            
2360      1.157283050959e+01            -4.258246026900e+00           3.038612897823e+00            1.032301208153e+01            
2370      8.045786590663e+00            -2.860814306020e+00           4.122933191562e+00            -6.289025780428e+00           
2380      4.009379075784e+01            -2.561681241876e+01           2.220197467117e+01            -2.140942081273e+01           
2390      7.393709135263e+00            -1.619548768092e+00           -5.583279655357e+00           -4.568477301543e+00           
2400      3.022625137793e+01            1.846220931858e+01            2.191286974548e+01            9.622849835491e+00            
2410      1.871716376241e+01            -2.625684125329e+00           1.686909619974e+01            7.672782779854e+00            
2420      5.850193833575e+01            4.718594653904e+01            1.162179372772e+01            3.257141613140e+01            
2430      6.238273563837e+01            -3.857935508391e+01           4.061241977528e+01            2.745670094954e+01            
2440      2.450650401923e+01            1.549807855760e+00            1.663036405963e+01            1.793314880602e+01            
2450      1.825163548635e+01            1.772594040063e+01            -2.406621622698e+00           -3.622348299804e+00           
2460      2.638479392943e+01            2.630446173537e+01            1.507902554766e+00            1.399597583665e+00            
2470      2.950179677360e+01            -2.799979231612e+01           8.145113660920e-01            -9.257657066416e+00           
2480      2.292302185723e+01            2.251496563317e+00            -2.279919558559e+01           -7.696589777915e-01           
2490      3.537064912298e+00            -2.547635588483e+00           -2.383615242414e+00           5.820304787876e-01            
2500      1.439857921288e+01            -1.461698194667e+00           1.363557314338e+01            -4.387900043172e+00           
2510      1.581356913976e+01            -3.890392599129e+00           8.892581941890e+00            1.248422207306e+01            
2520      4.353641051034e+00            -4.973391055616e-02           -4.338059430020e+00           -3.646331320717e-01           
2530      2.787534874328e+01            1.196934303716e+01            1.754009175749e+01            -1.805865653799e+01           
2540      2.823622161816e+01            9.394562565575e-01            -2.720336221180e+01           -7.508576268841e+00           
2550      2.058162602860e+01            1.589678698718e+01            6.730735831811e+00            1.120681438356e+01            
2560      3.854960287740e+01            -8.661196182565e+00           2.581637393769e+01            2.728681731902e+01            
2570      5.584317756293e+01            3.355419836701e+01            -1.177354372116e+01           4.305763486907e+01            
2580      2.996729562542e+01            2.341342955381e+01            -1.832551349887e+01           3.745087266362e+00            
2590      1.954956022036e+01            4.676786470139e+00            -6.654990573195e+00           1.777706594444e+01            
2600      1.191821564806e+01            -1.087846777968e+01           2.663862369131e+00            4.075124572132e+00            
2610      3.528213502532e+01            5.805346804404e+00            5.211379970724e+00            3.440884361943e+01            
2620      3.553005909482e+01            -3.547150137773e+01           -1.414639235727e+00           -1.468497573562e+00           
2630      2.310674594940e+01            8.573261640887e+00            -2.144754784052e+01           6.508339538490e-01            
2640      1.034361078932e+01            1.136214416664e+00            -9.234168144248e+00           -4.519893764686e+00           
2650      1.567566037281e+01            -6.215540814092e+00           4.640054339151e+00            1.362216121772e+01            
2660      4.310880614677e+01            -3.525994386297e+01           2.353344336682e+01            -7.828318432482e+00           
2670      1.590705786073e+01            -5.001889831287e+00           7.641869388045e+00            -1.302372527952e+01           
2680      4.937323695206e+01            -2.437625285776e+01           -4.242071462717e+01           -6.633083314613e+00           
2690      1.656567306323e+01            -1.130755921018e+01           -1.132006567853e+01           -4.291473147953e+00           
2700      1.957037717202e+01            -5.852287353437e+00           -1.491755532543e+01           1.123463121338e+01            
2710      2.098572519854e+01            -1.363936621148e+01           8.263487553579e+00            1.364122886362e+01            
2720      2.316910053179e+01            3.801337836448e-01            -1.759434387805e+01           1.506989652452e+01            
2730      3.987337895370e+01            8.921447429250e+00            3.729432179463e+01            1.092829752663e+01            
2740      4.236860668206e+01            1.934011199767e+00            -4.070443512230e+01           1.159773228835e+01            
2750      2.795938087683e+01            5.328568126887e+00            -1.384813229988e+01           -2.369731150443e+01           
2760      2.084226149583e+01            -1.268064203857e+01           1.571570892474e+01            5.159231991600e+00            
2770      8.937121925098e+00            3.030545805427e+00            -6.757035835583e+00           -5.003039790160e+00           
2780      1.557755549216e+01            1.249522916310e+01            9.101214201450e+00            1.922858115511e+00            
2790      2.157785210377e+01            5.030460926860e-01            -1.958345451902e+01           9.046488553138e+00            
2800      1.927364786980e+01            -1.267771354377e+01           -1.307896552969e+01           -6.299979538406e+00           
2810      3.297953064150e+01            -2.347880004429e+01           -1.748106691734e+01           1.519235627696e+01            
2820      2.441023692723e+01            -6.731628059061e+00           -8.037163508385e+00           2.204424762285e+01            
2830      6.058450726654e+01            -3.374833675689e+01           4.982976197885e+01            6.966140108014e+00            
2840      4.034132049108e+01            1.490772582614e+00            -4.015442161034e+01           3.580804547840e+00            
2850      1.807141944659e+01            -3.281774528556e+00           1.272851468892e+01            1.240125278238e+01            
2860      2.368846299747e+01            2.115891344011e+01            7.221998796915e+00            -7.828562741235e+00           
2870      2.507491540579e+01            -5.574420644532e+00           1.514540138103e+01            -1.919098835633e+01           
2880      2.395823568331e+01            -1.242017472195e+01           -1.995538100758e+01           4.638866863292e+00            
2890      2.435812083903e+01            1.388512270352e+01            -1.991687646148e+01           1.959451539435e+00            
2900      2.673016047262e+01            -1.552481818163e+01           5.626707056358e+00            2.101955439636e+01            
2910      4.642331426810e+01            3.260214139854e+01            2.862195684485e+01            1.652295585648e+01            
2920      1.872639524918e+01            -1.161863884292e+01           1.336621448811e+01            6.085180418385e+00            
2930      1.325860003277e+01            -8.051119170905e+00           7.980758332074e+00            -6.875860045831e+00           
2940      1.939238358541e+01            8.601292506817e+00            4.626207997744e+00            1.675352225346e+01            
2950      5.107252920721e+01            4.067876834970e+01            2.395569205199e+01            1.948758228935e+01            
2960      5.024634927390e+01            4.464265652526e+01            -5.441912367785e-01           2.305282389688e+01            
2970      3.761880612785e+01            1.612461621689e+01            3.352377597152e+01            5.597121666913e+00            
2980      8.691118484016e+00            -4.850347767265e+00           2.402122411579e+00            -6.799961393978e+00           
2990      3.611681391738e+01            -6.931211550765e+00           1.671052485425e+01            -3.125925323927e+01           
3000      4.914264255322e+01            -3.040566782760e+01           3.801770528342e+01            6.719283150297e+00            
3010      2.376934159471e+01            -2.234010707032e+01           -7.108076065703e+00           -3.921284301968e+00           
3020      1.526462943857e+01            -1.042814889017e+01           -6.834916143183e+00           -8.806051552033e+00           
3030      3.053209221449e+01            1.060715188675e+01            -1.716899711968e+01           -2.291118769837e+01           
3040      4.192646564384e+01            2.679411508794e+01            2.974694029831e+01            -1.245084177585e+01           
3050      2.238595273803e+01            -3.919606505310e+00           -1.194380578117e+01           1.852331148296e+01            
3060      1.925513081658e+01            -1.839745211007e+01           -5.677633120745e+00           2.414555188219e-01            
3070      8.247499671651e+00            -6.721644182351e+00           3.352555209606e+00            -3.406042261377e+00           
3080      3.490286534836e+01            -6.486005185118e+00           -3.135299484972e+01           -1.389717454081e+01           
3090      1.498977247881e+01            1.486126318338e+01            -1.955934524514e+00           1.022531005957e-01            
3100      1.628960178566e+01            1.470938523429e+01            2.225953363839e+00            6.635528915371e+00            
3110      1.744035846787e+01            -4.751279008348e+00           1.037315507247e+01            1.319049298226e+01            
3120      2.079372123826e+01            1.918339366872e+01            5.216211892936e+00            -6.096505865917e+00           
3130      3.603939773419e+01            1.042794943436e+01            -2.583883811159e+01           -2.285717621844e+01           
3140      2.984966601753e+01            -2.867778236501e+01           -2.532528559436e-01           -8.277875510923e+00           
3150      3.505523348664e+01            -3.080719698519e+01           1.522712236138e+01            6.922481730581e+00            
3160      4.177429983208e+01            -3.761857911837e+01           -1.813835600429e+01           9.667848971245e-01            
3170      1.563879400543e+01            1.553822658880e+01            -9.474044521624e-01           1.495933562436e+00            
3180      4.214656477814e+01            -3.329116113857e+01           -1.956868336824e+01           -1.688484953672e+01           
3190      3.757338723627e+01            1.777963016152e+01            -3.153467401648e+01           1.006024425153e+01            
3200      2.681489861303e+01            4.872765988824e+00            -2.499348969209e+01           8.403595198297e+00            
3210      3.808904041309e+01            3.640911844134e+01            5.188327318571e+00            9.911223615186e+00            
3220      4.186309815613e+01            -1.658977610467e+01           1.111268305243e+01            3.679411082500e+01            
3230      4.535765500201e+01            -9.352369569406e+00           1.253998698460e+01            4.257462597774e+01            
3240      1.246813337711e+01            -8.001878763955e+00           8.146043733212e+00            5.006621381029e+00            
3250      1.539226405349e+01            1.261308284952e+01            -1.088046543799e+00           8.754889402042e+00            
3260      9.190138590457e+00            -7.148767463811e+00           5.768763079109e+00            -2.741233249186e-01           
3270      1.811276455783e+01            1.295751596513e+01            5.863706853942e+00            -1.121570157733e+01           
3280      2.737269834715e+01            2.175660814100e+01            -1.084588115582e+01           -1.258099673942e+01           
3290      2.343144932878e+01            -1.659798932657e+01           2.507176141034e+00            -1.634789392430e+01           
3300      1.681325650183e+01            -1.369844052560e+01           8.602644535258e+00            -4.586156164264e+00           
3310      3.901576341537e+01            2.143886719408e+01            -2.912551901153e+01           1.463929337871e+01            
3320      2.956659784236e+01            -4.821899503950e+00           -2.405854534672e+01           -1.649604161444e+01           
3330      6.855534007582e+01            -5.016047119389e+01           4.300476840787e+01            -1.828528579773e+01           
3340      1.317906048853e+01            -8.738216478262e+00           9.766578950521e+00            -1.394684101352e+00           
3350      1.166495613726e+01            7.152694435233e+00            -7.764380373283e+00           4.962314119376e+00            
3360      4.021315306593e+01            2.605806727917e+01            -2.522298008589e+01           1.737458157094e+01            
3370      2.151835507755e+01            1.456307950203e+01            -1.521957837665e+01           -4.395538044208e+00           
3380      2.759749928098e+01            -1.898494212118e+01           1.961549336106e+01            -4.052944537166e+00           
3390      5.732286104282e+01            5.589670053085e+01            1.219270002330e+01            -3.578733580696e+00           
3400      2.457089149905e+01            7.220015957551e+00            1.873649631132e+01            -1.416134826232e+01           
3410      5.750031993197e+01            4.802328751356e+01            2.877541159923e+01            1.311588105942e+01            
3420      1.658612536787e+01            1.521780006347e+01            -4.066718997621e+00           5.194219146451e+00            
3430      2.130690723191e+01            1.630949743276e+01            -1.031122651492e+01           9.036769170327e+00            
3440      3.760893365699e+01            3.192442809021e+01            -8.937799581370e+00           1.775889975680e+01            
3450      7.413736433541e+00            6.915542423325e+00            2.013267154116e+00            -1.756563765813e+00           
3460      2.955026836097e+01            -1.593715513693e+01           -1.819342367973e+01           -1.697718413509e+01           
3470      2.862738468651e+01            -9.976832104944e+00           -2.614198653618e+01           -6.048678788096e+00           
3480      1.339702929050e+01            -5.470774004682e+00           -3.336797601614e+00           -1.176506724868e+01           
3490      6.178061295692e+00            5.708682520748e+00            2.654729995183e-01            2.347106588366e+00            
3500      2.332817897566e+01            1.926866511303e+01            -1.184498904755e+01           -5.711279501636e+00           
3510      3.003054713390e+01            2.948650752280e+01            2.639673161506e+00            5.041007922010e+00            
3520      3.023392066251e+01            -2.343055033258e+01           -1.880801820256e+01           3.370121812509e+00            
3530      3.207578338546e+01            -3.778158614095e+00           8.013149074240e+00            3.082808523395e+01            
3540      5.149676428151e+01            4.581756338984e+01            1.896069346878e+01            1.389819123723e+01            
3550      1.403759583912e+01            -1.283703477272e+01           2.828788668055e+00            -4.925707041418e+00           
3560      1.687175210993e+01            -1.520515446508e+01           6.967287874261e+00            -2.217249789587e+00           
3570      3.845411218316e+01            3.483620880662e+01            -1.488001762378e+01           6.613801878877e+00            
3580      2.373883260756e+01            3.411510051191e+00            -9.087048116724e+00           2.166377920088e+01            
3590      3.705937754217e+01            -3.526433715203e+01           -1.064929143988e+01           -4.051738006024e+00           
3600      1.729694565515e+01            -1.229855270018e+00           -1.246226316818e+01           1.193162946706e+01            
3610      3.928355802849e+01            5.588533958182e+00            2.039502151650e+01            -3.310603142808e+01           
3620      2.241155477000e+01            8.492048282706e+00            -9.889986559832e+00           -1.823049832065e+01           
3630      2.434056425593e+01            -1.572750887345e+01           -1.803424553466e+01           4.458084894694e+00            
3640      3.531102667346e+01            5.302809702269e-02            3.499123309148e+01            -4.741244508856e+00           
3650      3.481052000853e+01            2.979116368606e+01            -1.537084507718e+01           9.380617842555e+00            
3660      3.948632020837e+01            -2.022534697604e+01           -3.196984544844e+01           -1.131520239763e+01           
3670      1.865190977976e+01            -2.062581993258e+00           1.768597541544e+01            -5.553896610307e+00           
3680      7.441404910691e+00            1.479500207562e+00            -3.748142833225e+00           -6.255958078697e+00           
3690      5.261456258414e+01            5.101112078148e+01            2.696181728160e-01            -1.288739921699e+01           
3700      2.183140488474e+01            6.319782542874e+00            1.705033993158e+01            -1.208124563403e+01           
3710      4.556788685958e+01            2.735570411955e+01            -3.048650320311e+01           -1.996674453731e+01           
3720      1.716972052271e+01            -1.618356738103e+01           4.534543925576e+00            3.511318988477e+00            
3730      3.003200909241e+01            -1.319988162128e+01           -1.672983472915e+01           -2.116122220587e+01           
3740      1.870375817000e+01            -4.579593510081e+00           1.602261364525e+01            -8.493158713899e+00           
3750      3.039690182997e+01            1.241867724497e+01            2.670681880693e+01            7.516244112568e+00            
3760      4.035004096028e+01            3.384911549508e+01            4.247287915555e+00            2.154817233686e+01            
3770      3.953542378657e+01            3.362017434758e+01            1.282554431300e+01            1.637800427089e+01            
3780      2.020966909504e+01            2.006441579147e+01            2.048093182690e+00            1.286568378692e+00            
3790      1.538332534744e+01            8.372504194611e+00            1.242277886904e+01            -3.496060272294e+00           
3800      1.792344471274e+01            1.226153794274e+01            -1.077253022822e+01           7.406561289258e+00            
3810      5.937266518098e+00            5.807073653621e+00            -8.847469449723e-01           -8.638588609899e-01           
3820      3.513951683078e+01            -2.557002292519e+01           1.833594285289e+01            1.564457638933e+01            
3830      2.616442758680e+01            1.361338079886e+01            1.013633224064e+01            1.991250619278e+01            
3840      2.795511767070e+01            1.152056749769e+01            -2.528495279536e+01           3.071854594569e+00            
3850      2.407810273004e+01            1.411412877512e+01            -1.930287215609e+01           2.818781035005e+00            
3860      4.494297712605e+01            -3.252890155033e+01           3.100617454240e+01            -5.990802352924e-01           
3870      4.223338965743e+01            -3.979195803898e+01           1.405709697627e+01            -1.630123302187e+00           
3880      3.580574488933e+01            -5.905576924529e+00           3.504364572410e+01            4.372461850265e+00            
3890      3.102631640013e+01            1.350028489681e+01            2.585464670603e+01            1.057884023758e+01            
3900      1.251047648805e+01            8.238390960585e+00            -1.007995915274e+00           9.360816234355e+00            
3910      1.734230939633e+01            1.225464339813e+01            -8.985605955552e+00           8.356931015296e+00            
3920      2.917357154390e+01            -8.074445682562e+00           2.575711684161e+01            1.106668584328e+01            
3930      1.042174571358e+01            -6.242827695518e+00           -1.835418414781e+00           8.140707913025e+00            
3940      5.459138893068e+01            -4.580796858373e+01           1.471213029309e+01            -2.579540621608e+01           
3950      4.564121296525e+01            4.231810825234e+01            -2.193286757346e+00           1.695545717703e+01            
3960      1.257754161871e+01            -4.828580203464e+00           4.882351554060e+00            1.053764725599e+01            
3970      3.649266778372e+01            -3.366221855125e+01           1.337944950359e+01            4.422688680176e+00            
3980      3.725133680343e+01            2.287188672937e+01            -2.898796978978e+01           4.923057845311e+00            
3990      2.562501755006e+01            2.537773941364e+01            3.496808350520e+00            6.198371189626e-01            
4000      1.590015562701e+01            1.306521709648e+01            2.675646855687e+00            -8.657711307770e+00           
4010      1.091975275504e+01            -7.655330484545e+00           -6.347934044380e+00           4.510060839040e+00            
4020      1.362052169250e+01            -1.094619225430e+01           8.387978459927e-01            -8.062003751014e+00           
4030      3.422984605164e+01            -3.418367213225e+01           -1.712419873184e+00           -4.759605574366e-01           
4040      3.804008266380e+01            2.836351179598e+01            2.335805141876e+01            9.846853385036e+00            
4050      5.390198947250e+01            -1.148121160291e+01           4.877975582065e+01            1.985300156905e+01            
4060      1.517729832900e+01            -1.410273461428e+01           3.809649969251e+00            -4.117016890704e+00           
4070      3.091859441374e+01            4.962835147368e+00            -2.950482804421e+01           -7.797106508374e+00           
4080      2.440659687068e+01            2.250940579242e+01            5.107322080947e+00            -7.932457553700e+00           
4090      1.285671850950e+01            -9.208143683113e+00           8.580462228549e+00            -2.623160057678e+00           
4100      2.476076590131e+01            -7.728518853297e+00           2.335822462165e+01            2.785474264553e+00            
4110      1.521909239538e+01            1.135413227826e+01            2.887313517377e+00            -9.714312852657e+00           
4120      1.379376620802e+01            9.611790554662e-01            -1.362541536420e+01           1.921503884449e+00            
4130      4.072882345335e+01            -3.119484701748e+01           2.558545764331e+01            -5.577000684240e+00           
4140      1.777047499069e+01            -3.856555138500e+00           -4.881428132013e+00           1.664597318424e+01            
4150      2.375293336040e+01            -2.129353797538e+01           -8.060414247617e+00           6.768811259847e+00            
4160      4.104683725922e+01            2.192757333410e+01            -3.375858157473e+01           -8.023873548698e+00           
4170      2.866198307066e+01            1.521320823481e+01            2.406328656023e+01            -3.320513313786e+00           
4180      2.647369640947e+01            2.069040405835e+01            1.630913355449e+01            -2.603064383500e+00           
4190      1.958622323316e+01            1.894905858366e+01            1.415515600274e+00            -4.748645587711e+00           
4200      7.731732807895e+00            -6.948400294480e+00           3.099689177866e+00            1.375264542181e+00            
4210      1.784019530459e+01            -1.314328493640e+01           -2.667088573613e+00           -1.176491683469e+01           
4220      6.142486089105e+01            5.624469399572e+01            1.876611628443e+01            1.604309235814e+01            
4230      4.434415330314e+01            3.297308534585e+01            -1.156725345045e+01           2.730161575000e+01            
4240      5.878181731079e+00            4.236838991024e+00            -3.519918468789e+00           2.052410729073e+00            
4250      2.982829989938e+01            3.327899110988e-01            2.798892723517e+01            1.030711783121e+01            
4260      4.171515574334e+01            3.565171679750e+01            -3.747732506746e+00           2.133222466459e+01            
4270      5.167824232170e+00            -3.139154494892e+00           3.997175031361e+00            -9.352583175073e-01           
4280      3.544802461465e+01            1.634335261195e+01            -2.370582565229e+01           2.067585801425e+01            
4290      2.236116332822e+01            -8.444451423096e+00           -1.597413002169e+01           1.317345951542e+01            
4300      2.300251587905e+01            -1.797980238286e+01           1.404217495309e+01            2.942747971884e+00            
4310      1.393772422348e+01            5.578691345463e+00            -9.208712301936e+00           -8.850874371614e+00           
4320      4.512163793625e+01            -3.195125381639e+01           -2.933126444309e+01           1.244011719317e+01            
4330      1.738847860885e+01            -1.578616798569e+01           -3.318514352682e+00           6.491806462703e+00            
4340      3.313423791210e+01            5.593577732635e+00            -1.670520468309e+01           2.806288913602e+01            
4350      2.764899884868e+01            4.220259013460e+00            1.831687364210e+01            2.027680179844e+01            
4360      2.259410886202e+01            -2.255276532116e+01           1.276457645649e+00            4.870190102344e-01            
4370      3.152324038228e+01            -1.963608291795e+01           2.176486443487e+01            1.159437829165e+01            
4380      2.304414335703e+01            1.699083736878e+01            1.169040216168e+01            -1.028000417632e+01           
4390      8.585467525458e+00            6.774049349049e+00            -4.999603081451e+00           -1.681212977378e+00           
4400      2.880687333614e+01            2.410164945958e+01            1.577411076971e+01            3.519576064073e-01            
4410      1.270609450945e+01            3.544103878307e+00            -1.100273074871e+01           5.274853690318e+00            
4420      2.466438480560e+01            6.591517779976e+00            -2.042989428412e+01           1.214508916126e+01            
4430      2.727523171772e+01            7.680754157471e-01            1.068675054413e+01            2.508269698854e+01            
4440      4.054012767224e+01            2.137612396572e+00            -4.766990281950e+00           4.020209408197e+01            
4450      2.056867788868e+01            1.200123590781e+01            -1.358192133167e+01           -9.724826976024e+00           
4460      1.639156664060e+01            -8.044462915584e+00           1.209192009924e+01            7.599706681624e+00            
4470      2.247405164626e+01            -1.547636359801e+01           7.147934372834e+00            -1.464486945598e+01           
4480      2.766772934568e+01            -2.597027896213e+00           -1.379062473665e-01           -2.754522962546e+01           
4490      2.642713474178e+01            -1.631871089774e+01           2.062877772670e+01            2.558643155767e+00            
4500      1.498116590328e+01            4.897101435073e-02            -8.730208509458e+00           -1.217441551134e+01           
4510      1.983632484895e+01            1.227863913559e+00            -9.992520541849e+00           1.709156712954e+01            
4520      1.025811862097e+01            2.784214680590e+00            1.183679616455e+00            9.801839052941e+00            
4530      3.147174494551e+01            2.614548028019e+01            -1.498665289115e+01           9.071098387398e+00            
4540      1.757421296798e+01            -1.038607726787e+01           1.272680934707e+01            -6.245853366272e+00           
4550      4.780171516828e+01            4.405764684731e+01            -1.717666774592e+01           -6.992125031271e+00           
4560      2.936578152189e+01            -2.094407071102e+01           -8.121909599278e+00           1.891374132488e+01            
4570      1.438744673963e+01            -1.361721906450e+01           -4.483115355207e+00           -1.213113905225e+00           
4580      1.984790144431e+01            -1.797414836181e+00           -2.456262326563e+00           -1.961314016248e+01           
4590      2.275930865601e+01            6.948117696294e-01            -2.184269197893e+01           6.356113137575e+00            
4600      4.513776300509e+01            -1.126058481440e+01           4.354261292531e+01            3.828542591968e+00            
4610      1.329882213326e+01            2.409759606438e+00            6.851355319535e+00            1.114049635594e+01            
4620      2.811943581432e+01            1.192326449452e+01            2.545964270806e+01            -5.873904045805e-01           
4630      1.175874530580e+01            -8.440724404348e+00           3.581068806188e+00            -7.361943282978e+00           
4640      9.839225858815e+00            -4.892086634430e+00           -6.775774216341e+00           5.192950763407e+00            
4650      4.024371439298e+01            3.378022637964e+01            -1.865301235676e+01           1.142444676572e+01            
4660      1.455746082814e+01            -5.441593943408e+00           -1.274368401446e+01           4.461752890701e+00            
4670      1.971533479226e+01            -7.499975847533e-01           1.553590763603e+01            -1.211476386556e+01           
4680      2.289248241708e+01            8.153925289967e+00            1.518771661153e+01            -1.506361569179e+01           
4690      2.141382181896e+01            6.244925485364e+00            1.925852389348e+01            6.975810205337e+00            
4700      3.812338553488e+01            3.267688693124e+01            -6.634498128602e+00           1.848234345816e+01            
4710      2.162025760780e+01            -1.652582859709e+00           1.488057228055e+01            -1.559721377436e+01           
4720      3.607862402139e+01            -1.612608691527e+01           -1.431125238528e+01           -2.892757313088e+01           
4730      2.373173399055e+01            1.295205995869e+00            2.322204187468e+01            -4.717458086435e+00           
4740      6.478865450435e+00            -3.809703279952e+00           -4.983940725098e+00           -1.619318774137e+00           
4750      2.166810285760e+01            -8.966498508401e+00           1.389867647735e+00            1.967681005316e+01            
4760      6.110260330290e+00            -5.600343948775e+00           2.147665927086e+00            -1.165744408081e+00           
4770      2.001774281294e+01            -1.395157944552e+01           -7.935354075556e+00           1.196217430052e+01            
4780      3.001676239465e+01            -2.346170067511e+01           1.579429615938e+01            1.005459272760e+01            
4790      2.337683453502e+01            6.170512326754e+00            -2.245476040169e+01           -2.045704232205e+00           
4800      3.886986034405e+00            1.743961764439e+00            -2.728998523499e+00           2.149377783122e+00            
4810      2.580860224516e+01            -1.386915110901e+01           2.159489365360e+01            2.718669794981e+00            
4820      3.084208556543e+01            -2.537635720801e+01           1.651064273484e+01            -5.888413484057e+00           
4830      1.945555376866e+01            -9.833604299286e+00           -1.154422580465e+01           1.218809458044e+01            
4840      3.137743682699e+01            3.018249965231e+01            -8.302959543182e+00           2.149678904992e+00            
4850      2.554030217728e+01            1.313491485462e+01            2.153152943836e+01            -4.021726882059e+00           
4860      2.523253112660e+01            -1.959587917577e+01           1.578392853798e+01            1.884077039644e+00            
4870      2.087381355723e+01            8.543600301502e+00            -8.541741759534e+00           1.702238626115e+01            
4880      2.642900661860e+01            1.767318461928e+01            -8.111470306093e+00           -1.789846322264e+01           
4890      2.405211028403e+01            -8.396918377296e+00           2.062710014082e+01            -9.083969983480e+00           
4900      1.946448828142e+01            -6.645156319690e-01           1.498746662404e+01            1.240163566736e+01            
4910      9.600425421472e+00            -2.319469766802e+00           4.182997201170e+00            8.324107320857e+00            
4920      1.795732807746e+01            4.965029769068e+00            1.719531595079e+01            -1.461239346037e+00           
4930      3.900294536118e+01            3.371908928151e+01            -1.946178208172e+01           2.343459638350e+00            
4940      3.199966329189e+01            3.126220319641e+01            4.131835360408e+00            5.438845342102e+00            
4950      3.233563966186e+01            1.246389267325e+01            -2.658996026925e+01           -1.353584074414e+01           
4960      3.041988139050e+01            1.299088498717e+00            3.027056131606e+01            2.715634455336e+00            
4970      3.306527449133e+01            5.394506694010e+00            3.086774588209e+01            1.055433270624e+01            
4980      4.202086607201e+01            2.701835671823e+01            -3.215009318392e+01           -1.460511538501e+00           
4990      3.403942014910e+01            -4.138141476997e+00           3.360518127252e+01            -3.499957263211e+00           
5000      3.739346292540e+01            3.192458135229e+01            1.344126635593e+01            1.408632435318e+01            
