@    title "Magnitude of Electric Field"
@    xaxis  label "Residues"
@    yaxis  label "MV/cm"
#time     EField_per_residue            Std.Deviation         EField_residue_alignement   Std.Deviation
@type xydy
21        3.728138652226e-01            1.748668272785e-01            0.008102            0.010342                      
22        2.759240714811e+00            4.123364729710e-02            0.058113            0.061165                      
23        5.384602508709e+00            1.617310412094e-01            0.113406            0.120873                      
24        1.209836483743e-01            1.390499604893e-02            0.002565            0.002753                      
25        7.400825985813e-02            2.696184204945e-02            0.001816            0.002133                      
26        3.578451302648e-02            1.084358965097e-02            0.000763            0.000865                      
27        7.069705919422e-02            1.797484612051e-02            0.001483            0.001670                      
28        1.517049027001e-01            1.783015438632e-02            0.003161            0.003343                      
29        6.707030206615e-02            1.171899909812e-02            0.001442            0.001561                      
30        5.538938963205e-02            1.825071189460e-02            0.001183            0.001404                      
31        3.451378747103e-01            2.538258829052e-02            0.007288            0.008094                      
32        4.926735998788e-02            1.546339361502e-02            0.001157            0.001400                      
33        1.420527136379e-01            1.355822895702e-02            0.002961            0.003037                      
34        3.063672505194e-01            4.017255461652e-02            0.006498            0.007230                      
35        3.387026265758e-01            2.399549627048e-02            0.007185            0.007679                      
36        2.134742683185e-01            1.080943923231e-02            0.004501            0.004843                      
37        4.770067477293e-01            4.032941934436e-02            0.010749            0.011422                      
38        6.797280142420e-01            1.655163669280e-02            0.014203            0.014926                      
39        5.043926174436e-01            2.350784668764e-02            0.010727            0.011215                      
40        3.713187339327e-01            9.892521490849e-03            0.007754            0.008261                      
41        4.328127739793e-01            1.530589359257e-02            0.009111            0.009704                      
42        1.712228963289e-01            7.784192840583e-02            0.004486            0.005390                      
43        2.691645418484e-01            3.112100659768e-02            0.005770            0.006209                      
44        3.212497969561e-01            2.947425717194e-02            0.006723            0.007121                      
45        3.291655082806e-01            1.931305046621e-02            0.006885            0.007393                      
46        8.128629735583e+00            2.217117194168e-01            0.170401            0.180262                      
47        3.438327438312e-01            4.433974243829e-02            0.007333            0.007658                      
48        4.588604761847e-01            3.207184908414e-02            0.009755            0.010301                      
49        5.190997198194e+00            1.147961717700e-01            0.109371            0.114575                      
50        1.470330638478e-01            1.918147723565e-02            0.003271            0.003552                      
51        3.731559142461e-01            2.679581676635e-02            0.007832            0.008272                      
52        6.728637203464e+00            1.526591179055e-01            0.141985            0.148567                      
53        4.638482779931e-01            3.024041313096e-02            0.009703            0.010300                      
54        8.757266807546e-01            2.317313481829e-02            0.018187            0.019319                      
55        3.672950811564e+00            1.468966749915e-01            0.076622            0.082325                      
56        2.811324003331e+00            1.968845072119e-01            0.058728            0.062399                      
57        1.634953270253e+00            7.436418676874e-02            0.034640            0.036734                      
58        2.674391597072e+00            8.935396198064e-02            0.056682            0.059615                      
59        8.373713782071e+00            2.671021622689e-01            0.177324            0.189954                      
60        5.142250305093e+00            3.031731232775e-01            0.109132            0.117863                      
61        1.244617345175e+00            1.829873169996e-01            0.026376            0.028359                      
62        3.585849782413e+00            3.287762547161e-01            0.074761            0.077795                      
63        1.857878675845e+01            1.440484703867e+00            0.390960            0.410519                      
64        6.812861848968e+01            4.687494717975e+00            1.424554            1.523849                      
65        3.273036503185e+01            1.489204366005e+01            1.024523            0.536603                      
66        5.624992818152e+01            8.393375799910e+00            1.195090            1.298969                      
67        9.528652705947e+00            1.120275703142e+00            0.201871            0.215728                      
68        3.287895872949e+01            1.094799933498e+00            0.690691            0.727343                      
69        3.231503308986e+00            5.344309037021e-01            0.068775            0.075272                      
70        2.398946143966e+00            7.960063444102e-01            0.052786            0.058250                      
71        2.004350699108e+00            1.448872343520e-01            0.041440            0.044329                      
72        7.539069526321e-01            2.650816326248e-01            0.016402            0.020626                      
73        2.234104950535e-01            4.411190416111e-02            0.004981            0.005330                      
74        4.361990563532e+00            1.240628851527e-01            0.091722            0.097126                      
75        4.067196227762e-01            1.530834163030e-02            0.008546            0.009089                      
76        8.603203682971e-01            3.024402036646e-02            0.018046            0.018892                      
77        1.007324529709e+01            2.634961455807e-01            0.211512            0.221863                      
78        5.944495242002e-01            1.609882754990e-02            0.012857            0.013301                      
79        7.917395398887e-01            2.404712220704e-02            0.016796            0.017325                      
80        1.167814786542e+00            7.524781414993e-02            0.024457            0.025420                      
81        1.067436868415e+00            3.717392847532e-02            0.022742            0.024114                      
82        7.029617995126e-01            3.463007238143e-02            0.014945            0.015555                      
83        7.963414847385e-01            6.299178629236e-02            0.016586            0.017402                      
84        1.718884416539e-01            6.732808199522e-02            0.004152            0.005092                      
85        6.627625020183e-01            6.684452166521e-02            0.013802            0.014629                      
86        2.390160380246e-01            5.571391719513e-02            0.004937            0.005359                      
87        2.417911449349e-01            6.058638962344e-02            0.005054            0.005763                      
88        4.645320044724e-01            7.379654944714e-02            0.009723            0.010542                      
89        2.305389688092e-01            5.548547980090e-02            0.005018            0.005368                      
90        7.086771146016e-02            3.097614958514e-02            0.001576            0.001904                      
91        6.409616324358e-01            5.355165714282e-02            0.013314            0.014307                      
92        8.557906365896e-01            6.571995142003e-02            0.017956            0.018672                      
93        5.744388584352e-02            2.462330050265e-02            0.001262            0.001616                      
94        3.888870660107e-01            2.637978203549e-02            0.008154            0.008757                      
95        7.912408798297e-01            3.347611171369e-02            0.016536            0.017560                      
96        6.224822153986e-01            1.539912167837e-01            0.013118            0.014383                      
97        6.580930794176e+00            1.259998166396e-01            0.138121            0.145386                      
98        4.521362382895e-01            1.693903221952e-02            0.009519            0.010050                      
99        5.012427821898e-01            1.618078605248e-02            0.010547            0.011100                      
100       2.538145526905e-01            1.370593282452e-02            0.005357            0.005636                      
101       6.704321089299e-02            4.266546602734e-02            0.001505            0.002389                      
102       2.636398346438e-01            7.569718415516e-03            0.005603            0.005911                      
103       2.287583591335e-01            9.775362761800e-02            0.005586            0.006057                      
104       2.119191470457e-01            1.102403914369e-02            0.004469            0.004637                      
105       1.283352458281e-01            7.241961970415e-03            0.002683            0.002782                      
106       2.763846797349e-01            1.944781817565e-02            0.005897            0.006149                      
107       2.176889673140e-01            7.009156394635e-03            0.004578            0.004789                      
108       1.342233549909e-01            6.217638871316e-03            0.002834            0.002961                      
109       1.404289029991e-01            1.709607067373e-02            0.003001            0.003063                      
110       1.142564940798e-01            4.190121641246e-02            0.002743            0.003165                      
111       7.658156670344e-02            1.202001276088e-02            0.001641            0.001755                      
112       2.371933893315e+00            4.124370163684e-02            0.049839            0.052444                      
1         5.015237508881e-01            1.775429262258e-01            0.012513            0.014153                      
2         5.573259117743e-01            1.258570017670e-01            0.014587            0.016176                      
3         3.514639408025e-01            1.241668397983e-01            0.008256            0.009142                      
4         4.737382028887e-01            1.318611692718e-01            0.012136            0.013947                      
5         3.344114299356e-01            1.037496013751e-01            0.008663            0.009783                      
6         5.260647306825e-01            1.153258024630e-01            0.013658            0.013543                      
7         5.574752761711e-01            6.208627258296e-02            0.012933            0.014128                      
8         3.459533349268e-01            1.144024064354e-01            0.008726            0.011287                      
9         4.099676385629e-01            1.168941383422e-01            0.010050            0.010391                      
10        5.284589192040e-01            1.370019283756e-01            0.013475            0.015074                      
11        6.142067469601e-01            1.077108026955e-01            0.015343            0.015174                      
12        4.771296044918e-01            1.117825086784e-01            0.012035            0.014720                      
13        5.539694719888e-01            1.045410076601e-01            0.013879            0.014153                      
14        3.392840625045e-01            1.004187267006e-01            0.008832            0.009165                      
15        3.831523711301e-01            9.704405044277e-02            0.008935            0.008401                      
16        4.043193478336e-01            1.360814606365e-01            0.010295            0.011393                      
17        5.533437489874e-01            1.152914716385e-01            0.014160            0.014086                      
18        2.177683819381e-01            4.478351617990e-02            0.005298            0.005101                      
19        1.790325985943e-01            2.482616967322e-02            0.004387            0.004144                      
20        3.638793130593e-01            1.324183311231e-01            0.009120            0.010130                      
21        2.838390336804e-01            8.474576601942e-02            0.007456            0.008909                      
22        2.803203627028e-01            5.839214723353e-02            0.007489            0.007121                      
23        2.690864408375e-01            6.220187163464e-02            0.006443            0.006690                      
24        3.086590261239e-01            7.166704376671e-02            0.007784            0.008011                      
25        2.694625428476e-01            8.729043900318e-02            0.006753            0.007274                      
26        3.208021124123e-01            1.017141792817e-01            0.008253            0.008113                      
27        4.361138013126e-01            8.674102516024e-02            0.011322            0.012192                      
28        2.325072368545e-01            5.836093066200e-02            0.005805            0.006731                      
29        1.725530066756e-01            4.232669494718e-02            0.004045            0.005245                      
30        2.546737993963e-01            7.831488438683e-02            0.006458            0.007337                      
31        1.853229046793e-01            5.587090828060e-02            0.004508            0.005154                      
32        1.851042424447e-01            4.768053288613e-02            0.004301            0.004001                      
33        1.824835680881e-01            5.269028873230e-02            0.004640            0.004886                      
34        2.222293778448e-01            4.280061715455e-02            0.005745            0.005993                      
35        2.262618688983e-01            6.825441304266e-02            0.005912            0.006380                      
36        2.290560441639e-01            9.285237986990e-02            0.005869            0.006775                      
37        1.806716588447e-01            4.095498124597e-02            0.004688            0.005004                      
38        2.405588064713e-01            6.154873298847e-02            0.005949            0.006142                      
39        1.680915858419e-01            3.624756048567e-02            0.004137            0.004704                      
40        1.453713704385e-01            3.670901758493e-02            0.003863            0.004299                      
41        2.221360676094e-01            6.640786798203e-02            0.005617            0.005924                      
42        1.709448105733e-01            3.966614846452e-02            0.004188            0.004144                      
43        1.183800472514e-01            3.461434662972e-02            0.002975            0.003309                      
44        1.725083923309e-01            4.435935008317e-02            0.004451            0.005152                      
45        1.056156830953e-01            3.900957939636e-02            0.002517            0.002527                      
46        1.584323055299e-01            4.401182405310e-02            0.003773            0.003700                      
47        1.091046336065e-01            3.299405287119e-02            0.002697            0.002799                      
48        1.736439388494e-01            4.208740765458e-02            0.004584            0.004806                      
49        1.144084091929e-01            3.146509620081e-02            0.002891            0.003229                      
50        1.068469573068e-01            2.259599380374e-02            0.002888            0.002841                      
51        9.748793800067e-02            2.411295075944e-02            0.002406            0.002454                      
52        8.021200417216e-02            1.968614859860e-02            0.002027            0.002154                      
53        1.464574276011e-01            3.430782909882e-02            0.003817            0.004002                      
54        1.402842466710e-01            4.720094584502e-02            0.003529            0.004087                      
55        1.381068129038e-01            4.531316288959e-02            0.003769            0.004124                      
56        1.497054827931e-01            3.572848034556e-02            0.003618            0.003694                      
57        1.508056654685e-01            3.813754760334e-02            0.003776            0.003842                      
58        1.718825589582e-01            5.316014980153e-02            0.004463            0.004714                      
59        1.427706940018e-01            3.705549356017e-02            0.003343            0.003660                      
60        1.996379847754e-01            4.996671530984e-02            0.004949            0.005933                      
61        1.853524848512e-01            3.736885410084e-02            0.004791            0.004861                      
62        1.413157652789e-01            4.473660380603e-02            0.003539            0.003781                      
63        1.152021410973e-01            3.482450763573e-02            0.002758            0.002736                      
64        8.657277429162e-02            2.681705042574e-02            0.002163            0.002311                      
65        1.031720783323e-01            2.443921333182e-02            0.002624            0.002704                      
66        1.084790362561e-01            2.186562395003e-02            0.002827            0.003089                      
67        1.133051528913e-01            2.923220452922e-02            0.002966            0.002746                      
68        1.328730067270e-01            3.315855254750e-02            0.003300            0.003443                      
69        1.014557262441e-01            2.425474807644e-02            0.002521            0.002661                      
70        1.097741258218e-01            3.464267806676e-02            0.002620            0.002926                      
71        7.088260063719e-02            1.819441777825e-02            0.001811            0.001967                      
72        1.078474098252e-01            2.821912189176e-02            0.002752            0.002923                      
73        1.073244677428e-01            2.256497291167e-02            0.002687            0.002677                      
74        1.351360480673e-01            4.529465627517e-02            0.003411            0.004015                      
75        9.264971908425e-02            2.297405844344e-02            0.002224            0.002274                      
76        1.032232144051e-01            2.675281007762e-02            0.002564            0.002545                      
77        7.017983364106e-02            1.605955312208e-02            0.001702            0.001790                      
78        1.030831539041e-01            2.408150964071e-02            0.002366            0.002286                      
79        1.197529026062e-01            4.693405979071e-02            0.003123            0.003657                      
80        7.906375847168e-02            1.567982215092e-02            0.001863            0.001824                      
81        7.125125190218e-02            2.302982434557e-02            0.001777            0.001819                      
82        7.028207080830e-02            9.877202460564e-03            0.001877            0.002040                      
83        8.427164276394e-02            2.848989698235e-02            0.001988            0.001929                      
84        1.090605334138e-01            3.631490550184e-02            0.002711            0.002551                      
85        7.402751113906e-02            2.040011183571e-02            0.001675            0.001710                      
86        7.276767788868e-02            2.392350812988e-02            0.001806            0.001973                      
87        7.489197629530e-02            2.008649001700e-02            0.001908            0.001964                      
88        7.179172579278e-02            1.793994499716e-02            0.001758            0.002034                      
89        6.251567374528e-02            1.920214242007e-02            0.001605            0.001932                      
90        7.612686953060e-02            2.079588236845e-02            0.001962            0.002080                      
91        6.015283738868e-02            1.544922419858e-02            0.001531            0.001606                      
92        8.375119627658e-02            2.552568526541e-02            0.002128            0.002411                      
93        7.547700360903e-02            2.595710978490e-02            0.001829            0.001930                      
94        4.966334299263e-02            9.990556214121e-03            0.001295            0.001364                      
95        5.865929462970e-02            1.279803730571e-02            0.001536            0.001726                      
96        5.265869491587e-02            1.356780218210e-02            0.001292            0.001263                      
97        4.019226585392e-02            8.218175427963e-03            0.001045            0.001042                      
98        5.104028474783e-02            9.255046315719e-03            0.001210            0.001162                      
99        4.048257835242e-02            1.064421317908e-02            0.000998            0.001219                      
100       4.849810386269e-02            7.555667470443e-03            0.001267            0.001234                      
101       1.419306526597e-01            3.760929000122e-02            0.003013            0.003104                      
102       9.957565068543e-02            3.386414223966e-02            0.002432            0.002450                      
103       1.430540955006e-01            2.479706070652e-02            0.003575            0.003694                      
104       1.476680831619e-01            2.832618155820e-02            0.003820            0.003887                      
105       1.438698604094e-01            3.538693071599e-02            0.003620            0.003864                      
106       1.853664624712e-01            4.562959028582e-02            0.004098            0.004803                      
107       9.792966402940e-02            2.737157448513e-02            0.002315            0.002555                      
108       1.444945781157e-01            3.756916870166e-02            0.003505            0.003829                      
109       1.922338317915e-01            5.422562492922e-02            0.004621            0.004563                      
110       1.362958628880e-01            2.881286755930e-02            0.003077            0.003185                      
111       1.722485892362e-01            5.374662737209e-02            0.004098            0.004068                      
112       1.287620824462e-01            2.698210608167e-02            0.003321            0.002901                      
113       1.504854384414e-01            3.719779633809e-02            0.003824            0.003999                      
114       1.146164413534e-01            1.545058564735e-02            0.002666            0.002513                      
115       1.044153396361e-01            2.315719381005e-02            0.002466            0.002568                      
116       1.573655364962e-01            5.937970003613e-02            0.003843            0.004111                      
117       1.267851347741e-01            3.442068826720e-02            0.003264            0.003513                      
118       1.767752060131e-01            2.053466261004e-02            0.004122            0.004116                      
119       1.370667891631e-01            2.522645492512e-02            0.003235            0.003404                      
120       1.016065081581e-01            1.840217867212e-02            0.002561            0.002643                      
121       1.128039395825e-01            2.185587802510e-02            0.002594            0.002669                      
122       9.271072930389e-02            1.226079037158e-02            0.002353            0.002427                      
123       1.719791498192e-01            4.742256559922e-02            0.004376            0.004612                      
124       1.147743427995e-01            3.014491074099e-02            0.002607            0.002745                      
125       9.629157893090e-02            2.629215611966e-02            0.002327            0.002313                      
126       1.086912419504e-01            2.206535734734e-02            0.002681            0.002904                      
127       9.460852776940e-02            2.277313827830e-02            0.002280            0.002396                      
128       8.090482360631e-02            1.194442658127e-02            0.001851            0.001875                      
129       9.956855691745e-02            2.398104461323e-02            0.002541            0.002452                      
130       8.290271451425e-02            1.954128079133e-02            0.002092            0.002252                      
131       1.019017034835e-01            2.151677712349e-02            0.002452            0.002729                      
132       1.113664796687e-01            3.016822423208e-02            0.002974            0.003404                      
133       9.729686733957e-02            1.734663145081e-02            0.002365            0.002456                      
134       1.208293073419e-01            3.345420567610e-02            0.003166            0.003094                      
135       9.122234622771e-02            1.865656647826e-02            0.002151            0.002310                      
136       1.052359464537e-01            2.768504939799e-02            0.002778            0.002708                      
137       1.173473926857e-01            2.253402907126e-02            0.002610            0.002768                      
138       8.163777345225e-02            1.696641458628e-02            0.002054            0.002055                      
139       1.047146361299e-01            3.040886690958e-02            0.002822            0.003074                      
140       1.003271960620e-01            2.122577692773e-02            0.002477            0.002671                      
141       1.285590678277e-01            1.886728850799e-02            0.002958            0.003146                      
142       8.060527218705e-02            1.965946628855e-02            0.002044            0.002345                      
143       8.032375749452e-02            1.558217329643e-02            0.001852            0.001913                      
144       9.560271960872e-02            2.734735333255e-02            0.002372            0.002478                      
145       7.481236397980e-02            1.414693816735e-02            0.001637            0.001604                      
146       9.088018847460e-02            2.049576242339e-02            0.002098            0.002319                      
147       7.906456591555e-02            1.880967138866e-02            0.001893            0.001966                      
148       8.712649739401e-02            2.344400823985e-02            0.001976            0.002207                      
149       9.725720991778e-02            1.424049243232e-02            0.002333            0.002393                      
150       8.906695462259e-02            2.829450428565e-02            0.002205            0.002189                      
151       5.721941814826e-02            7.998348311108e-03            0.001398            0.001492                      
152       7.206939187125e-02            1.096929367820e-02            0.001894            0.001969                      
153       6.526435249691e-02            1.233731631398e-02            0.001617            0.001697                      
154       7.219467855285e-02            1.620447221220e-02            0.001723            0.001803                      
155       6.699401909273e-02            1.313125526391e-02            0.001662            0.001850                      
156       9.116535127407e-02            1.734286374489e-02            0.002247            0.002231                      
157       7.253491964638e-02            1.995683282403e-02            0.001730            0.001758                      
158       8.670500551294e-02            2.707063549082e-02            0.002119            0.002223                      
159       5.900812882323e-02            1.593787173984e-02            0.001440            0.001551                      
160       8.780877283150e-02            1.758784518935e-02            0.002061            0.002295                      
161       6.174901948462e-02            1.536025898677e-02            0.001512            0.001631                      
162       6.433846732992e-02            1.295343607309e-02            0.001594            0.001641                      
163       5.959752148617e-02            1.319057830450e-02            0.001509            0.001998                      
164       8.064575308991e-02            1.460358296377e-02            0.001969            0.001920                      
165       7.821441147952e-02            1.758102523101e-02            0.001906            0.001937                      
166       7.094819350785e-02            1.446404462186e-02            0.001696            0.001659                      
167       7.533869477814e-02            1.499209261238e-02            0.001715            0.001832                      
168       4.901255614395e-02            1.117804420922e-02            0.001268            0.001299                      
169       5.699646654318e-02            1.576805612836e-02            0.001400            0.001491                      
170       5.962749303101e-02            1.254144129452e-02            0.001469            0.001389                      
171       5.269836087755e-02            1.068250455018e-02            0.001387            0.001468                      
172       6.229719755413e-02            1.471398534701e-02            0.001483            0.001715                      
173       8.449823641504e-02            1.738288462303e-02            0.002094            0.002093                      
174       4.895529690635e-02            1.238783665957e-02            0.001188            0.001165                      
175       5.531567181858e-02            1.592899068601e-02            0.001315            0.001359                      
176       7.482024003048e-02            1.566316497776e-02            0.001900            0.001893                      
177       5.124711646173e-02            9.589772821310e-03            0.001237            0.001340                      
178       7.051614386633e-02            1.419047287166e-02            0.001807            0.002119                      
179       5.988389785171e-02            1.713354167927e-02            0.001332            0.001519                      
180       5.756607232814e-02            1.322124497105e-02            0.001306            0.001304                      
181       4.835503065775e-02            1.192593038826e-02            0.001213            0.001267                      
182       6.955462395754e-02            1.609998206444e-02            0.001734            0.001686                      
183       3.921225067252e-02            8.978368974192e-03            0.000957            0.001063                      
184       6.092441096364e-02            2.023698172968e-02            0.001445            0.001611                      
185       4.521393159670e-02            1.134730766277e-02            0.001070            0.001040                      
186       3.815707261726e-02            9.157571502563e-03            0.000862            0.000943                      
187       4.771179380243e-02            1.796115891708e-02            0.001117            0.001227                      
188       3.805548303624e-02            8.846346725344e-03            0.000845            0.000916                      
189       3.628854077231e-02            1.114043631161e-02            0.000873            0.001056                      
190       4.167333631881e-02            9.684538503857e-03            0.001019            0.001081                      
191       6.079893109816e-02            1.617307372218e-02            0.001532            0.001772                      
192       4.506332261459e-02            8.727989563969e-03            0.001121            0.001127                      
193       4.450772148675e-02            9.224178214088e-03            0.001022            0.001093                      
194       5.154673551139e-02            1.569594259764e-02            0.001254            0.001279                      
195       4.613577303161e-02            1.086349390663e-02            0.001155            0.001220                      
196       5.096065714841e-02            1.180977902143e-02            0.001341            0.001455                      
197       4.170886096308e-02            9.299812223530e-03            0.001024            0.001086                      
198       4.297817400713e-02            9.231111082072e-03            0.001066            0.001074                      
199       3.330453626696e-02            7.101089921919e-03            0.000783            0.000773                      
200       3.400393517387e-02            9.678855923326e-03            0.000807            0.000803                      
201       3.152761603627e-02            8.131657153983e-03            0.000792            0.000821                      
202       3.536013848381e-02            8.738906293314e-03            0.000824            0.000859                      
