@    title "Magnitude of Electric Field"
@    xaxis  label "Residues"
@    yaxis  label "MV/cm"
#time  EField_Magnitude
@type xydy
21        8.017182704639e-01            1.120165333927e-01            
22        1.529693120403e-01            5.797257815319e-02            
23        3.828293091592e+00            3.224095301496e-01            
24        2.767385741608e-01            2.015430557429e-02            
25        2.727839897442e-01            2.370308605018e-02            
26        1.627829224823e-01            1.681793356136e-02            
27        5.437980860135e-02            2.394731490853e-02            
28        2.128720301981e-01            2.226064072231e-02            
29        1.397850360451e-01            1.275770252413e-02            
30        1.053773315196e-01            1.979160973387e-02            
31        2.763521911445e-01            2.533880994268e-02            
32        8.322393705643e-02            1.031390072100e-02            
33        4.665903126037e-02            9.592141753862e-03            
34        1.980196277281e-01            3.980616084565e-02            
35        9.963833947194e-02            1.187591572130e-02            
36        2.123056697735e-02            6.511637407231e-03            
37        1.493535604495e-01            5.009728163914e-02            
38        1.961647261610e-01            6.720775638849e-03            
39        6.130633139609e-02            8.137654838702e-03            
40        5.396871682834e-02            4.462443832331e-03            
41        1.386488032901e-01            5.697228789689e-03            
42        3.386195249730e-02            9.207962221144e-03            
43        1.317231009020e-01            5.687565320950e-03            
44        1.259429495277e-01            4.876667785995e-03            
45        9.311522396581e-02            4.341696238239e-03            
46        3.526020098324e+00            1.504039533511e-02            
47        1.710292418289e-02            4.245143041527e-03            
48        1.003650459758e-01            5.308850392473e-03            
49        2.907706320853e+00            1.227676355658e-02            
50        1.639547839779e-01            3.337642754782e-03            
51        1.726181449051e-01            3.191759917296e-03            
52        3.694486442260e+00            1.449590476178e-02            
53        2.159806960965e-01            4.280170400713e-03            
54        2.640851019938e-01            5.044967473486e-03            
55        3.732648605041e-01            1.084929783946e-02            
56        3.195494475851e-01            7.990921532588e-03            
57        3.152024908036e-01            1.200411223137e-02            
58        4.678075073621e-01            9.070522429104e-03            
59        4.530714859732e-01            1.713804909513e-02            
60        4.217214714933e-01            2.173764714147e-02            
61        7.267480293499e-01            1.867197147433e-02            
62        3.700645778715e-01            4.591280935515e-02            
63        5.322954521854e-01            6.158259631121e-02            
64        3.000410718441e-02            1.512642815857e-02            
65        1.624653123500e-02            6.953575199376e-03            
66        2.266390582820e-02            1.306151693480e-02            
67        1.260435214525e-01            7.151313322197e-03            
68        4.870463693373e+00            2.697552777363e-02            
69        1.343245556027e-01            4.823048510909e-03            
70        2.316789561991e-01            1.563244875478e-02            
71        1.450024850047e-02            5.586904602778e-03            
72        7.471553381799e-02            1.805120562437e-02            
73        1.304125261443e-01            6.327822716887e-03            
74        3.172438309283e+00            1.822200597432e-02            
75        1.494232182207e-01            4.509003857459e-03            
76        1.572285456547e-01            3.937887117080e-03            
77        3.527808306753e+00            2.016040423241e-02            
78        2.232031312184e-01            6.540555384030e-03            
79        2.311535377597e-01            7.325902720678e-03            
80        3.067538601777e-01            1.026729176547e-02            
81        3.924678167368e-01            8.297818411179e-03            
82        3.688619765509e-01            1.549685766472e-02            
83        4.675916512842e-01            2.070376939390e-02            
84        5.042741244570e-01            1.895085481994e-02            
85        5.954944318884e-01            2.826098201396e-02            
86        4.523615225493e-01            4.531140674064e-02            
87        3.407563045468e-01            3.167817587624e-02            
88        5.389553678978e-01            7.100603188619e-02            
89        1.026862412356e+00            7.649914886471e-02            
90        6.505360777792e-01            5.561149666017e-02            
91        1.243901160762e-01            4.259652980026e-02            
92        4.637185776383e-01            1.288684249133e-01            
93        5.174785121550e-01            9.701094224833e-02            
94        1.652197680888e-01            4.648313387435e-02            
95        7.509517805653e-01            6.863577135605e-02            
96        1.749019065111e+00            9.675502623413e-01            
97        1.064139953020e+01            9.340516111329e-01            
98        7.805848536706e-01            3.555778324819e-02            
99        1.559049516292e+00            5.453360419657e-02            
100       1.457179054725e+00            7.127885171063e-02            
101       8.379138035475e-01            1.396112744387e-01            
102       6.393818660674e-01            1.672870736289e-02            
103       2.723525595100e-01            9.542087805299e-02            
104       4.858842426213e-01            3.210554867147e-02            
105       1.357416785240e-01            1.857694934927e-02            
106       4.494544448071e-01            4.502236598506e-02            
107       3.400323849810e-01            1.408420514939e-02            
108       8.106850784128e-02            1.573556758500e-02            
109       7.927282535739e-02            4.405356269821e-02            
110       3.157593391186e-01            3.873164583208e-02            
111       7.995695667076e-02            1.380364074584e-02            
112       1.452100942239e-01            7.314374384413e-03            
113       3.833196492188e-01            3.658580911438e-02            
