@    title "Magnitude of Electric Field"
@    xaxis  label "Residues"
@    yaxis  label "MV/cm"
#time  EField_Magnitude
@type xydy
21        1.072199927147e-01            2.324554856116e-02            
22        1.963703490755e+00            1.691796277083e-02            
23        3.043116198772e+00            2.158331009556e-02            
24        7.826752843968e-02            3.591099770455e-03            
25        5.541857127244e-02            6.959764976351e-03            
26        6.959339847521e-02            3.991122862822e-03            
27        8.814805385911e-02            5.078271648642e-03            
28        1.296952500961e-01            6.843150825036e-03            
29        1.137194803782e-01            5.434415089364e-03            
30        8.100490321301e-02            6.595872962477e-03            
31        2.196006248713e-01            8.844038357130e-03            
32        1.541553128155e-01            7.433233077189e-03            
33        8.564710845911e-02            6.571092462151e-03            
34        3.323598378118e-02            1.391552382096e-02            
35        9.834292569771e-02            1.083578855257e-02            
36        1.153966110315e-01            8.979600061075e-03            
37        6.354674168051e-02            2.454619413440e-02            
38        6.717042979339e-02            1.567185676442e-02            
39        1.353886784575e-01            2.145078315935e-02            
40        1.968402664103e-02            8.277093061578e-03            
41        2.290399249554e-01            1.672686392926e-02            
42        2.799040270767e-01            4.368354916805e-02            
43        3.350048236264e-01            1.958084276123e-02            
44        3.311014407866e-01            1.489520132016e-02            
45        3.047781345064e-01            1.919936890133e-02            
46        7.779916251532e+00            1.099452656311e-01            
47        1.114639605667e-01            2.416511602724e-02            
48        5.792768362917e-01            2.753817232576e-02            
49        3.810833059089e+00            6.658424212894e-02            
50        4.225515230995e-01            1.542840681423e-02            
51        4.432703725852e-01            1.771061716131e-02            
52        7.949348198106e+00            1.089677944228e-01            
53        5.572220803686e-01            2.302061469123e-02            
54        3.837010419421e-01            2.048286741400e-02            
55        3.522897162350e-01            6.078487718880e-02            
56        1.986032126863e-01            4.424462485831e-02            
57        2.454975865196e-01            4.211448864239e-02            
58        8.435559003310e-02            2.246673183710e-02            
59        1.401652709002e-01            5.038224397371e-02            
60        6.692944087768e-01            5.887567580189e-02            
61        2.689479361923e-02            1.289061619998e-02            
62        2.357966635525e-01            3.452668929763e-02            
63        2.476210207502e-01            5.618614922009e-02            
64        9.443453021658e-01            4.707896890329e-02            
65        1.623828781124e+00            7.826477809256e-02            
66        3.741182054782e+00            1.763725409057e-01            
67        6.008303435534e+00            5.470014325835e-01            
68        2.792874818682e+01            4.171897509578e-01            
69        2.375690159185e+00            1.646598495534e-01            
70        1.381388744365e+00            4.650050060505e-01            
71        1.338132771513e+00            8.317064886605e-02            
72        1.398069207554e+00            5.594859506194e-01            
73        5.701278848490e-01            3.691299750683e-02            
74        4.579112502454e+00            8.478374075632e-02            
75        2.923834272754e-01            1.496162765280e-02            
76        1.103366949182e-01            2.826161603113e-02            
77        9.629860671355e+00            2.036887706742e-01            
78        2.443617826430e-01            1.630692342974e-02            
79        2.552222158108e-02            1.144326564585e-02            
80        9.218508521892e-02            3.741590409940e-02            
81        1.038085953521e-01            1.688533132029e-02            
82        5.142633581635e-02            1.464972569916e-02            
83        4.099302983497e-02            1.563280769778e-02            
84        2.970007950459e-01            1.820496992076e-02            
85        1.994227458932e-02            9.728017365410e-03            
86        9.091223733856e-02            1.078523476873e-02            
87        1.963433866972e-01            1.513568182656e-02            
88        1.443116986556e-01            1.468925645908e-02            
89        2.154389983378e-02            1.000112814861e-02            
90        6.107010058878e-02            9.606448809432e-03            
91        2.065167934701e-01            1.095105410581e-02            
92        1.529073455685e-01            9.412747835094e-03            
93        4.792261127048e-02            6.570652187482e-03            
94        1.494863885976e-01            6.393409481500e-03            
95        2.047652579993e-01            8.297198033467e-03            
96        2.421395584471e-01            1.322862453436e-02            
97        3.400570429155e+00            3.433757795994e-02            
98        1.637737961650e-01            5.534002691548e-03            
99        1.417219717296e-01            4.840597776220e-03            
100       8.040854526947e-02            3.358776595144e-03            
101       1.481117623256e-02            6.326629725244e-03            
102       1.107867952913e-01            3.118390251232e-03            
103       7.725499767094e-02            2.039573555602e-02            
104       5.933022256577e-02            3.950134940282e-03            
105       4.455657974116e-02            2.763462545717e-03            
106       1.120947065283e-01            1.355630427830e-02            
107       9.022254191371e-02            3.299010610174e-03            
108       4.696315640234e-02            2.735467932854e-03            
109       4.851556401354e-02            6.443555328740e-03            
110       1.362325040425e-01            1.896963997462e-02            
111       4.626899680176e-02            3.176737662470e-03            
112       5.291110860926e-03            2.277322163586e-03            
113       1.546462785321e+00            6.002290451079e-03            
