@    title "Magnitude of Electric Field"
@    xaxis  label "Residues"
@    yaxis  label "MV/cm"
#time     EField_per_residue            Std.Deviation         EField_residue_alignement   Std.Deviation
@type xydy
21        1.836545491620e+00            5.614856080588e-01            0.090635            0.077862                      
22        4.861286140938e-01            1.428850376388e-01            0.030348            0.017458                      
23        5.256046408787e+00            6.558337933249e-01            0.442075            0.181831                      
24        2.387732682536e-01            2.708456775270e-02            0.021291            0.007691                      
25        2.286241861696e-01            6.107383095404e-02            0.012425            0.007787                      
26        8.059194139339e-02            1.836570353716e-02            0.007058            0.002990                      
27        1.405915569606e-01            2.821859325544e-02            0.012097            0.005742                      
28        1.537206896821e-01            1.962614829973e-02            0.013896            0.004971                      
29        9.130065003043e-02            1.237288903291e-02            0.008172            0.002926                      
30        1.346344587111e-01            2.060792692538e-02            0.012094            0.004780                      
31        1.922031692517e-01            2.808471518047e-02            0.016947            0.006788                      
32        4.924607933578e-02            1.160296645353e-02            0.004370            0.001874                      
33        6.323878768232e-02            1.020996039880e-02            0.005680            0.002152                      
34        1.483144007545e-01            2.698639618357e-02            0.013370            0.005334                      
35        1.060725305225e-01            1.078362985836e-02            0.009652            0.003435                      
36        3.331896699511e-02            7.012584090783e-03            0.002919            0.001240                      
37        1.643694867799e-01            2.581902587730e-02            0.014994            0.005801                      
38        1.828502394953e-01            6.815469009719e-03            0.016656            0.005552                      
39        6.343869946959e-02            8.294612207352e-03            0.005707            0.001974                      
40        5.507170273065e-02            4.746334693871e-03            0.005006            0.001793                      
41        1.274885561038e-01            5.619421053331e-03            0.011653            0.003952                      
42        3.061641199104e-02            9.566211101420e-03            0.002677            0.001351                      
43        1.197431184095e-01            5.924453000417e-03            0.010881            0.003780                      
44        1.149071002892e-01            5.839355350447e-03            0.010360            0.003483                      
45        8.767048985449e-02            4.792702398823e-03            0.007974            0.002688                      
46        3.316111319094e+00            2.465196770199e-02            0.303151            0.102024                      
47        2.045407412779e-02            5.120542164297e-03            0.001815            0.000814                      
48        8.908080214702e-02            5.247939531416e-03            0.008145            0.002801                      
49        2.741184200776e+00            1.312965787716e-02            0.250524            0.084319                      
50        1.498424673969e-01            2.847079846207e-03            0.013691            0.004634                      
51        1.575156824169e-01            2.928666228666e-03            0.014421            0.004852                      
52        3.447000514956e+00            1.705831696933e-02            0.315000            0.105925                      
53        1.920538303590e-01            4.054017474528e-03            0.017579            0.005894                      
54        2.347552157313e-01            4.382874429020e-03            0.021479            0.007200                      
55        3.308635760108e-01            9.950166540551e-03            0.030271            0.010183                      
56        2.794391310587e-01            7.805966843985e-03            0.025583            0.008593                      
57        2.731264742238e-01            1.133262440060e-02            0.025015            0.008523                      
58        3.982476848681e-01            8.009649594005e-03            0.036420            0.012224                      
59        3.928155197272e-01            1.441208329761e-02            0.035963            0.012101                      
60        3.396485763273e-01            1.973568927048e-02            0.031039            0.010652                      
61        5.928293861883e-01            1.640318658213e-02            0.054457            0.017986                      
62        2.974277620414e-01            4.717741094255e-02            0.027186            0.009736                      
63        4.232336661187e-01            5.046161470244e-02            0.038732            0.013947                      
64        2.195130184427e-02            1.148838233799e-02            0.001625            0.001436                      
65        2.313505798889e-02            1.092038610687e-02            0.001972            0.001485                      
66        1.875712698541e-02            1.014626494288e-02            0.001438            0.001219                      
67        9.793074522647e-02            7.154284377051e-03            0.008921            0.003064                      
68        4.470268051345e+00            3.250766988491e-02            0.408773            0.137315                      
69        1.191411926060e-01            4.731457587520e-03            0.010906            0.003722                      
70        2.087241079107e-01            1.484832930723e-02            0.019129            0.006719                      
71        1.993153190843e-02            6.494831355340e-03            0.001685            0.000893                      
72        1.123769061881e-01            2.111280743217e-02            0.010132            0.004117                      
73        1.205195669403e-01            9.188827712081e-03            0.010918            0.003551                      
74        2.979195865644e+00            2.502294117598e-02            0.272410            0.091874                      
75        1.344030464354e-01            4.695336663896e-03            0.012280            0.004132                      
76        1.393432762786e-01            3.542268921471e-03            0.012708            0.004294                      
77        3.303788322799e+00            2.418713324924e-02            0.301937            0.101550                      
78        1.969054054197e-01            6.922179280568e-03            0.017980            0.006070                      
79        2.056725894390e-01            7.140217414273e-03            0.018784            0.006347                      
80        2.680151115223e-01            9.396095753247e-03            0.024514            0.008292                      
81        3.411968132800e-01            7.780727065054e-03            0.031176            0.010473                      
82        3.324259245902e-01            1.409800983427e-02            0.030359            0.010355                      
83        4.035792116902e-01            2.056108422978e-02            0.036932            0.012587                      
84        4.215570164653e-01            1.976244280532e-02            0.038595            0.013196                      
85        5.223299770851e-01            2.874639942871e-02            0.047940            0.016734                      
86        4.557617769509e-01            5.609341230772e-02            0.041897            0.016832                      
87        3.333562213931e-01            3.145780558852e-02            0.030622            0.011586                      
88        5.106080604768e-01            6.001033525675e-02            0.046359            0.017131                      
89        7.944044453548e-01            8.429224626033e-02            0.071246            0.027732                      
90        6.559179690810e-01            5.514335798858e-02            0.059568            0.021117                      
91        2.053836973960e-01            4.221013103076e-02            0.018439            0.008012                      
92        4.497027459394e-01            1.364910868559e-01            0.040688            0.019239                      
93        4.966907868422e-01            9.209552267489e-02            0.044981            0.018016                      
94        2.313639836624e-01            4.645715804718e-02            0.019778            0.008857                      
95        5.245492564364e-01            6.838601915221e-02            0.048144            0.017419                      
96        2.855861265014e+00            1.100957230220e+00            0.153894            0.099926                      
97        1.207919455499e+01            9.851472505898e-01            0.997175            0.443613                      
98        6.182485759986e-01            3.810041381741e-02            0.056863            0.019578                      
99        1.456252203610e+00            6.681065999496e-02            0.133101            0.046117                      
100       1.461167300189e+00            9.264618786007e-02            0.130867            0.046483                      
101       6.825852060207e-01            2.189263968429e-01            0.032845            0.024844                      
102       6.036446326900e-01            1.859947686902e-02            0.055163            0.018190                      
103       3.887640143472e-01            1.928625466729e-01            0.022578            0.022767                      
104       6.153764975036e-01            3.520192486325e-02            0.055384            0.020133                      
105       2.202163179347e-01            2.243327100003e-02            0.019226            0.007869                      
106       4.906900503155e-01            3.827402307690e-02            0.044969            0.017388                      
107       3.729149577054e-01            1.391166025100e-02            0.033308            0.011585                      
108       1.725755512255e-01            2.075955579782e-02            0.014870            0.005984                      
109       1.620633220104e-01            3.667976615270e-02            0.010141            0.005161                      
110       1.866031176929e-01            5.458525643163e-02            0.005996            0.006380                      
111       1.293660917115e-01            2.016084941469e-02            0.010612            0.004265                      
112       2.835509625509e-01            9.583229967175e-02            0.013655            0.008940                      
1         8.321657366051e-02            2.591854073664e-02            0.005876            0.003122                      
2         9.246991826824e-02            1.966814546653e-02            0.007639            0.004695                      
3         6.212096099715e-02            1.302631481364e-02            0.003616            0.002471                      
4         9.208117780227e-02            2.524691039847e-02            0.006247            0.003631                      
5         7.125743267194e-02            1.677382607707e-02            0.005707            0.003731                      
6         8.238904720113e-02            1.758213797428e-02            0.004959            0.003047                      
7         7.146116845933e-02            7.640392357550e-03            0.004386            0.002475                      
8         7.297476051490e-02            1.973822512759e-02            0.005791            0.003404                      
9         7.677614596189e-02            1.763293043053e-02            0.004998            0.002650                      
10        7.370467045918e-02            1.196064091128e-02            0.004673            0.003395                      
11        1.054400847050e-01            1.809341919941e-02            0.006833            0.004319                      
12        9.076719725015e-02            2.314010100875e-02            0.003484            0.003607                      
13        8.957816869103e-02            2.810865496247e-02            0.006462            0.004271                      
14        7.696640038067e-02            2.342063094667e-02            0.005768            0.004654                      
15        8.028947186037e-02            1.878431688247e-02            0.004077            0.002669                      
16        8.985946748961e-02            3.191023299393e-02            0.005207            0.002957                      
17        9.538554100518e-02            1.766143334703e-02            0.007748            0.003446                      
18        5.910203906966e-02            1.485885328181e-02            0.004666            0.002486                      
19        6.213714992909e-02            9.525343220116e-03            0.004909            0.002006                      
20        7.046810569625e-02            1.632253744524e-02            0.005311            0.003654                      
21        6.492809347771e-02            1.612485980648e-02            0.004949            0.003291                      
22        7.084345214894e-02            1.480898670159e-02            0.005163            0.003186                      
23        6.803521286385e-02            1.633594920350e-02            0.004090            0.002878                      
24        6.877943865108e-02            1.267465617364e-02            0.003190            0.002647                      
25        5.638212968206e-02            1.239902543715e-02            0.003479            0.003004                      
26        6.209243614303e-02            1.354549782316e-02            0.003294            0.002454                      
27        7.520960813273e-02            1.239880900270e-02            0.004376            0.003114                      
28        6.695825261100e-02            1.395112042836e-02            0.003830            0.002819                      
29        5.305137041621e-02            1.288976075955e-02            0.002608            0.002200                      
30        6.556129781408e-02            1.488380392309e-02            0.003810            0.002771                      
31        5.863297894802e-02            1.847620150124e-02            0.003034            0.002553                      
32        5.334775060252e-02            9.096836414637e-03            0.002996            0.002167                      
33        5.129739431039e-02            1.097768922942e-02            0.003781            0.002594                      
34        6.055008595503e-02            1.351709528200e-02            0.003519            0.002064                      
35        5.936343088622e-02            1.543751920046e-02            0.003688            0.003291                      
36        6.337066527925e-02            1.487960449319e-02            0.003666            0.002315                      
37        4.915830713829e-02            6.940080224976e-03            0.002376            0.001860                      
38        5.451928694155e-02            9.065104290081e-03            0.002434            0.002051                      
39        5.110205814786e-02            1.032672526493e-02            0.003345            0.002277                      
40        5.321685643598e-02            1.458082059262e-02            0.003127            0.001722                      
41        6.134879604713e-02            1.424003914776e-02            0.004340            0.003451                      
42        6.635700532173e-02            1.708625862121e-02            0.002355            0.001943                      
43        4.506253915967e-02            1.210388105240e-02            0.002844            0.001933                      
44        5.618624403502e-02            1.456176426119e-02            0.002525            0.002027                      
45        3.553232550743e-02            9.512703427857e-03            0.002767            0.001818                      
46        4.524638873962e-02            8.311976588631e-03            0.002473            0.001441                      
47        4.070430500793e-02            1.021736262652e-02            0.002560            0.001895                      
48        5.299492735454e-02            1.616514073492e-02            0.003685            0.002188                      
49        4.113613374773e-02            1.053183664186e-02            0.001983            0.001515                      
50        4.458399475079e-02            8.851153045773e-03            0.002604            0.001673                      
51        3.439358945715e-02            7.825932299542e-03            0.002417            0.001503                      
52        3.403875562056e-02            9.455816592681e-03            0.001974            0.001159                      
53        5.239304744144e-02            1.172580370096e-02            0.003164            0.002249                      
54        4.418528600940e-02            1.064881480517e-02            0.002344            0.002054                      
55        4.404027984416e-02            8.551176187474e-03            0.002059            0.001678                      
56        5.347666146120e-02            1.351062487918e-02            0.003241            0.002220                      
57        4.886877967025e-02            1.400544762615e-02            0.003014            0.002247                      
58        5.187354318577e-02            1.398483945064e-02            0.003708            0.001982                      
59        4.737290016822e-02            9.643278699821e-03            0.002798            0.001713                      
60        6.625762257594e-02            1.435176339400e-02            0.003773            0.002244                      
61        5.512222589504e-02            1.039184562666e-02            0.003063            0.001963                      
62        4.948667651870e-02            9.361881403970e-03            0.002790            0.002027                      
63        3.761837938717e-02            7.782679289509e-03            0.002655            0.001655                      
64        3.269191989508e-02            6.505489549704e-03            0.001678            0.001511                      
65        4.342405309410e-02            1.031504685466e-02            0.002646            0.001825                      
66        4.710981094781e-02            8.932645805192e-03            0.001644            0.001548                      
67        4.119246393572e-02            1.046462993101e-02            0.003090            0.001807                      
68        4.839976191009e-02            1.161193083384e-02            0.004054            0.002266                      
69        3.987734251926e-02            8.832717410847e-03            0.002259            0.001648                      
70        4.355853030811e-02            1.313580729463e-02            0.002659            0.001690                      
71        2.885672775140e-02            6.488155454928e-03            0.001525            0.001092                      
72        4.308345615030e-02            1.008688000252e-02            0.002200            0.001732                      
73        4.579107229391e-02            8.672025227739e-03            0.003940            0.001568                      
74        4.173503493171e-02            1.127216376897e-02            0.002645            0.001829                      
75        3.678775153159e-02            1.008252512571e-02            0.001760            0.001364                      
76        4.001109819003e-02            8.759070131020e-03            0.001804            0.001646                      
77        2.973484774841e-02            6.003905206236e-03            0.001315            0.000980                      
78        3.822170290288e-02            8.807671121621e-03            0.002586            0.002198                      
79        4.470179909441e-02            1.421177697861e-02            0.003293            0.001730                      
80        3.703134640433e-02            7.907181437231e-03            0.002338            0.001353                      
81        3.067016317874e-02            7.542929889352e-03            0.001896            0.001409                      
82        3.370921756721e-02            6.264128253843e-03            0.001248            0.000987                      
83        3.665954611035e-02            1.079235409771e-02            0.001928            0.001695                      
84        4.434734329374e-02            1.238024158471e-02            0.003556            0.001973                      
85        3.194749281824e-02            8.438258736506e-03            0.002501            0.001675                      
86        2.959885130797e-02            7.423135892697e-03            0.001622            0.001254                      
87        3.939987334782e-02            1.042691811728e-02            0.001513            0.001361                      
88        3.699874310648e-02            6.649930909868e-03            0.002917            0.001410                      
89        2.966933860403e-02            7.525379315493e-03            0.001584            0.001099                      
90        3.094355212612e-02            8.006131307875e-03            0.001759            0.001142                      
91        2.862056730296e-02            6.888802336429e-03            0.001490            0.001019                      
92        3.481580823587e-02            7.700949467955e-03            0.002467            0.001773                      
93        3.022755070835e-02            8.106487548468e-03            0.002061            0.001620                      
94        2.547757185370e-02            5.005103423819e-03            0.001437            0.001089                      
95        3.098850037320e-02            6.672522098494e-03            0.002653            0.001183                      
96        2.609423118815e-02            6.150981572259e-03            0.001417            0.000935                      
97        2.130349475276e-02            3.356307812982e-03            0.001124            0.000884                      
98        2.618498508249e-02            4.757155907874e-03            0.001111            0.000661                      
99        2.253875665944e-02            5.490044549446e-03            0.001161            0.000853                      
100       2.852844229264e-02            4.995499052924e-03            0.001958            0.000913                      
101       5.447930233549e-01            1.476770885922e-01            0.020143            0.014326                      
102       2.556910583310e-01            5.256557758135e-02            0.010048            0.007588                      
103       3.767839714258e-01            7.817726551535e-02            0.018668            0.012881                      
104       5.902980841959e-01            1.354038051751e-01            0.026054            0.015617                      
105       6.441700688308e-01            3.428417012509e-01            0.028351            0.017204                      
106       6.302691049024e-01            1.010559309868e-01            0.020775            0.014395                      
107       2.765669915875e-01            1.095992268362e-01            0.008839            0.008354                      
108       3.653234911007e-01            6.775535191145e-02            0.019398            0.012681                      
109       7.290553768415e-01            1.637349921773e-01            0.046290            0.023179                      
110       4.815467212023e-01            1.056006861058e-01            0.022609            0.012463                      
111       5.696183653998e-01            1.346162829175e-01            0.023642            0.018010                      
112       2.157313255476e-01            3.532361787363e-02            0.008933            0.007611                      
113       4.104755904217e-01            9.457467196418e-02            0.020693            0.015732                      
114       1.997725085925e-01            3.693997644189e-02            0.012726            0.006063                      
115       2.829939453128e-01            7.182620208501e-02            0.015683            0.008441                      
116       5.000848059182e-01            1.740735292757e-01            0.016806            0.017087                      
117       4.028956257435e-01            9.334335821010e-02            0.015760            0.009732                      
118       4.078031500722e-01            4.431785486017e-02            0.011447            0.009904                      
119       3.061554668594e-01            7.274675108493e-02            0.014232            0.007728                      
120       2.760456854504e-01            6.427740207262e-02            0.011346            0.008148                      
121       2.899476132254e-01            6.025143930133e-02            0.019346            0.008285                      
122       1.777461650982e-01            2.433659380880e-02            0.005814            0.004429                      
123       4.582594077850e-01            9.020452608276e-02            0.029832            0.015322                      
124       3.242257642150e-01            6.883364768098e-02            0.015091            0.010316                      
125       2.093018583714e-01            4.822450257589e-02            0.006807            0.005061                      
126       2.012353902317e-01            4.114302266783e-02            0.010406            0.005887                      
127       2.217355943475e-01            4.981414673711e-02            0.012134            0.008332                      
128       1.851849494279e-01            5.106805763573e-02            0.010190            0.006313                      
129       2.645052234922e-01            5.257306547869e-02            0.008347            0.006364                      
130       2.081217209236e-01            5.592536410776e-02            0.007994            0.005946                      
131       2.037187376928e-01            4.639518102011e-02            0.011245            0.006492                      
132       2.525696112769e-01            8.557810478972e-02            0.011641            0.009856                      
133       3.120389096453e-01            8.473236197920e-02            0.014508            0.008746                      
134       2.320877852392e-01            4.981102963579e-02            0.011861            0.011202                      
135       2.666618364386e-01            7.500696650006e-02            0.007823            0.005580                      
136       2.938683825416e-01            6.392077604461e-02            0.012016            0.010484                      
137       3.314139093170e-01            4.299083524740e-02            0.013950            0.007651                      
138       1.724431476290e-01            3.893595379930e-02            0.005768            0.004325                      
139       2.546910647249e-01            7.681275889096e-02            0.013312            0.008229                      
140       2.064217593255e-01            4.426572856860e-02            0.007790            0.005026                      
141       2.120161845660e-01            3.179861253635e-02            0.015050            0.005899                      
142       1.824761328814e-01            4.051660778477e-02            0.010295            0.005254                      
143       1.360225373754e-01            2.598505400589e-02            0.006335            0.003987                      
144       1.748815014627e-01            3.807377722771e-02            0.008479            0.004511                      
145       1.898198095200e-01            4.297573280175e-02            0.006211            0.004970                      
146       1.955271221233e-01            4.740031351945e-02            0.007101            0.005140                      
147       1.619183673813e-01            3.692167604520e-02            0.005092            0.004121                      
148       1.410357787438e-01            3.257466438862e-02            0.008300            0.004365                      
149       1.654761868175e-01            4.025974098529e-02            0.004887            0.004657                      
150       1.361757863545e-01            3.028983069653e-02            0.005063            0.004693                      
151       9.779519907828e-02            1.474142607958e-02            0.005112            0.003207                      
152       1.348918132264e-01            1.920535756375e-02            0.005264            0.003446                      
153       1.593472495734e-01            4.078612296342e-02            0.010211            0.005048                      
154       1.389866794262e-01            2.801576584113e-02            0.005321            0.003628                      
155       1.296089909562e-01            2.771997163391e-02            0.005539            0.003812                      
156       1.421302747503e-01            2.656767659631e-02            0.003365            0.002984                      
157       1.390120349907e-01            2.798532060668e-02            0.007168            0.005291                      
158       1.678956863038e-01            4.905936192193e-02            0.006199            0.004771                      
159       9.674286067985e-02            2.443211749135e-02            0.003930            0.003091                      
160       1.353870462261e-01            1.636177551381e-02            0.004705            0.003356                      
161       1.399824370399e-01            3.542462095692e-02            0.008312            0.004818                      
162       1.181519184807e-01            2.035789852127e-02            0.005172            0.003195                      
163       1.368635772148e-01            3.733944063249e-02            0.006487            0.004150                      
164       1.667159632494e-01            3.234309943973e-02            0.007155            0.004550                      
165       1.617585427471e-01            3.315929323275e-02            0.007533            0.005330                      
166       1.309231870835e-01            3.155934903907e-02            0.003809            0.003247                      
167       1.514198562217e-01            2.324472742586e-02            0.007614            0.004280                      
168       8.925705835135e-02            2.750270010777e-02            0.003848            0.002679                      
169       1.093716288916e-01            3.209611398782e-02            0.003563            0.003243                      
170       9.127336179154e-02            1.919387519490e-02            0.005066            0.002863                      
171       9.790515117336e-02            2.559791961840e-02            0.003845            0.002697                      
172       1.502572464915e-01            4.224282670043e-02            0.005655            0.004317                      
173       1.668776571188e-01            3.372818676927e-02            0.004403            0.003350                      
174       8.716779050949e-02            2.426170845573e-02            0.002946            0.002433                      
175       8.185151707523e-02            2.210880035686e-02            0.004075            0.002815                      
176       1.148229087988e-01            2.234022181688e-02            0.004155            0.003744                      
177       9.290330771978e-02            2.312440032461e-02            0.003818            0.002995                      
178       1.185241473436e-01            2.452284410785e-02            0.004664            0.003352                      
179       1.230097555326e-01            3.949795897369e-02            0.004774            0.003903                      
180       9.061221468587e-02            2.113650694721e-02            0.005551            0.002706                      
181       7.748677652019e-02            2.209568001930e-02            0.002437            0.001910                      
182       1.402006719771e-01            3.363077981972e-02            0.006499            0.003956                      
183       7.168634164665e-02            2.045724129660e-02            0.004158            0.002362                      
184       1.019825696542e-01            3.402682093715e-02            0.005097            0.003786                      
185       8.548919126944e-02            2.214487033098e-02            0.003905            0.002335                      
186       7.724893651324e-02            2.050107152344e-02            0.005014            0.002175                      
187       8.332086332872e-02            2.268097664766e-02            0.002627            0.002452                      
188       8.044147401084e-02            2.057312796834e-02            0.004916            0.002327                      
189       6.457431575977e-02            1.863125992182e-02            0.002647            0.002240                      
190       7.429719905640e-02            1.783516038358e-02            0.003518            0.002609                      
191       1.065923685621e-01            3.045583315699e-02            0.004922            0.003710                      
192       7.131447742511e-02            2.641211552951e-02            0.002907            0.002664                      
193       7.345452476066e-02            1.689480252634e-02            0.003027            0.001796                      
194       9.441861027928e-02            2.830339581244e-02            0.002784            0.002117                      
195       7.388758661365e-02            1.626228362189e-02            0.002292            0.001813                      
196       6.265255220990e-02            1.337782454011e-02            0.002867            0.002103                      
197       6.861725440260e-02            1.417829322509e-02            0.002694            0.002356                      
198       7.359373256494e-02            1.868270008475e-02            0.003485            0.002515                      
199       4.985196111626e-02            1.182234138006e-02            0.002361            0.001571                      
200       5.797522409812e-02            1.271421855632e-02            0.002164            0.001490                      
201       4.584474679676e-02            9.860707316644e-03            0.001832            0.001329                      
202       6.063428619545e-02            1.731049709009e-02            0.002553            0.001568                      
