@    title "Magnitude of Electric Field"
@    xaxis  label "Residues"
@    yaxis  label "MV/cm"
#time     EField_per_residue            Std.Deviation         EField_residue_alignement   Std.Deviation
@type xydy
21        2.791163367072e-01            1.301723572818e-01            0.001554            0.000859                      
22        2.453393976494e+00            3.004328794651e-02            0.014642            0.000968                      
23        4.246183012883e+00            1.085694513210e-01            0.025374            0.001754                      
24        1.127762841319e-01            8.990270463008e-03            0.000672            0.000071                      
25        7.827099334316e-02            2.083604385444e-02            0.000394            0.000138                      
26        6.897386252434e-02            8.014747235972e-03            0.000410            0.000057                      
27        1.047630807977e-01            1.187498260861e-02            0.000624            0.000085                      
28        1.665408766734e-01            1.273271840411e-02            0.000991            0.000100                      
29        1.152124312735e-01            9.540099893128e-03            0.000686            0.000075                      
30        5.082877612189e-02            1.272844539167e-02            0.000296            0.000081                      
31        3.308619817646e-01            1.920819723708e-02            0.001971            0.000175                      
32        1.398512907750e-01            1.489955150845e-02            0.000829            0.000107                      
33        1.823721867468e-02            7.810588129314e-03            0.000058            0.000042                      
34        1.088568982363e-01            2.917345635676e-02            0.000627            0.000188                      
35        9.643474557452e-02            1.928626244189e-02            0.000545            0.000123                      
36        4.043092318551e-02            1.317656415857e-02            0.000187            0.000078                      
37        3.147127077061e-01            4.070879931353e-02            0.001743            0.000312                      
38        4.878014832574e-01            2.274286137620e-02            0.002900            0.000228                      
39        2.157227004836e-01            2.587685621750e-02            0.001233            0.000174                      
40        2.552951624397e-01            8.993063207591e-03            0.001515            0.000112                      
41        5.015402538927e-01            1.730972557047e-02            0.002986            0.000216                      
42        3.348718006780e-01            6.741728082579e-02            0.001848            0.000457                      
43        4.340472721926e-01            2.202078519681e-02            0.002548            0.000224                      
44        4.738311537186e-01            2.263116282899e-02            0.002808            0.000232                      
45        5.145200494791e-01            1.486479532975e-02            0.003057            0.000216                      
46        2.924018410277e+00            2.342258828593e-01            0.017269            0.001805                      
47        4.248774628842e-01            4.352508474804e-02            0.002499            0.000313                      
48        8.402392525431e-02            3.339980374305e-02            0.000291            0.000183                      
49        2.614967071983e+00            1.151976055448e-01            0.015596            0.001331                      
50        4.177819716879e-01            9.596825048112e-03            0.002481            0.000171                      
51        7.224170386400e-01            1.836654163287e-02            0.004305            0.000306                      
52        1.096828520789e+00            1.323172503282e-01            0.006224            0.000900                      
53        8.881293392678e-01            2.998760651027e-02            0.005285            0.000407                      
54        9.277030903976e-01            2.555543589694e-02            0.005532            0.000392                      
55        3.009852033647e+00            2.352995540944e-01            0.017869            0.001797                      
56        1.622659562510e+00            1.065708966962e-01            0.009576            0.000859                      
57        1.108726504570e+00            7.634179563735e-02            0.006595            0.000637                      
58        9.813123813683e-01            6.202174357592e-02            0.005842            0.000492                      
59        1.790010201398e+00            1.979946105250e-01            0.010629            0.001241                      
60        2.910696373257e+00            2.147747107731e-01            0.017344            0.001612                      
61        3.532769623145e-01            8.220872045305e-02            0.002081            0.000519                      
62        1.112349888202e+00            1.419039814115e-01            0.006614            0.000952                      
63        2.483339444895e+00            2.790433443448e-01            0.014792            0.001858                      
64        8.939858847838e+00            4.514726096250e-01            0.053330            0.003700                      
65        2.607416706916e+01            1.537466188552e+00            0.155571            0.010562                      
66        1.228491557393e+02            8.659159116516e+00            0.735844            0.021848                      
67        1.340022916977e+01            3.474500919290e+00            0.065019            0.024278                      
68        6.230701021223e+00            1.435407881085e+00            0.032133            0.009491                      
69        2.818491869196e+00            3.228807122102e-01            0.015308            0.001974                      
70        7.136736716372e+00            5.304543871954e-01            0.040849            0.004925                      
71        1.186645009902e+00            1.480083615814e-01            0.006870            0.001000                      
72        1.438172793581e+00            5.184845784933e-01            0.006726            0.003002                      
73        6.067652741370e-01            5.955304423800e-02            0.003560            0.000423                      
74        1.258863520431e+00            1.177097353968e-01            0.007340            0.000885                      
75        5.310967043203e-01            1.362224283689e-02            0.003162            0.000222                      
76        8.455484324389e-01            2.130004509367e-02            0.005033            0.000358                      
77        3.443890677711e+00            1.980105340645e-01            0.020283            0.001890                      
78        5.893015623310e-01            2.231365051920e-02            0.003514            0.000269                      
79        4.315172752960e-01            2.478023216288e-02            0.002565            0.000216                      
80        7.022872970349e-01            6.093613352596e-02            0.004117            0.000481                      
81        6.123388353988e-01            3.515753276103e-02            0.003645            0.000317                      
82        3.676459121765e-01            2.721817604030e-02            0.002188            0.000213                      
83        2.701780503362e-01            4.333472359593e-02            0.001540            0.000315                      
84        3.648288543918e-01            5.079984872889e-02            0.002160            0.000333                      
85        2.610158314888e-01            4.095222197394e-02            0.001543            0.000278                      
86        3.808609377461e-02            1.670095063306e-02            0.000160            0.000114                      
87        3.185762130178e-01            3.903254927024e-02            0.001891            0.000267                      
88        3.207176109993e-01            3.876822220136e-02            0.001905            0.000263                      
89        7.082976148657e-02            2.799489205792e-02            0.000385            0.000186                      
90        1.138900304347e-01            2.510496541424e-02            0.000668            0.000162                      
91        4.311504501790e-01            3.006723326016e-02            0.002574            0.000240                      
92        4.005768983623e-01            2.990934104226e-02            0.002387            0.000224                      
93        6.901907335136e-02            1.653199294548e-02            0.000403            0.000105                      
94        2.839415629944e-01            1.543102449867e-02            0.001695            0.000146                      
95        4.589083831794e-01            1.798926928275e-02            0.002741            0.000205                      
96        3.764404411467e-01            8.554137620490e-02            0.002206            0.000530                      
97        5.000352561881e+00            7.810128192554e-02            0.029888            0.002007                      
98        3.081247329450e-01            1.123676237660e-02            0.001840            0.000135                      
99        2.994902033194e-01            1.039386751799e-02            0.001789            0.000138                      
100       1.575382374610e-01            8.536813580699e-03            0.000940            0.000077                      
101       4.520171281295e-02            2.793285462259e-02            0.000216            0.000175                      
102       1.945297669111e-01            5.311482333622e-03            0.001162            0.000083                      
103       1.616391201092e-01            7.470365594617e-02            0.000662            0.000514                      
104       1.299129163185e-01            7.789231842004e-03            0.000775            0.000069                      
105       8.763839707410e-02            5.082217003579e-03            0.000523            0.000047                      
106       2.024773140520e-01            1.607984290564e-02            0.001202            0.000126                      
107       1.592681511507e-01            5.391631952336e-03            0.000951            0.000070                      
108       9.326250895681e-02            4.678104437342e-03            0.000556            0.000047                      
109       1.042590971753e-01            1.330126291603e-02            0.000613            0.000091                      
110       7.740574572477e-02            3.323375912002e-02            0.000361            0.000200                      
111       5.969145858451e-02            8.846966483056e-03            0.000355            0.000059                      
112       2.150917574868e+00            2.986609682466e-02            0.012851            0.000865                      
1         6.207077014914e-01            2.371016646847e-01            0.001444            0.001000                      
2         6.527658965485e-01            1.422191964768e-01            0.000660            0.000529                      
3         4.492964942457e-01            1.647627415240e-01            0.001479            0.000702                      
4         5.399787560427e-01            1.427551192409e-01            0.000859            0.000585                      
5         3.872505559945e-01            1.235962052004e-01            0.000495            0.000372                      
6         6.551580187260e-01            1.461129274580e-01            0.001638            0.001035                      
7         7.204028782414e-01            8.603235668826e-02            0.002288            0.000555                      
8         3.947083255335e-01            1.325375629941e-01            0.000632            0.000534                      
9         4.855180500439e-01            1.493429997197e-01            0.000972            0.000709                      
10        6.644309174239e-01            1.834234699146e-01            0.001094            0.000579                      
11        7.191551895130e-01            1.627400576085e-01            0.001134            0.001097                      
12        5.754945715455e-01            1.194870440521e-01            0.002487            0.000841                      
13        6.927547671743e-01            1.378149810335e-01            0.002243            0.001052                      
14        3.916006143936e-01            1.045805324038e-01            0.000861            0.000585                      
15        4.430521468529e-01            1.159549457499e-01            0.000940            0.000798                      
16        4.372477994254e-01            1.322425688933e-01            0.000575            0.000373                      
17        6.564236687617e-01            1.553162089266e-01            0.001070            0.000769                      
18        2.421768056723e-01            4.741938120723e-02            0.000294            0.000197                      
19        1.919161633754e-01            2.864320654014e-02            0.000303            0.000199                      
20        4.435216987382e-01            1.733218870849e-01            0.001044            0.000673                      
21        3.240708060057e-01            9.904503534089e-02            0.000462            0.000336                      
22        3.195053615620e-01            6.900129981555e-02            0.000549            0.000359                      
23        3.037604992624e-01            6.501135608411e-02            0.000418            0.000300                      
24        3.584347704446e-01            8.643487505294e-02            0.000663            0.000548                      
25        3.249298607875e-01            1.108517745616e-01            0.000835            0.000479                      
26        3.940130245027e-01            1.384823093204e-01            0.001089            0.000610                      
27        5.240682694575e-01            1.105540034659e-01            0.000924            0.000610                      
28        2.519766546885e-01            6.377406617702e-02            0.000304            0.000217                      
29        1.901047564113e-01            4.577503484187e-02            0.000429            0.000234                      
30        2.928076354627e-01            9.937763480374e-02            0.000567            0.000529                      
31        2.023121614317e-01            5.763425114444e-02            0.000350            0.000245                      
32        2.089254223780e-01            5.584349837654e-02            0.000428            0.000261                      
33        2.078973060335e-01            6.108697577744e-02            0.000287            0.000218                      
34        2.512733705842e-01            4.797894931054e-02            0.000466            0.000360                      
35        2.596957020542e-01            7.716619311709e-02            0.000536            0.000333                      
36        2.573449193017e-01            1.131836567163e-01            0.000461            0.000369                      
37        2.095242811772e-01            5.085596175972e-02            0.000577            0.000308                      
38        2.886235169320e-01            8.204522990715e-02            0.000747            0.000452                      
39        1.887764809425e-01            4.121192239991e-02            0.000381            0.000283                      
40        1.578092118473e-01            3.829440717072e-02            0.000349            0.000204                      
41        2.489391751777e-01            7.825887281942e-02            0.000425            0.000277                      
42        1.780055828309e-01            4.297560939878e-02            0.000528            0.000236                      
43        1.288282389959e-01            4.109111020683e-02            0.000321            0.000218                      
44        1.867130943786e-01            4.607332064280e-02            0.000235            0.000175                      
45        1.188767635420e-01            4.537214318935e-02            0.000262            0.000175                      
46        1.839564467425e-01            5.627193349872e-02            0.000472            0.000323                      
47        1.184867796404e-01            3.620551639561e-02            0.000228            0.000132                      
48        1.938563168021e-01            4.280036762847e-02            0.000376            0.000200                      
49        1.285692448061e-01            3.749355506316e-02            0.000416            0.000221                      
50        1.131498591588e-01            2.375166582183e-02            0.000168            0.000140                      
51        1.092406707437e-01            2.777583007725e-02            0.000289            0.000166                      
52        8.701008641465e-02            2.099743095429e-02            0.000214            0.000132                      
53        1.570658891226e-01            3.582316397695e-02            0.000251            0.000197                      
54        1.585908887569e-01            5.701347055884e-02            0.000361            0.000225                      
55        1.583135684786e-01            5.490371006589e-02            0.000483            0.000248                      
56        1.600929007508e-01            3.696895623056e-02            0.000191            0.000125                      
57        1.689375683476e-01            4.158735461500e-02            0.000391            0.000279                      
58        1.910612754787e-01            5.980211720947e-02            0.000280            0.000213                      
59        1.591547785898e-01            4.396321814347e-02            0.000368            0.000245                      
60        2.136971340296e-01            5.429406897502e-02            0.000279            0.000202                      
61        2.052465833227e-01            4.083732072875e-02            0.000371            0.000253                      
62        1.550653861466e-01            5.464606782110e-02            0.000418            0.000226                      
63        1.303691151639e-01            4.099870280526e-02            0.000333            0.000197                      
64        9.593269538156e-02            3.116279279049e-02            0.000286            0.000151                      
65        1.093230925877e-01            2.571048306199e-02            0.000174            0.000115                      
66        1.136423231061e-01            2.236905359933e-02            0.000148            0.000122                      
67        1.245051456186e-01            3.246366951628e-02            0.000210            0.000150                      
68        1.441265953540e-01            3.593662856635e-02            0.000170            0.000120                      
69        1.103363543387e-01            2.660196733937e-02            0.000231            0.000154                      
70        1.173850153539e-01            3.649088758991e-02            0.000176            0.000115                      
71        7.797304994939e-02            2.038283477389e-02            0.000183            0.000142                      
72        1.163088028665e-01            3.123131660345e-02            0.000176            0.000163                      
73        1.134717298575e-01            2.412038856219e-02            0.000146            0.000110                      
74        1.530452444401e-01            5.072300777114e-02            0.000376            0.000206                      
75        1.011693325261e-01            2.462880217964e-02            0.000211            0.000144                      
76        1.130956427499e-01            2.958633247366e-02            0.000259            0.000164                      
77        7.676178004152e-02            1.769326667580e-02            0.000208            0.000098                      
78        1.141060064411e-01            2.749271252109e-02            0.000305            0.000175                      
79        1.298728113305e-01            5.136610167608e-02            0.000191            0.000122                      
80        8.327124214056e-02            1.618927986069e-02            0.000162            0.000083                      
81        7.755295700900e-02            2.597007480130e-02            0.000203            0.000121                      
82        7.360210159801e-02            9.840638707610e-03            0.000119            0.000076                      
83        9.020285952933e-02            3.124923291425e-02            0.000177            0.000138                      
84        1.169625225779e-01            3.914529386064e-02            0.000147            0.000102                      
85        8.004323824754e-02            2.183303569747e-02            0.000189            0.000077                      
86        7.916864882839e-02            2.683771509095e-02            0.000155            0.000110                      
87        7.713408113248e-02            1.974438502287e-02            0.000151            0.000090                      
88        7.481715236154e-02            1.970010241995e-02            0.000137            0.000084                      
89        6.696781835906e-02            2.146587471289e-02            0.000147            0.000109                      
90        8.352651228313e-02            2.283889851792e-02            0.000221            0.000118                      
91        6.383457411017e-02            1.648608439278e-02            0.000097            0.000071                      
92        9.147057744869e-02            2.789573408442e-02            0.000253            0.000094                      
93        8.260066340889e-02            2.829398952099e-02            0.000209            0.000109                      
94        5.250707613338e-02            1.087778934261e-02            0.000103            0.000067                      
95        6.111255374269e-02            1.356967879371e-02            0.000070            0.000057                      
96        5.641716197575e-02            1.454593758857e-02            0.000162            0.000072                      
97        4.257659798040e-02            9.231291197840e-03            0.000092            0.000052                      
98        5.373837379255e-02            1.004403264011e-02            0.000104            0.000063                      
99        4.227665045434e-02            1.113616937795e-02            0.000075            0.000050                      
100       4.963141611090e-02            7.628777107204e-03            0.000051            0.000038                      
101       1.039974570532e-01            2.685080343632e-02            0.000535            0.000172                      
102       7.662790324525e-02            2.543303949692e-02            0.000208            0.000165                      
103       1.099587340632e-01            1.897690087887e-02            0.000286            0.000204                      
104       1.095100527312e-01            1.983785849759e-02            0.000341            0.000227                      
105       1.090432835505e-01            2.609384523856e-02            0.000365            0.000230                      
106       1.333794761379e-01            3.127034578135e-02            0.000715            0.000231                      
107       7.568994050643e-02            1.947241005940e-02            0.000217            0.000187                      
108       1.131109554849e-01            2.907231345485e-02            0.000354            0.000197                      
109       1.412536534748e-01            3.950507233962e-02            0.000558            0.000309                      
110       1.030813159218e-01            2.199042919634e-02            0.000412            0.000193                      
111       1.287808328060e-01            3.973750431341e-02            0.000407            0.000287                      
112       1.031722424366e-01            2.134436862248e-02            0.000232            0.000147                      
113       1.151663724418e-01            2.745809164312e-02            0.000493            0.000223                      
114       9.305514707304e-02            1.232258279945e-02            0.000382            0.000112                      
115       8.142478811500e-02            1.793140864029e-02            0.000274            0.000165                      
116       1.186664443154e-01            4.329475136775e-02            0.000447            0.000299                      
117       9.785345192311e-02            2.564448616158e-02            0.000379            0.000247                      
118       1.354941629635e-01            1.723653689854e-02            0.000723            0.000096                      
119       1.069283044880e-01            1.990141437466e-02            0.000493            0.000163                      
120       7.938326825836e-02            1.388076279969e-02            0.000281            0.000168                      
121       8.976342877865e-02            1.757284494390e-02            0.000278            0.000165                      
122       7.632685332332e-02            1.134298678853e-02            0.000120            0.000084                      
123       1.300110461097e-01            3.577318821945e-02            0.000495            0.000213                      
124       8.907238236068e-02            2.207869670313e-02            0.000350            0.000187                      
125       7.719703633511e-02            2.097931016027e-02            0.000270            0.000173                      
126       8.832169750696e-02            1.762030599700e-02            0.000354            0.000128                      
127       7.651740236399e-02            1.869228353492e-02            0.000217            0.000147                      
128       6.645253326669e-02            9.694054538099e-03            0.000229            0.000121                      
129       7.753319397481e-02            1.859760793151e-02            0.000324            0.000131                      
130       6.629684316044e-02            1.538713538494e-02            0.000277            0.000145                      
131       8.268392527193e-02            1.762202988993e-02            0.000355            0.000127                      
132       8.849181784044e-02            2.199763395194e-02            0.000307            0.000176                      
133       7.586000138480e-02            1.218566682731e-02            0.000254            0.000149                      
134       9.646456205223e-02            2.624505504531e-02            0.000207            0.000154                      
135       7.175961954838e-02            1.385494871795e-02            0.000283            0.000165                      
136       8.249889223116e-02            2.235970323894e-02            0.000225            0.000160                      
137       8.947024571514e-02            1.655213683282e-02            0.000441            0.000107                      
138       6.599406867986e-02            1.364834961266e-02            0.000250            0.000127                      
139       8.350877814040e-02            2.315320738102e-02            0.000283            0.000161                      
140       8.072708305158e-02            1.728271248584e-02            0.000358            0.000127                      
141       1.042885706445e-01            1.523682432249e-02            0.000377            0.000119                      
142       6.588989347376e-02            1.704922892564e-02            0.000201            0.000109                      
143       6.715633963201e-02            1.285213998061e-02            0.000293            0.000069                      
144       7.848503274961e-02            2.278963924586e-02            0.000313            0.000139                      
145       6.015696217226e-02            1.102832939936e-02            0.000272            0.000114                      
146       7.336350750148e-02            1.664337893027e-02            0.000326            0.000116                      
147       6.499462411220e-02            1.524727424973e-02            0.000248            0.000124                      
148       7.315872964590e-02            1.964497782353e-02            0.000310            0.000093                      
149       8.002776648388e-02            1.194422604506e-02            0.000319            0.000098                      
150       7.506347159794e-02            2.370129581696e-02            0.000215            0.000137                      
151       4.952396361844e-02            7.294186413305e-03            0.000113            0.000072                      
152       6.033772784694e-02            9.863642765344e-03            0.000114            0.000081                      
153       5.383890210550e-02            1.013431716207e-02            0.000128            0.000088                      
154       5.966880048711e-02            1.350885191841e-02            0.000205            0.000107                      
155       5.612587782612e-02            1.106602111856e-02            0.000165            0.000105                      
156       7.643038582963e-02            1.447483028504e-02            0.000299            0.000078                      
157       6.073445408233e-02            1.712415653153e-02            0.000164            0.000100                      
158       7.111626154344e-02            2.152439083147e-02            0.000262            0.000147                      
159       5.015240981972e-02            1.345017561684e-02            0.000158            0.000101                      
160       7.418875410042e-02            1.579637372767e-02            0.000289            0.000053                      
161       5.100895651479e-02            1.203485212162e-02            0.000181            0.000104                      
162       5.437652636590e-02            1.126689747467e-02            0.000128            0.000082                      
163       4.962645162961e-02            1.065348337933e-02            0.000146            0.000103                      
164       6.577765206622e-02            1.169860742065e-02            0.000194            0.000114                      
165       6.440358814391e-02            1.429165074565e-02            0.000220            0.000125                      
166       5.953017193696e-02            1.205684080137e-02            0.000222            0.000097                      
167       6.199653265441e-02            1.283568410992e-02            0.000294            0.000067                      
168       4.178881085483e-02            9.265779970441e-03            0.000126            0.000085                      
169       4.761624570616e-02            1.247520872744e-02            0.000160            0.000104                      
170       5.121107978719e-02            1.084807018484e-02            0.000092            0.000064                      
171       4.473076573787e-02            8.974921577913e-03            0.000141            0.000084                      
172       5.091038669299e-02            1.162755616905e-02            0.000217            0.000107                      
173       6.942907001623e-02            1.431219994682e-02            0.000298            0.000087                      
174       4.196887427077e-02            1.025773043033e-02            0.000134            0.000091                      
175       4.801865136309e-02            1.347420927296e-02            0.000122            0.000084                      
176       6.362890869264e-02            1.329091819853e-02            0.000200            0.000083                      
177       4.347419703472e-02            7.822222160026e-03            0.000135            0.000076                      
178       5.972135695323e-02            1.197201474363e-02            0.000230            0.000077                      
179       5.007727242893e-02            1.389533325593e-02            0.000218            0.000106                      
180       4.967967588285e-02            1.131146402137e-02            0.000173            0.000078                      
181       4.170678312287e-02            1.014797993268e-02            0.000140            0.000077                      
182       5.830783692987e-02            1.408668627077e-02            0.000204            0.000104                      
183       3.380813447661e-02            7.380501384513e-03            0.000107            0.000067                      
184       5.210139741329e-02            1.673409660336e-02            0.000142            0.000101                      
185       3.837489008153e-02            9.358927340594e-03            0.000124            0.000078                      
186       3.249827376812e-02            7.198514046425e-03            0.000160            0.000064                      
187       4.082757049945e-02            1.563420538384e-02            0.000172            0.000083                      
188       3.248708774518e-02            7.142734515875e-03            0.000144            0.000059                      
189       3.144733952267e-02            9.490568616407e-03            0.000109            0.000070                      
190       3.579328588824e-02            8.385907983624e-03            0.000077            0.000060                      
191       5.166360137386e-02            1.343598807736e-02            0.000169            0.000101                      
192       3.928087676225e-02            6.836875167738e-03            0.000123            0.000089                      
193       3.860876044954e-02            7.987161687893e-03            0.000157            0.000057                      
194       4.352680462633e-02            1.304081303103e-02            0.000157            0.000083                      
195       4.016359899156e-02            9.457911247207e-03            0.000131            0.000064                      
196       4.592128522015e-02            1.042579886134e-02            0.000086            0.000054                      
197       3.609476062237e-02            8.098157927084e-03            0.000149            0.000054                      
198       3.742902854493e-02            7.748496406468e-03            0.000149            0.000065                      
199       2.961726298468e-02            6.248271330639e-03            0.000097            0.000053                      
200       2.971893495204e-02            8.583215012573e-03            0.000114            0.000046                      
201       2.807545607270e-02            7.328676713424e-03            0.000077            0.000045                      
202       3.075596539968e-02            7.387502405921e-03            0.000129            0.000059                      
