@    title "Electric Field"
@    xaxis  label "Time (ps)"
@    yaxis  label "MV/cm"
#time      Magnitude                     Efield_X                      Efield_Y                     Efield_Z
@type xy
10        1.555003755124e+02            -2.492904015326e+01           -1.322176031939e+01           1.529185887837e+02            
20        1.634981681057e+02            1.171316866232e+01            -4.976649351168e+00           1.630021031001e+02            
30        1.915611769570e+02            1.610091733635e+01            -2.914314508148e+01           1.886454931157e+02            
40        1.621168489571e+02            -1.564330352030e+01           -1.819104122372e+01           1.603316743190e+02            
50        1.713331453035e+02            -1.133637283414e+01           -1.085079800171e+01           1.706129933893e+02            
60        1.498182365217e+02            2.420408005394e+00            5.192254078887e+00            1.497086708148e+02            
70        1.930939637498e+02            -1.897047678746e+01           1.351672843974e+00            1.921550749463e+02            
80        1.779960876805e+02            4.983222214362e+00            -2.362175615659e+01           1.763513180047e+02            
90        1.642782121576e+02            -1.464863048297e+01           7.518749150877e+00            1.634509621443e+02            
100       1.656633946430e+02            -8.292373754587e+00           1.199762773516e+00            1.654513748249e+02            
110       1.771109491684e+02            -1.570335914876e+00           -2.744692989949e+00           1.770827180185e+02            
120       1.933503293434e+02            -6.458236364769e+00           -1.179852866159e+01           1.928819218115e+02            
130       1.594523941878e+02            2.520499936142e+00            -1.968083454289e+01           1.582130773482e+02            
140       1.647102394721e+02            -1.094359103583e+01           -8.530641247529e+00           1.641247359848e+02            
150       1.668471291178e+02            -1.544057933212e+01           -4.806124727902e+00           1.660615975169e+02            
160       1.776616225302e+02            -2.723073290185e+01           -1.792679327223e+01           1.746446947052e+02            
170       1.580822263153e+02            -1.556137018685e+01           -1.328064403166e+01           1.567528581201e+02            
180       1.652666919479e+02            -7.982089281621e+00           -2.114664234559e+01           1.637137295269e+02            
190       1.767059576273e+02            9.555504983526e+00            1.499430664965e+01            1.758091537821e+02            
200       1.923832829168e+02            -1.742515253494e+00           -2.647550857564e+01           1.905448467739e+02            
210       1.870223927710e+02            -8.701159808982e+00           -2.353429986521e+00           1.868050496723e+02            
220       1.597130622964e+02            2.032888863329e+01            3.347044522037e+00            1.583786470709e+02            
230       1.885446692034e+02            -5.669448781151e+00           2.072969846929e+00            1.884480098902e+02            
240       1.577975851111e+02            -2.885716164167e+00           -7.779746502980e+00           1.575792691107e+02            
250       1.666224265970e+02            1.304138534016e+01            -1.688572385610e+01           1.652508022472e+02            
260       1.648458705825e+02            -5.339016156018e-01           7.330616901140e+00            1.646819299529e+02            
270       1.742204081447e+02            -1.885416529494e+00           -9.299809803006e+00           1.739618043027e+02            
280       1.762593883943e+02            -6.444281757571e+00           -1.117563207039e+01           1.757866561420e+02            
290       1.538140964195e+02            -1.379020699557e+01           -1.229077837959e+01           1.527008291241e+02            
300       1.698410877508e+02            1.050096736041e+01            -2.451420338010e+00           1.694984227395e+02            
310       1.622224333569e+02            -3.409787418210e+01           6.392817334641e+00            1.584695073099e+02            
320       1.560959407584e+02            6.353238604774e+00            6.872326594089e+00            1.558151154660e+02            
330       1.718135740942e+02            2.550645842478e+00            -2.133047404199e+01           1.704652730791e+02            
340       1.698857425418e+02            -9.476549205693e+00           5.753895761762e+00            1.695236066679e+02            
350       1.657301830819e+02            -2.189647223057e+01           3.515781446426e-01            1.642769444597e+02            
360       1.559855164076e+02            -1.463877083041e+01           7.830334025099e-01            1.552951209028e+02            
370       1.754749881398e+02            1.473924106160e+01            -2.717543567677e+01           1.727301998244e+02            
380       1.573223984381e+02            1.978178852414e+00            -1.963789346149e+01           1.560793932560e+02            
390       1.770472003112e+02            1.628698808362e+01            1.580099628466e+01            1.755869404985e+02            
400       1.599458253882e+02            1.883503976713e+01            -1.764227788574e+01           1.578501136112e+02            
410       1.660501017578e+02            2.412214990990e+00            -1.814827679811e+00           1.660226608422e+02            
420       1.670463967885e+02            7.428688041327e+00            -7.846476664283e+00           1.666965688848e+02            
430       1.630833900038e+02            1.016271961863e+01            -2.090220153691e+01           1.614187386768e+02            
440       1.591477533949e+02            -7.085870674239e+00           -1.187067547928e+01           1.585461601903e+02            
450       1.584445283327e+02            1.093778967406e+01            5.905751522447e+00            1.579561819448e+02            
460       1.713335450641e+02            1.262351568627e+01            -1.273586570864e+01           1.703925709666e+02            
470       1.687662966697e+02            1.567308652490e+01            6.810571060522e+00            1.678988784127e+02            
480       1.781226010811e+02            -2.045257869752e+01           3.342747935901e+00            1.769129138213e+02            
490       1.776341876348e+02            -6.416046823565e+00           1.335945444535e+01            1.770148692533e+02            
500       1.614168941343e+02            1.086529778920e+01            -1.195645230055e+01           1.606063581067e+02            
510       1.847247702438e+02            -1.243896015363e+01           -1.937146924725e+01           1.832846398123e+02            
520       1.662566179829e+02            -1.084253596987e+01           -2.460697871523e+00           1.658844399058e+02            
530       1.713035456374e+02            -1.265467353654e+01           1.714230343555e+00            1.708268872279e+02            
540       1.650045378582e+02            1.003615124671e+01            -2.380001599795e+00           1.646818410583e+02            
550       1.513849262995e+02            2.679006221622e-01            -2.667056054281e+01           1.490167954974e+02            
560       1.674515935977e+02            -1.368218264058e+01           -1.384390251013e+01           1.663165068172e+02            
570       1.616616079167e+02            1.545995068483e+01            -2.568723024128e+00           1.609001773183e+02            
580       1.849170427149e+02            -4.695225082755e+00           1.750115677404e+01            1.840271095774e+02            
590       1.746088639928e+02            1.123253209773e+01            -3.445659191162e+00           1.742131253386e+02            
600       1.647232310833e+02            -2.719785452973e+01           -1.126998808956e+00           1.624584545082e+02            
610       1.748552901976e+02            -3.235800985369e+00           -1.328674684055e+01           1.743197190810e+02            
620       1.857265940332e+02            5.579032202935e+00            -1.636117693012e+01           1.849203991460e+02            
630       1.560372876734e+02            -1.759663294112e+00           -3.851731999273e+00           1.559798156499e+02            
640       1.914632594585e+02            -2.759151345304e+01           1.102731758344e+01            1.891435602254e+02            
650       1.726531297077e+02            -2.984754519130e+01           -3.079298471941e+00           1.700257191275e+02            
660       1.596876665200e+02            -1.181145474857e+01           -1.796032406711e+01           1.582342160682e+02            
670       1.823547450380e+02            -7.426511292337e+00           3.795801300338e-02            1.822034536640e+02            
680       1.712042679289e+02            1.258798967277e+00            1.772982035982e+01            1.702790951710e+02            
690       1.533717990579e+02            -2.133947384743e+01           -6.903901488195e+00           1.517230099439e+02            
700       1.755179146329e+02            -1.943723894799e+01           -1.317898719179e+01           1.739397780721e+02            
710       1.610911648829e+02            2.498601027686e+00            4.606639828869e+00            1.610058982327e+02            
720       1.791735455720e+02            -1.458795368428e+01           2.704908782226e+00            1.785582104206e+02            
730       1.693599851583e+02            -1.944043420294e+01           -1.853890709902e+01           1.672159771505e+02            
740       1.677111437120e+02            -7.973813839389e+00           -2.249641776265e+00           1.675063734009e+02            
750       1.645855962715e+02            5.200138944605e+00            -1.980199301632e+00           1.644915069714e+02            
760       1.626489911932e+02            3.361727897396e+01            -4.437636462024e+00           1.590750774734e+02            
770       1.787362996882e+02            -2.005756265647e+00           -1.700754615425e+01           1.779139824236e+02            
780       1.877968539348e+02            -2.043216869157e+01           1.405516595297e+01            1.861521881161e+02            
790       1.662386237562e+02            -1.430195810915e+01           7.988096022116e+00            1.654295147322e+02            
800       1.708340082565e+02            7.044673889037e+00            -4.681534425772e+00           1.706244829507e+02            
810       1.660227226003e+02            1.348954622995e+01            -7.396465492151e+00           1.653084052925e+02            
820       1.662776046408e+02            8.667619222415e+00            -1.039576591160e+01           1.657258043674e+02            
830       1.645158103617e+02            -1.455768285316e+01           1.215841377930e+00            1.638659435595e+02            
840       1.759772129181e+02            -4.095844356685e+01           -1.919537528464e+01           1.700644669961e+02            
850       1.717103671349e+02            -3.002254355043e+01           -3.141021834700e-01           1.690650714967e+02            
860       1.495236582705e+02            -1.453674321283e+01           4.989473210563e+00            1.487316800028e+02            
870       1.641876102794e+02            3.915105229447e+00            -2.883341699845e+00           1.641155984693e+02            
880       1.571674633727e+02            -8.131156501186e+00           -3.644141160940e+01           1.526680037103e+02            
890       1.765263746152e+02            4.849552358963e+00            1.398945752716e+01            1.759043429105e+02            
900       1.613461621906e+02            1.016882164641e+01            -1.085064132913e+01           1.606593996712e+02            
910       1.430129290072e+02            2.266286522741e+01            -1.561327054985e+01           1.403400092121e+02            
920       1.614047286641e+02            1.555622106665e+00            9.944358475508e+00            1.610905838636e+02            
930       1.512443072247e+02            9.279266486762e-01            -3.224603767394e+01           1.477639078880e+02            
940       1.608028134658e+02            1.507825765531e+01            9.089092360953e+00            1.598361015687e+02            
950       1.723710474908e+02            -2.023436492585e+01           7.105965358556e+00            1.710317331534e+02            
960       1.621584621614e+02            -9.125685645277e+00           -2.747155310302e+01           1.595537604764e+02            
970       1.692276342413e+02            -4.449631663044e+00           1.774896054078e+01            1.682354521755e+02            
980       1.756297840142e+02            -1.933978466281e+01           -1.222882426163e+01           1.741328504885e+02            
990       1.511418889956e+02            1.300388098245e+01            -1.286081271055e+01           1.500312273661e+02            
1000      1.579477899376e+02            2.989407687138e+01            -2.783342516891e+00           1.550680544749e+02            
1010      1.659614514437e+02            1.865506513350e+01            -5.101423607656e+00           1.648307234326e+02            
1020      1.663365304828e+02            7.904586295199e+00            -3.224818790910e+00           1.661173062397e+02            
1030      1.635448136433e+02            -2.287403929157e+00           -1.288115445984e+01           1.630207033252e+02            
1040      1.436660339490e+02            1.755980985167e+01            3.990173814906e+00            1.425330168822e+02            
1050      1.700535839803e+02            2.759443782292e+01            -1.585627675906e+01           1.670489356839e+02            
1060      1.813953296687e+02            -1.999247421144e+01           -4.976855600168e-01           1.802895418753e+02            
1070      1.379426176097e+02            2.911822217381e+00            2.466548291044e-01            1.379116608768e+02            
1080      1.737420210449e+02            -2.306257216781e+01           7.282723142663e-02            1.722045363455e+02            
1090      1.593260035132e+02            6.123088727162e+00            -5.935074991583e+00           1.590976368925e+02            
1100      1.587613296528e+02            -2.293717554823e+01           -1.244672883252e+01           1.566018030304e+02            
1110      1.724712299708e+02            -1.220056393246e+01           5.245479533558e+00            1.719591705953e+02            
1120      1.852684450677e+02            -9.275702838146e+00           1.229990818665e+01            1.846268407715e+02            
1130      1.877934304006e+02            2.135115856902e+01            -1.860695569180e+01           1.856455809581e+02            
1140      1.704149431187e+02            -6.451300501165e+00           -1.313148158454e+00           1.702877247540e+02            
1150      1.669196064093e+02            -7.607590038188e+00           -2.027727619887e+01           1.655086452352e+02            
1160      1.778784064945e+02            -1.950835442888e+01           -4.142408545397e+00           1.767568727262e+02            
1170      1.716999866868e+02            -2.498039437685e+00           -3.892860745791e+01           1.672100737055e+02            
1180      1.694730861798e+02            1.204506487850e+01            4.040850444005e+00            1.689961978242e+02            
1190      1.760237172947e+02            -3.008337470847e+00           -2.742517419720e+01           1.738480910915e+02            
1200      1.545896901596e+02            9.904540444656e+00            -5.935158919574e+00           1.541578615278e+02            
1210      1.768818262498e+02            -1.501715734279e+01           2.572763687253e+01            1.743552526991e+02            
1220      1.641108942853e+02            3.990815230046e+00            -2.897701985626e+00           1.640367713048e+02            
1230      1.776463695386e+02            2.597903268125e+01            6.795144584427e+00            1.756050924127e+02            
1240      1.635025213320e+02            -8.236558224689e+00           4.780188880699e+00            1.632249471888e+02            
1250      1.822519953939e+02            4.291749789266e+00            -1.354398923530e+01           1.816973611928e+02            
1260      1.779533235169e+02            -2.930870289901e+00           4.315421647178e+01            1.726166531676e+02            
1270      1.575030693623e+02            -1.249298717395e+01           1.446095743540e+01            1.563394474855e+02            
1280      1.783145552520e+02            -5.669483648947e-01           -1.964164868902e+01           1.772285666055e+02            
1290      1.820010499258e+02            -7.010235126153e+00           4.799056186354e+00            1.818026617992e+02            
1300      1.539806447473e+02            -5.671266079889e+00           -2.511733397357e+01           1.518123685077e+02            
1310      1.675072005762e+02            -1.876044449788e+01           3.464709252311e-01            1.664529600969e+02            
1320      1.624045886898e+02            -2.524006004650e+00           1.127585975033e+01            1.619930085161e+02            
1330      1.633438689293e+02            -2.153809014115e+01           -1.127552926375e+01           1.615245883130e+02            
1340      1.522187635436e+02            2.965470721690e+01            -4.982563872023e+00           1.492190482877e+02            
1350      1.899434664476e+02            1.249649318209e+01            -3.498130361421e+01           1.862757807707e+02            
1360      1.874090885015e+02            -4.395101202518e+00           1.608464617155e+01            1.866658343027e+02            
1370      1.652560445522e+02            3.338215073200e+01            -9.091863536327e+00           1.615937198377e+02            
1380      1.649012798765e+02            -1.982822784435e+00           -1.127140258921e+01           1.645036656199e+02            
1390      1.489836833169e+02            7.304581597647e+00            -1.447316399602e+01           1.480989821245e+02            
1400      1.662012210413e+02            -4.924814303332e+00           1.395992728829e+01            1.655406672386e+02            
1410      1.728656275823e+02            -7.020153064565e+00           -1.075498861796e+01           1.723878559244e+02            
1420      1.642101431373e+02            8.744833463962e+00            -7.611697222568e+00           1.638003695425e+02            
1430      1.522410143500e+02            8.458846804729e-01            7.050974919033e+00            1.520752928063e+02            
1440      1.524854417992e+02            -1.221617789364e+01           -2.678592957761e+01           1.496164728064e+02            
1450      1.593819259558e+02            3.956144217715e+00            -1.842023938432e+01           1.582644686129e+02            
1460      1.774708476181e+02            2.736672746044e+00            -2.554473994953e+01           1.756014767520e+02            
1470      1.591662313760e+02            1.828767910916e+01            -7.648300488286e+00           1.579270512068e+02            
1480      1.739904797522e+02            2.053028884231e+01            1.595115063338e+01            1.720370747192e+02            
1490      1.724705157538e+02            1.620924868724e+01            8.705134929489e+00            1.714863250735e+02            
1500      1.708249459290e+02            6.388010772266e+00            -1.333763559719e+01           1.701836153885e+02            
1510      1.634676735428e+02            -9.479784766055e+00           -1.950410411091e+00           1.631809114864e+02            
1520      1.796670973405e+02            2.252647750767e+01            -1.915375838523e+01           1.772172599313e+02            
1530      1.549865646472e+02            -5.406669677626e+00           -4.579133385459e+01           1.479687699751e+02            
1540      1.813040858958e+02            -1.062764621452e+00           5.196190278671e+00            1.812264928217e+02            
1550      1.731038348196e+02            -5.085607886020e-01           -1.630427500778e+00           1.730954092440e+02            
1560      1.561120095394e+02            4.527750953076e+00            -2.607256876918e+01           1.538527872725e+02            
1570      1.467478700873e+02            2.015024429404e+01            -7.758930053751e+00           1.451506253327e+02            
1580      1.766038311024e+02            3.142408332615e+00            -4.671733156875e-01           1.765752535861e+02            
1590      1.787659322046e+02            1.115885010316e+01            -2.018721967720e+01           1.772715847029e+02            
1600      1.641356650679e+02            1.039693746543e+01            -1.391905032084e+00           1.638001307661e+02            
1610      1.826862203865e+02            -3.717320741570e+01           -9.594633139842e+00           1.786066930002e+02            
1620      1.696828895913e+02            -1.823866157765e+01           -7.275432079537e+00           1.685428798021e+02            
1630      1.902102464948e+02            -1.650910361769e+01           -1.442083402673e+01           1.889429197280e+02            
1640      1.756820658399e+02            -1.664512252462e+01           -1.260495306794e+01           1.744369321906e+02            
1650      1.658283231732e+02            -3.797934167691e+01           -6.794384690481e+00           1.612775207799e+02            
1660      1.348628494290e+02            1.379000518415e+01            -2.213223017393e+01           1.323177550469e+02            
1670      1.534884750457e+02            7.502710717928e+00            1.522386663732e+01            1.525472228142e+02            
1680      1.665228286830e+02            2.626747519956e+00            -1.956036391854e+01           1.653491603651e+02            
1690      1.907789339878e+02            9.832341545164e+00            -8.437810730358e+00           1.903384618602e+02            
1700      1.633064094820e+02            8.301453188339e+00            -2.355974181987e+01           1.613846579395e+02            
1710      1.750986898139e+02            3.942117605536e+00            -1.902414685873e+01           1.740175069343e+02            
1720      1.663103075381e+02            2.568454674699e+00            -1.464520908742e+01           1.656443155825e+02            
1730      1.802810752399e+02            1.116765785303e+01            -1.898636617183e+01           1.789303423327e+02            
1740      1.681319369802e+02            -5.872169399763e-01           8.903918999099e+00            1.678949779935e+02            
1750      1.483333079250e+02            -1.710033486070e+00           1.076107180878e+01            1.479325703115e+02            
1760      1.691166115307e+02            -1.248731677217e+01           1.152731881007e+01            1.682605602526e+02            
1770      1.766019698163e+02            -1.452811584380e-02           -3.424856799992e+00           1.765687568281e+02            
1780      1.658807930702e+02            -1.285822368007e+01           -1.295287159554e+01           1.648736689433e+02            
1790      1.681408250719e+02            -8.068841917574e+00           -2.532790274187e+01           1.660262876434e+02            
1800      1.736130557979e+02            3.917397638544e+00            1.356155181550e+01            1.730382369639e+02            
1810      1.737488934177e+02            1.068350146427e+01            -4.380466351155e+00           1.733647953735e+02            
1820      1.676288011577e+02            1.447382537801e+00            -1.010561282410e+01           1.673176519403e+02            
1830      1.443172191109e+02            -3.449172829564e+01           -2.460849380807e+01           1.379572486083e+02            
1840      1.686574680499e+02            -2.661203728557e+01           -1.042716762338e+01           1.662179748880e+02            
1850      1.665678305361e+02            -5.548756411149e+00           -1.447377502860e+00           1.664690919364e+02            
1860      1.592687845593e+02            1.210384548702e+01            5.288523624979e+00            1.587201127056e+02            
1870      1.728220551826e+02            4.218431285205e+00            -1.676166159860e+00           1.727624324384e+02            
1880      1.759995065980e+02            -7.893530272576e+00           -1.339112565698e+01           1.753117116915e+02            
1890      1.656202614450e+02            2.561206911193e+00            -1.946765035802e+01           1.644521870022e+02            
1900      1.756535801692e+02            -2.064994582897e+01           -8.667242203701e+00           1.742200874643e+02            
1910      1.693112928667e+02            -1.166731640717e+01           1.253693598881e+01            1.684429068143e+02            
1920      1.509319846299e+02            2.357061657801e+01            -3.761469505624e+01           1.442568013450e+02            
1930      1.591602284254e+02            5.103246746800e-01            -6.084685237110e+00           1.590430585933e+02            
1940      1.720479984973e+02            3.244223229517e+01            2.615300147416e+00            1.689413376168e+02            
1950      1.724020843225e+02            -1.450699611997e+01           1.779055214849e+01            1.708669716375e+02            
1960      1.556968419135e+02            1.198404963679e+01            -5.411065228221e+00           1.551406120564e+02            
1970      1.760074366095e+02            -1.766249733792e+01           -5.583674989524e-01           1.751180806067e+02            
1980      1.518054576019e+02            -7.957825584723e+00           1.747488239374e+00            1.515866625220e+02            
1990      1.588410407277e+02            1.845618012146e+01            3.906755153047e+00            1.577167806511e+02            
2000      1.615926641132e+02            6.825694409161e+00            -1.756977747355e+01           1.604895694759e+02            
2010      1.598735009316e+02            1.519087355664e+01            1.698314382191e+00            1.591410989939e+02            
2020      1.537138367882e+02            2.415336329584e+01            1.044199422365e+01            1.514447866990e+02            
2030      1.664221801306e+02            -3.927072293278e+01           3.342807248572e+00            1.616879030709e+02            
2040      1.540594413521e+02            2.312503399521e+01            -2.090464397957e+01           1.508725956975e+02            
2050      1.697841826834e+02            -2.039477659008e+00           2.698784205735e+01            1.676131426871e+02            
2060      1.639576880622e+02            -5.088143596383e+00           1.493791815100e+01            1.631964854730e+02            
2070      1.730058818523e+02            4.462546582630e+00            -1.780674554218e+00           1.729391512400e+02            
2080      1.537803158569e+02            -3.137391198340e+00           -1.036800761547e+00           1.537448124839e+02            
2090      1.757502574971e+02            -9.131998379430e+00           -2.310090850238e+01           1.739859409328e+02            
2100      1.572257769498e+02            2.395680531867e+01            -1.489856812196e+01           1.546740090782e+02            
2110      1.763653544446e+02            -2.684963976773e+01           -2.446582993756e+01           1.725840614256e+02            
2120      1.766108827520e+02            -4.204059024586e+00           -6.978784073064e+00           1.764228623705e+02            
2130      1.598650175102e+02            -6.904150947841e+00           -2.538830185125e+01           1.576850996522e+02            
2140      1.733739253951e+02            1.132566414546e+01            -1.786515499060e+01           1.720787133138e+02            
2150      1.576744839093e+02            -9.984574752356e+00           -1.259672757105e+01           1.568530318406e+02            
2160      1.764603525231e+02            1.427682659376e+01            -2.659305603303e+01           1.738598217122e+02            
2170      1.591759103244e+02            -2.152868660274e+01           -1.496674985091e+01           1.570015365520e+02            
2180      1.818272708835e+02            -1.979445585661e+01           -2.686049455723e+00           1.807266474336e+02            
2190      1.786203010118e+02            -1.733625562889e+01           3.902711692981e+00            1.777341695223e+02            
2200      1.624517775867e+02            -1.651836986556e+00           -2.841965402729e+01           1.599380340652e+02            
2210      1.761779901264e+02            9.258099798268e-02            3.087045996842e+01            1.734522710577e+02            
2220      1.663273515331e+02            -2.672486099194e+00           -8.964217314004e+00           1.660641095903e+02            
2230      1.614674894703e+02            1.566604123115e+01            -2.154773703062e+01           1.592545771300e+02            
2240      1.711589119365e+02            -4.353301430288e+00           -7.844887994370e+00           1.709236075979e+02            
2250      1.753221660253e+02            -1.350641036752e+01           2.282519732209e-01            1.748009916442e+02            
2260      1.512860360181e+02            4.779888874099e+00            -1.943140393786e+00           1.511980210249e+02            
2270      1.564181028274e+02            -4.923099154581e+00           -5.492866474820e+00           1.562440859832e+02            
2280      1.511630221185e+02            3.587389990561e+00            3.620285135676e+00            1.510770777603e+02            
2290      1.666211662400e+02            1.267529056668e+01            1.031930623345e+01            1.658175562692e+02            
2300      1.599278137487e+02            1.052873961374e+01            -2.166615721504e+01           1.581032222446e+02            
2310      1.644811383304e+02            2.873382896004e+00            1.595542660423e+00            1.644482981999e+02            
2320      1.673687119654e+02            -1.200597495222e+01           6.812184096446e+00            1.667984905754e+02            
2330      1.684823454717e+02            2.363047421557e+00            6.261217313315e+00            1.683493804571e+02            
2340      1.465770002519e+02            -1.488912464685e+00           -1.053442160517e+01           1.461903762358e+02            
2350      1.602601228525e+02            5.890704829016e+00            -3.431261855811e+01           1.564328954568e+02            
2360      1.658765093500e+02            -2.681056705938e+01           -3.252478177394e+01           1.604317562662e+02            
2370      1.782436094174e+02            3.804234479265e+00            -1.361193352753e+01           1.776823777525e+02            
2380      1.649004771589e+02            -1.043261056808e+01           -1.883868704406e+01           1.634883233581e+02            
2390      1.606404691919e+02            1.550801921333e+01            -8.257012994710e+00           1.596768092701e+02            
2400      1.655303440243e+02            1.588343465171e+01            -6.413908498796e+00           1.646416504844e+02            
2410      1.613226292449e+02            -1.301963512103e+01           -1.107346402081e+00           1.607925794051e+02            
2420      1.704694655614e+02            9.737324962049e-01            3.462514780100e+00            1.704315156455e+02            
2430      1.539465318539e+02            -2.137263768534e+01           3.371930079696e+00            1.524184211825e+02            
2440      1.809462282997e+02            -1.327707112845e+01           -2.132719443506e+01           1.791937713640e+02            
2450      1.586171117351e+02            1.469548243936e+01            -3.524787315250e+01           1.539513506576e+02            
2460      1.520920121152e+02            8.680943493538e+00            -1.500381995554e+00           1.518366563883e+02            
2470      1.769336178950e+02            1.084378893788e+01            -2.383564517885e+01           1.749850833694e+02            
2480      1.729378914902e+02            -8.401609364447e+00           2.725119755365e+00            1.727121912185e+02            
2490      1.608834564772e+02            -1.771811480252e+01           -2.704581008280e+00           1.598819571355e+02            
2500      1.780595782406e+02            -4.714547226525e+00           -1.598197550769e+01           1.772782076470e+02            
2510      1.662651247424e+02            -7.919890465147e+00           4.620963118974e+00            1.660120891396e+02            
2520      1.657969463578e+02            6.505398015330e+00            9.771018302708e-01            1.656663891387e+02            
2530      1.757943636106e+02            -2.775496117228e+01           2.181994722631e+01            1.722126891684e+02            
2540      1.551438551259e+02            -2.228326911598e+01           4.384588920921e+00            1.534726264870e+02            
2550      1.752548843553e+02            -8.027182103126e+00           -2.161334728014e+01           1.737316956034e+02            
2560      1.636256809018e+02            -5.002913986010e+00           -1.057362658591e+01           1.632070241229e+02            
2570      1.651798385185e+02            -3.456452207637e+01           -1.824819297737e+01           1.604888666534e+02            
2580      1.774561178690e+02            -7.166241984887e+00           -5.089750184214e+00           1.772382949252e+02            
2590      1.521915839479e+02            -1.917998480293e+01           -3.064675019105e+01           1.478349860833e+02            
2600      1.616108981902e+02            -4.025839764362e+01           -4.296832078455e+00           1.564572819242e+02            
2610      1.617681483793e+02            -6.406662144944e+00           3.856803610326e+00            1.615952152018e+02            
2620      1.516453036633e+02            -8.616240042455e+00           -2.072432453305e+01           1.499752009611e+02            
2630      1.677457638307e+02            -1.726207778676e+01           -1.653552620954e+01           1.660338469307e+02            
2640      1.564592816348e+02            -9.684667589633e+00           -2.593954142402e+00           1.561377130141e+02            
2650      1.679226194650e+02            -2.504342085027e+01           -4.146421662092e+00           1.659928925813e+02            
2660      1.573439054407e+02            -5.298135432314e+00           -8.742536637636e-01           1.572522496526e+02            
2670      1.746866042642e+02            1.803867134209e+00            -9.504584380473e+00           1.744185157845e+02            
2680      1.740756859883e+02            6.261041871201e-01            -1.874340567229e+01           1.730625239318e+02            
2690      1.747955993212e+02            -1.266156506856e+01           -5.688009088767e+00           1.742436020767e+02            
2700      1.632674391853e+02            9.384363560344e+00            8.142900662352e+00            1.627939912512e+02            
2710      1.614304122840e+02            -6.742146298152e+00           2.896375010503e+00            1.612635497727e+02            
2720      1.581535317031e+02            -8.025283513872e+00           1.042598757967e+00            1.579463434288e+02            
2730      1.695305828773e+02            8.818589007804e-01            -7.214263959183e+00           1.693747184533e+02            
2740      1.661355594275e+02            1.270830775447e+01            -6.318274354570e+00           1.655282526624e+02            
2750      1.723267269179e+02            2.508905641301e+01            1.890302528621e+01            1.694394159975e+02            
2760      1.614742281542e+02            -5.580624283380e+00           -7.255295801105e+00           1.612145888977e+02            
2770      1.745307061348e+02            -4.422690769101e+01           -3.814542367255e+00           1.687909869826e+02            
2780      1.605338385066e+02            -9.540165490345e+00           -5.335754903414e+00           1.601612570745e+02            
2790      1.608964347050e+02            1.175328155984e+00            -8.225186372791e+00           1.606817588080e+02            
2800      1.699599165737e+02            -7.742123058763e+00           -1.908500644241e+00           1.697727610590e+02            
2810      1.642019914042e+02            -1.107876833472e+01           -1.070042741972e+01           1.634779976827e+02            
2820      1.504279544269e+02            -1.051855266354e+01           -9.320939483120e+00           1.497699890168e+02            
2830      1.687735102938e+02            -1.306153820506e+01           -1.478834465176e+01           1.676162249278e+02            
2840      1.672252572561e+02            8.492298301721e+00            -1.425905286375e+01           1.663996602922e+02            
2850      1.746038527635e+02            -1.885155140783e+01           1.889524235945e+01            1.725517146410e+02            
2860      1.606602759959e+02            -1.447685455298e+01           -1.108288381579e+01           1.596224127485e+02            
2870      1.958569449451e+02            -1.406029876904e+01           8.007668826407e+00            1.951874179391e+02            
2880      1.534987361728e+02            -7.718878665199e+00           9.918501246139e+00            1.529833463218e+02            
2890      1.748294912294e+02            -1.685346573802e+01           -1.892551386261e+00           1.740049710365e+02            
2900      1.611829736604e+02            8.109611211745e+00            -2.178175926738e+01           1.594984017701e+02            
2910      1.646574121702e+02            1.083532754289e+01            -1.646207200021e+01           1.634737264673e+02            
2920      1.616796014615e+02            -2.434917059186e+01           -1.868014808611e+01           1.587402390313e+02            
2930      1.776950778634e+02            -2.037913977998e+01           -2.813571200841e+01           1.742659262980e+02            
2940      1.544667787395e+02            2.008585384367e+01            -1.442504982798e+01           1.524744639177e+02            
2950      1.689652509147e+02            -8.959977676650e+00           1.370042424137e+01            1.681703695432e+02            
2960      1.707613805929e+02            3.856007218926e+00            8.495248778269e+00            1.705063372972e+02            
2970      1.758666157914e+02            2.035923684365e+01            9.360197580954e+00            1.744332385938e+02            
2980      1.660984121195e+02            -3.508590405844e+00           -1.077099660183e+01           1.657116710862e+02            
2990      1.984858378642e+02            9.125750520074e+00            -1.541870737179e+01           1.976755219370e+02            
3000      1.747376773691e+02            -1.205508404857e+01           3.647177654838e+00            1.742831860395e+02            
3010      1.631313210907e+02            2.556547774801e+00            1.549591459595e+00            1.631039262267e+02            
3020      1.552781459648e+02            1.097233539306e+01            -1.415038636175e+01           1.542422673463e+02            
3030      1.839985797059e+02            -1.364933750760e+01           1.048071814791e+00            1.834886221674e+02            
3040      1.571649100550e+02            -3.415280744309e+01           1.426428364837e+00            1.534026075348e+02            
3050      1.643929686705e+02            5.495329556621e+00            4.786109143045e+00            1.642313692954e+02            
3060      1.648728442679e+02            -1.176161864052e+01           -1.453435727905e+00           1.644463639870e+02            
3070      1.632546509639e+02            -8.193113811772e+00           -1.098099562160e+01           1.626787376475e+02            
3080      1.606045453774e+02            -1.694738808781e+01           -1.255973224134e+01           1.592132505758e+02            
3090      1.702447912205e+02            -1.862896072380e+01           -1.996229744483e+01           1.680409397759e+02            
3100      1.600427697179e+02            2.305365861536e+00            1.990692417892e+01            1.587831470810e+02            
3110      1.690479145618e+02            -2.331387973137e+01           -2.320117963948e+01           1.658172659674e+02            
3120      1.686373197444e+02            -2.462729781795e+01           -3.588144937457e+01           1.629250238716e+02            
3130      1.628159126636e+02            -1.106103481403e+01           -6.283116074671e+00           1.623181979253e+02            
3140      1.472266468874e+02            -2.427880576786e+01           1.768080928475e+01            1.441305454345e+02            
3150      1.592636418954e+02            -5.878295451309e-01           -2.024745781164e+01           1.579702583981e+02            
3160      1.704043150174e+02            -1.919471595086e+01           -1.111414255000e+00           1.693161487114e+02            
3170      1.711802859907e+02            5.116582816549e+00            -1.005694549218e+01           1.708079879266e+02            
3180      1.882743402487e+02            -2.924015200173e+01           -2.323221203482e+01           1.845332084774e+02            
3190      1.540548152004e+02            -5.681528763278e+00           -1.717573345053e+01           1.529888901123e+02            
3200      1.661393799810e+02            6.192862247151e+00            -1.291166391073e+01           1.655210892083e+02            
3210      1.606950761646e+02            -1.883465732200e+01           -3.957837734540e+00           1.595383925818e+02            
3220      1.646914419117e+02            8.232588514258e+00            -1.594857694949e+01           1.637105323997e+02            
3230      1.479209324092e+02            -8.700792370089e+00           -1.000787458099e+01           1.473252894221e+02            
3240      1.522497783091e+02            1.427265845289e+01            1.963160956580e+00            1.515665933342e+02            
3250      1.781309764800e+02            -1.857533922230e+01           -2.591112016435e+00           1.771408696293e+02            
3260      1.671237804553e+02            2.825877553635e+01            -5.500420752338e+00           1.646254687781e+02            
3270      1.576365969522e+02            -1.460598886037e+00           1.143228541877e+01            1.572147136869e+02            
3280      1.718001730445e+02            -7.914055158583e+00           9.441893437331e+00            1.713578648250e+02            
3290      1.761659781710e+02            -9.447210649874e+00           -1.180823593447e+01           1.755157190682e+02            
3300      1.668046757726e+02            -1.303859604548e-01           3.309626223577e+00            1.667717878820e+02            
3310      1.498278905370e+02            5.275411047899e+00            -2.537544018875e+01           1.475691494055e+02            
3320      1.742868805553e+02            -2.803941991292e+00           1.371611941485e+01            1.737236964585e+02            
3330      1.624974320792e+02            5.935714658851e+00            -1.144313862561e+00           1.623849539508e+02            
3340      1.701330889552e+02            -1.198180413061e+01           1.174362530445e+01            1.693038439963e+02            
3350      1.581555732213e+02            -7.251693752004e+00           -2.025545724972e+00           1.579762496174e+02            
3360      1.624921780359e+02            -4.086116043068e+00           3.047946175032e+00            1.624121965944e+02            
3370      1.580643829314e+02            -6.886949707769e+00           -1.006293650333e+01           1.575933259505e+02            
3380      1.726498814665e+02            9.207977151984e-01            3.030549162831e+00            1.726208257243e+02            
3390      1.930682835988e+02            -1.529085948232e+01           -1.900180373802e+01           1.915214954066e+02            
3400      1.609497857739e+02            -8.977849299781e+00           -9.642837587851e+00           1.604096239191e+02            
3410      1.511138550021e+02            1.378088792395e+01            -7.889366779213e+00           1.502772178124e+02            
3420      1.602183953420e+02            -8.337873596259e+00           -4.154421047739e+00           1.599473502613e+02            
3430      1.768755403233e+02            1.624607116698e+01            1.327355327855e+01            1.756269760591e+02            
3440      1.446586774694e+02            -1.200972178841e+01           7.378893030753e+00            1.439703146048e+02            
3450      1.516103115820e+02            -1.140015701592e+01           -3.709517692747e+00           1.511355764752e+02            
3460      1.577055525927e+02            1.426284397833e+01            -1.426502101522e+01           1.564101076518e+02            
3470      1.780403241134e+02            1.633322034742e+01            -1.465684702627e+01           1.766826526820e+02            
3480      1.715106608379e+02            -7.187758034710e+00           -9.980633046349e+00           1.710690792618e+02            
3490      1.490806034919e+02            2.001250835577e+01            7.803071193111e+00            1.475250416939e+02            
3500      1.723686451629e+02            1.933810895444e+01            -1.328827485735e+01           1.707641915879e+02            
3510      1.590534703578e+02            2.657512095823e+00            -8.867160127899e+00           1.587838705083e+02            
3520      1.565403553118e+02            5.253427580774e+00            -2.622343700581e+01           1.542388267960e+02            
3530      1.512385177794e+02            -1.124699844081e+01           1.670297657106e-01            1.508196485450e+02            
3540      1.487770064121e+02            3.475110486566e+00            1.009675832323e+01            1.483933176239e+02            
3550      1.482422325442e+02            1.213710643403e+01            -3.027116792716e+01           1.446101882629e+02            
3560      1.613774775914e+02            -2.393300108802e+01           7.549749206892e+00            1.594142497382e+02            
3570      1.861821549265e+02            -2.692475973030e+00           -3.119759029798e+00           1.861365425966e+02            
3580      1.647577409938e+02            -1.273116265077e+00           1.251426106047e+01            1.642768567464e+02            
3590      1.638393602737e+02            -1.709819186005e+01           2.073846392929e+01            1.616196272854e+02            
3600      1.481370127938e+02            -1.329180131319e+00           1.004543506101e+01            1.477900438936e+02            
3610      1.584472406277e+02            -2.048748041906e+01           1.062305439132e+01            1.567575896855e+02            
3620      1.579782837678e+02            -5.370658603959e+00           -1.634280205441e+01           1.570388709505e+02            
3630      1.615315501910e+02            1.318085216248e+01            9.845868976093e+00            1.606915234463e+02            
3640      1.714845614291e+02            -1.466817783646e-01           -9.853285254133e+00           1.712011859267e+02            
3650      1.645761500206e+02            5.793472872295e+00            -3.053010912912e+00           1.644458085572e+02            
3660      1.921389294275e+02            -1.517772255706e+01           -2.779256723859e+01           1.895114195658e+02            
3670      1.675007891200e+02            -3.614428969273e+01           1.533968272206e+00            1.635473986946e+02            
3680      1.612868958792e+02            9.435948238472e+00            -1.125705265501e+01           1.606166380818e+02            
3690      1.793443500553e+02            1.100705265419e+01            2.107386080740e+01            1.777614499246e+02            
3700      1.638836960384e+02            -2.494596177148e+01           -8.998268105284e+00           1.617238262892e+02            
3710      1.718350210261e+02            3.115603165054e+01            5.669865066764e+00            1.688917664451e+02            
3720      1.754506306937e+02            -1.748819651390e+01           -3.590752942927e+01           1.708441866842e+02            
3730      1.741313784442e+02            2.328880245468e+01            8.834017689832e+00            1.723407345075e+02            
3740      1.788054181782e+02            -3.880221689355e+01           1.744963586241e+01            1.736700196991e+02            
3750      1.584189178580e+02            9.150891388838e+00            3.088604516230e+00            1.581242399009e+02            
3760      1.646599335631e+02            1.293671136301e+00            -8.300650050640e+00           1.644454904968e+02            
3770      1.544729465954e+02            -2.204850276275e-01           7.108124539833e+00            1.543091610429e+02            
3780      1.838045391001e+02            7.712575525496e+00            -5.636932312033e+00           1.835561215724e+02            
3790      1.759522848703e+02            1.865732152573e+01            1.443211020206e+01            1.743640590824e+02            
3800      1.626375939661e+02            1.195493270913e+00            -1.413776442080e+01           1.620175341872e+02            
3810      1.569868378268e+02            -1.007105266837e+01           1.407573962770e+01            1.560298519609e+02            
3820      1.590845539092e+02            -2.173860407735e+01           1.243903405666e+00            1.575873760477e+02            
3830      1.573170434324e+02            -9.864272220827e+00           -8.091290782924e+00           1.567988498087e+02            
3840      1.472771111106e+02            -9.670723251786e+00           -8.857956703255e+00           1.466920624026e+02            
3850      1.797784983746e+02            -7.793576246188e+00           -1.545218099243e+01           1.789435630295e+02            
3860      1.712919198911e+02            1.074231457947e+01            6.237144648303e+00            1.708409275440e+02            
3870      1.605834292529e+02            -8.838135857121e+00           5.159581196455e+00            1.602569930676e+02            
3880      1.629578499361e+02            -1.476692559500e+01           6.279945728913e+00            1.621658442642e+02            
3890      1.480273736119e+02            -1.460509536105e+01           -2.359747471962e+01           1.454027293925e+02            
3900      1.695476429510e+02            9.847647867612e-01            -1.993540235931e+01           1.683686823650e+02            
3910      1.514672649281e+02            1.283303002558e+01            9.422440410845e-01            1.509197066699e+02            
3920      1.777378974566e+02            -2.052282652692e+01           2.215011863720e+00            1.765351735663e+02            
3930      1.826629495912e+02            1.358496177849e+00            1.548879734598e+01            1.820000131821e+02            
3940      1.701099184248e+02            -1.097555716984e+01           -2.937793145103e-01           1.697552213778e+02            
3950      1.638078660357e+02            -6.810052235162e+00           -7.538756499698e+00           1.634925298420e+02            
3960      1.696594655438e+02            -1.657891846653e+01           -2.698174915289e+01           1.666777097387e+02            
3970      1.744323161736e+02            -9.935266304392e+00           -1.426201063948e+01           1.735641623772e+02            
3980      1.727774142099e+02            1.580529773999e+01            1.976296973823e+01            1.709141669129e+02            
3990      1.557599728281e+02            -2.436721315055e+01           1.538183814986e+01            1.530712484885e+02            
4000      1.722518927135e+02            -3.911330412363e+00           -1.972557565389e+01           1.710740123540e+02            
4010      1.680771121048e+02            2.973770817198e+01            2.454625731395e+01            1.635942100994e+02            
4020      1.662315708552e+02            -3.456425088160e+01           -9.727735270468e+00           1.623071744456e+02            
4030      1.624563987422e+02            3.334355617704e+00            3.281078226249e+00            1.623890331598e+02            
4040      1.721686253475e+02            3.003956102378e+00            -6.653403164970e+00           1.720137902265e+02            
4050      1.445862072424e+02            -9.466768712430e+00           1.550149588585e+01            1.434407725864e+02            
4060      1.865983606190e+02            -1.652116950248e+00           -4.258566489174e+00           1.865424437138e+02            
4070      1.626994357382e+02            -9.965865314226e+00           -2.419857121491e+01           1.605808739210e+02            
4080      1.662893671238e+02            -1.164535710481e+01           -5.522849205425e+00           1.657891353889e+02            
4090      1.884828947325e+02            -1.670584923287e+00           1.628457823834e+00            1.884684559227e+02            
4100      1.619921324156e+02            6.386746252322e+00            1.716698206380e+01            1.609532701242e+02            
4110      1.738904931633e+02            -3.595127794006e+00           -1.543529493963e+01           1.731667703078e+02            
4120      1.482516060053e+02            -8.690052119500e-01           -6.140454894501e+00           1.481218360904e+02            
4130      1.784336360297e+02            6.912864590376e+00            -1.171684454586e+01           1.779142780213e+02            
4140      1.592654366411e+02            1.874767838704e+01            -2.246865673436e+01           1.565540268665e+02            
4150      1.777311835073e+02            -2.676009941332e+01           -2.149568022737e+00           1.756919179348e+02            
4160      1.736694951398e+02            6.435176962063e+00            -2.953499363552e+00           1.735250958251e+02            
4170      1.550770224030e+02            7.066170920755e+00            3.362230018405e+00            1.548794612439e+02            
4180      1.774089226068e+02            1.158237128786e+01            -1.007297268756e+01           1.767436270905e+02            
4190      1.535369361730e+02            -2.072520628447e+01           8.300910120819e+00            1.519050739278e+02            
4200      1.837374062579e+02            1.222699872222e+01            2.225096578747e+00            1.833166220119e+02            
4210      1.807441439955e+02            -4.064151902400e+00           -9.185326443910e+00           1.804648387806e+02            
4220      1.774004283404e+02            1.158062954085e+01            1.465999517163e+01            1.764139607184e+02            
4230      1.707493514068e+02            7.173543796813e+00            -2.867719109985e+00           1.705744924141e+02            
4240      1.505672709220e+02            -1.791619993108e+01           1.383235806706e+01            1.488562350835e+02            
4250      1.548147163712e+02            -9.144005156524e+00           1.186149787167e+01            1.540885733695e+02            
4260      1.677247845671e+02            -8.353719524074e+00           1.828502256606e+01            1.665156949899e+02            
4270      1.633551986105e+02            -1.139751359629e+01           7.305368533089e+00            1.627932713213e+02            
4280      1.583468355679e+02            1.563654257104e+01            9.193917975191e-02            1.575728733570e+02            
4290      1.738813783176e+02            6.323454765804e+00            -2.021633197368e+01           1.725863481478e+02            
4300      1.604569931004e+02            -6.173329357190e-01           -7.892786750238e+00           1.602615657361e+02            
4310      1.503000810523e+02            2.262194446946e+01            -3.070633582887e+00           1.485561617778e+02            
4320      1.738164884692e+02            -8.880448966924e-01           -4.047204961075e+00           1.737670946181e+02            
4330      1.434260835409e+02            -2.252894918020e+00           -1.103634164420e+00           1.434041418370e+02            
4340      1.625295194575e+02            -3.106388188855e+00           1.053925466867e+01            1.621576984252e+02            
4350      1.714084363117e+02            -6.680756274199e+00           -1.068863949142e+00           1.712748582375e+02            
4360      1.752940224769e+02            -3.843004767798e+01           -2.288789797138e+01           1.694912088518e+02            
4370      1.603287081173e+02            5.649292272657e+00            3.854025093211e+00            1.601827913166e+02            
4380      1.552328801017e+02            2.134384058631e+00            -5.480584372750e+00           1.551214191022e+02            
4390      1.733735620871e+02            8.532872338995e+00            -2.350248895690e+01           1.715611119492e+02            
4400      1.567252825286e+02            -2.772712359323e+00           -1.291054241510e+01           1.561679997451e+02            
4410      1.782047550375e+02            -4.555404240849e+00           1.029283522904e+01            1.778489262074e+02            
4420      1.510372207950e+02            1.108794511582e+01            -1.094200948494e+01           1.502317275645e+02            
4430      1.747015346753e+02            8.682273472540e+00            2.018339543034e+01            1.733143816715e+02            
4440      1.492129903950e+02            -2.646528185724e+00           -7.227189757027e+00           1.490143621246e+02            
4450      1.833158875878e+02            8.717510477331e-01            -1.294429896709e+01           1.828562271744e+02            
4460      1.738138807492e+02            -3.354282029374e+00           3.462189753265e+00            1.737470206228e+02            
4470      1.658098024078e+02            -1.271399872729e+01           -3.078028513464e+01           1.624309664378e+02            
4480      1.658814693912e+02            -2.228454471294e+01           1.066298774093e+01            1.640315873445e+02            
4490      1.727464717218e+02            3.928602795264e+00            1.823556002166e+01            1.717363500343e+02            
4500      1.673115861165e+02            2.586540076386e+01            -2.081641616676e+01           1.639842209180e+02            
4510      1.813884321921e+02            4.091375605168e+00            -1.494938251287e+01           1.807250396079e+02            
4520      1.442323213590e+02            -7.269799974239e+00           3.998223047149e+00            1.439934954968e+02            
4530      1.779451464019e+02            -4.278402711404e+00           1.986778962881e+01            1.767807719564e+02            
4540      1.802663498305e+02            1.005380717046e+01            5.774615753187e+00            1.798931117511e+02            
4550      1.767079187280e+02            -1.295948469307e+01           1.996928430670e+00            1.762207495573e+02            
4560      1.654826901860e+02            4.094964501417e+00            -2.480360370437e+01           1.635620165571e+02            
4570      1.824651352637e+02            -1.802850612424e+01           -1.556915781601e+00           1.815656205535e+02            
4580      1.851676516528e+02            -4.932565129356e-01           -1.387491776444e+01           1.846464258351e+02            
4590      1.564466672519e+02            2.705414427266e+01            -4.649816453195e+00           1.540195188243e+02            
4600      1.622225275038e+02            -4.998198838194e+00           -9.674079271244e+00           1.618566607475e+02            
4610      1.612441387990e+02            -1.957419484815e+01           -2.324846688591e-01           1.600514578001e+02            
4620      1.766156691029e+02            4.044430969355e+00            7.896967663032e+00            1.763926728992e+02            
4630      1.838212569471e+02            -2.439910108433e+00           -4.154849441893e+00           1.837580979723e+02            
4640      1.842184429145e+02            1.107482202328e+01            -2.520454246769e+01           1.821497023495e+02            
4650      1.807669788850e+02            2.819073218560e+00            -1.395286571793e+01           1.802056353715e+02            
4660      1.710879116497e+02            -1.704148329780e+01           -1.392523070631e+01           1.696665827718e+02            
4670      1.770021855147e+02            1.841030964623e+01            -2.569982289297e+00           1.760233773302e+02            
4680      1.860952074421e+02            6.528879802662e+00            -6.489143064949e+00           1.858674016166e+02            
4690      1.677318358741e+02            -2.629143340628e+01           4.942416087004e+00            1.655847270081e+02            
4700      1.509150072640e+02            4.033562967269e+00            -1.223638785897e+01           1.503640269461e+02            
4710      1.607436052738e+02            -1.586937941126e+01           -1.735988325367e+01           1.590135336597e+02            
4720      1.670791199226e+02            2.154926310421e+01            -2.574964253493e+01           1.636704539099e+02            
4730      1.801316546068e+02            1.961424600417e+00            -3.595025091921e+00           1.800850954396e+02            
4740      1.650459572359e+02            -3.048994467952e+00           -1.625141587519e+01           1.642155994865e+02            
4750      1.478955036828e+02            1.726917364991e+01            5.461696086893e+00            1.467822384586e+02            
4760      1.698168701513e+02            -1.794912540737e+01           -1.266586648314e+01           1.683899465863e+02            
4770      1.534547069950e+02            -1.886495133646e+01           -1.551952948013e+01           1.514978709907e+02            
4780      1.573564188890e+02            5.400846038472e+00            -7.359750364316e+00           1.570913985621e+02            
4790      1.678728319479e+02            -3.064729869113e+01           -1.333884079044e+00           1.650462103243e+02            
4800      1.329497456245e+02            1.414695705228e+01            -7.769030741474e+00           1.319664375101e+02            
4810      1.574348755294e+02            -6.798092556529e+00           -2.515088306899e+01           1.552641589402e+02            
4820      1.650850923682e+02            2.636935890735e+01            5.534558858048e-01            1.629645308637e+02            
4830      1.633927398136e+02            -1.259425747646e+01           -7.732884602754e+00           1.627229995979e+02            
4840      1.475587118788e+02            -1.405922356896e+01           -1.354318083955e+01           1.462617309371e+02            
4850      1.649680350487e+02            -2.184247458119e+01           -1.607095738376e+01           1.627239479019e+02            
4860      1.783142231801e+02            -2.200741598388e+01           -4.228362000827e+00           1.769004148803e+02            
4870      1.538404515423e+02            1.630552585065e+01            -2.707457734757e+01           1.505588975083e+02            
4880      1.762212054972e+02            -5.501428619056e+00           -5.397693225455e+00           1.760525843545e+02            
4890      1.674389510548e+02            -1.351461509538e+01           -1.895374678301e+01           1.658128854825e+02            
4900      1.666470737210e+02            -4.232283490465e+00           -2.633707811513e+01           1.644983078107e+02            
4910      1.574530873244e+02            2.862356476967e+01            1.635063574347e+01            1.539637066280e+02            
4920      1.732154721891e+02            3.488697607941e+00            -6.342602074660e+00           1.730641505154e+02            
4930      1.642725043225e+02            5.294732264387e+00            5.443792473116e-01            1.641862513668e+02            
4940      1.529914348602e+02            4.255707711780e+00            -8.475952079670e+00           1.526971719738e+02            
4950      1.797179269180e+02            -1.919038187164e+01           1.703693451155e+01            1.778763766265e+02            
4960      1.592230024415e+02            -1.421850980087e+01           1.019424160277e+01            1.582588889247e+02            
4970      1.667569106108e+02            -4.024394482015e+00           -1.596132622033e+01           1.659424826583e+02            
4980      1.672762427537e+02            -5.804053873659e+00           -3.775966533164e+00           1.671328705706e+02            
4990      1.795685265459e+02            2.745776061709e-01            1.946562789162e+00            1.795577657087e+02            
5000      1.577007477467e+02            2.884043346442e+00            -8.214972068406e+00           1.574602247165e+02            
