@    title "Magnitude of Electric Field"
@    xaxis  label "Residues"
@    yaxis  label "MV/cm"
#time  EField_Magnitude
@type xydy
21        3.179370840513e-01            3.491628858959e-02            
22        2.463464993359e+00            2.237680092610e-02            
23        4.547341233826e+00            3.935549704164e-02            
24        1.111204515613e-01            7.401717671011e-03            
25        4.493991764696e-02            1.213384765868e-02            
26        6.916784628668e-02            7.445907194644e-03            
27        1.061276209213e-01            1.115223600943e-02            
28        1.736521323382e-01            1.396903007371e-02            
29        1.179616839875e-01            9.600606572442e-03            
30        4.345641801250e-02            1.315099129646e-02            
31        3.408742250974e-01            1.630279515063e-02            
32        1.411198137058e-01            1.247046083241e-02            
33        1.914956062534e-02            8.741459050909e-03            
34        1.547309574356e-01            3.989284569745e-02            
35        1.050453024269e-01            1.978389656669e-02            
36        4.940588872500e-02            1.086278858469e-02            
37        2.773271361138e-01            8.088059325052e-02            
38        5.134024022165e-01            1.812800627728e-02            
39        2.469994968183e-01            2.243121809444e-02            
40        2.737028006080e-01            8.437835993347e-03            
41        5.158675169471e-01            1.557609362382e-02            
42        3.310132877050e-01            5.527594530156e-02            
43        4.263464882761e-01            1.960761966310e-02            
44        4.811052536315e-01            1.705481141424e-02            
45        5.105292480139e-01            1.266117527435e-02            
46        3.518491891506e+00            1.223514276701e-01            
47        4.430853231401e-01            3.416436675717e-02            
48        1.106763502574e-01            3.099454556052e-02            
49        2.969465048957e+00            7.744021311383e-02            
50        4.015269051286e-01            9.325467637638e-03            
51        7.159633277490e-01            1.771770363219e-02            
52        1.732199918525e+00            9.384926102170e-02            
53        8.698520159568e-01            2.438782468677e-02            
54        9.565667200633e-01            2.423339247812e-02            
55        3.255377205992e+00            2.142994279417e-01            
56        1.687975253272e+00            9.125333088339e-02            
57        1.192537861448e+00            7.477758719097e-02            
58        1.130663222471e+00            5.274510984576e-02            
59        2.304264926120e+00            2.068046402888e-01            
60        3.210055499046e+00            2.076335891997e-01            
61        4.623308905647e-01            8.170358723240e-02            
62        1.347861543011e+00            1.297988256268e-01            
63        2.923056356577e+00            2.760875997453e-01            
64        1.062073543705e+01            3.308057629202e-01            
65        3.408188167533e+01            1.537823365857e+00            
66        9.909087820767e+01            1.120348241822e+01            
67        8.318479926409e+00            2.652859669737e+00            
68        2.398084641528e+00            9.574132602070e-01            
69        2.145613621196e+00            2.574832923392e-01            
70        7.107246777030e+00            5.447897842621e-01            
71        1.379162904351e+00            1.134642773567e-01            
72        1.560835704810e+00            4.044502266518e-01            
73        5.702917917936e-01            3.145831305860e-02            
74        1.363173502133e+00            9.008501322082e-02            
75        5.496161297737e-01            1.104916531771e-02            
76        9.234394308284e-01            1.725391364819e-02            
77        4.451669387549e+00            1.225539191464e-01            
78        6.322485470303e-01            1.830644550661e-02            
79        4.862673981432e-01            2.233222940152e-02            
80        7.807891333964e-01            6.028493953013e-02            
81        6.867042102244e-01            2.926171149999e-02            
82        4.028959481236e-01            2.922918610397e-02            
83        2.786388914229e-01            4.117188275081e-02            
84        3.711590099948e-01            5.011668303113e-02            
85        3.018274450470e-01            3.677546732149e-02            
86        3.612110228967e-02            1.599692406571e-02            
87        3.036571374939e-01            3.585240248893e-02            
88        3.351132202860e-01            3.915961581706e-02            
89        1.309644072739e-01            2.883083438143e-02            
90        6.280035083868e-02            2.106287533959e-02            
91        4.562225518647e-01            2.814271716216e-02            
92        4.448177657484e-01            2.619768467734e-02            
93        6.604296611566e-02            1.523040897921e-02            
94        2.864873901913e-01            1.434702757937e-02            
95        4.923279164256e-01            1.959267616160e-02            
96        5.338238293629e-01            3.115909901867e-02            
97        5.333824667837e+00            6.836472377186e-02            
98        3.222111111313e-01            1.018120185511e-02            
99        3.210076177899e-01            9.551492303539e-03            
100       1.704587445719e-01            7.020987552352e-03            
101       3.134826291972e-02            1.275864897114e-02            
102       1.971408961614e-01            4.870856217768e-03            
103       1.038911588843e-01            4.005329735900e-02            
104       1.339263229540e-01            6.943287894083e-03            
105       8.569172261352e-02            4.651488807344e-03            
106       2.006489409703e-01            2.376375923031e-02            
107       1.636970299161e-01            5.300473583479e-03            
108       9.025149537950e-02            4.490955664358e-03            
109       9.103535305259e-02            1.175308757972e-02            
110       2.158721563723e-01            2.571608767186e-02            
111       7.877716979041e-02            5.391648640231e-03            
112       2.314194275277e-02            4.157724751217e-03            
113       1.852148456469e+00            7.762857973156e-03            
