@    title "Magnitude of Electric Field"
@    xaxis  label "Residues"
@    yaxis  label "MV/cm"
#time     EField_per_residue            Std.Deviation         EField_residue_alignement   Std.Deviation
@type xydy
21        1.776758774135e+00            5.673093906072e-01            0.102590            0.092615                      
22        7.494610290624e-01            1.274367212010e-01            0.067353            0.030354                      
23        6.660798861136e+00            7.114016840760e-01            0.664258            0.270583                      
24        1.973510914333e-01            2.748855960352e-02            0.019818            0.008128                      
25        1.960944148628e-01            6.393161666405e-02            0.010140            0.007695                      
26        4.219002449970e-02            1.567103385485e-02            0.003457            0.002238                      
27        1.778127892601e-01            2.710413343062e-02            0.017818            0.008201                      
28        1.223860872565e-01            1.868114930174e-02            0.012476            0.005026                      
29        6.699340712606e-02            1.185235332257e-02            0.006696            0.002749                      
30        1.514254096942e-01            1.975550573210e-02            0.015505            0.006416                      
31        1.521347755104e-01            2.670263811027e-02            0.015043            0.006896                      
32        3.409849538782e-02            1.059224091623e-02            0.003336            0.001780                      
33        7.142083015146e-02            9.747190422634e-03            0.007300            0.002874                      
34        1.450162965911e-01            2.532044772517e-02            0.014808            0.006286                      
35        1.048513627703e-01            9.992532367165e-03            0.010818            0.004208                      
36        3.815991439351e-02            6.560514233361e-03            0.003831            0.001624                      
37        1.587484979706e-01            2.407934436322e-02            0.016475            0.006913                      
38        1.732673504345e-01            6.295394991188e-03            0.017863            0.006585                      
39        6.451944776919e-02            7.666896071635e-03            0.006593            0.002472                      
40        5.561474350767e-02            4.438018933931e-03            0.005733            0.002236                      
41        1.220622081022e-01            5.234767269191e-03            0.012636            0.004739                      
42        2.960248952049e-02            8.736114402587e-03            0.002935            0.001489                      
43        1.140647536581e-01            5.518439133790e-03            0.011745            0.004493                      
44        1.102847181132e-01            5.478178826998e-03            0.011245            0.004179                      
45        8.408688374057e-02            4.470450588731e-03            0.008660            0.003238                      
46        3.180469888916e+00            2.311948608269e-02            0.329279            0.122638                      
47        2.034981465041e-02            4.819157671732e-03            0.002047            0.000950                      
48        8.250276364183e-02            4.955091541518e-03            0.008542            0.003241                      
49        2.645293879655e+00            1.234958658667e-02            0.273818            0.101974                      
50        1.408426260761e-01            2.601548731356e-03            0.014582            0.005459                      
51        1.477870920878e-01            2.738513732010e-03            0.015330            0.005704                      
52        3.304026345681e+00            1.591979203337e-02            0.341974            0.127286                      
53        1.781112974226e-01            3.716580831422e-03            0.018468            0.006852                      
54        2.169194286659e-01            4.043595341157e-03            0.022486            0.008345                      
55        3.053311717608e-01            9.176202006336e-03            0.031634            0.011753                      
56        2.557890977469e-01            7.191258843861e-03            0.026525            0.009872                      
57        2.484566260965e-01            1.040070112523e-02            0.025777            0.009732                      
58        3.589290252839e-01            7.361737324757e-03            0.037180            0.013825                      
59        3.537918292100e-01            1.308659573827e-02            0.036680            0.013630                      
60        2.987000842600e-01            1.782436096466e-02            0.030919            0.011750                      
61        5.255510457104e-01            1.408241006968e-02            0.054677            0.020004                      
62        2.534651440329e-01            4.135112921604e-02            0.026238            0.010312                      
63        3.630575851542e-01            4.426658691514e-02            0.037647            0.014984                      
64        2.088836428375e-02            1.106809278182e-02            0.001803            0.001638                      
65        2.288394324376e-02            1.026064782700e-02            0.002242            0.001667                      
66        1.702111898742e-02            9.192667668770e-03            0.001486            0.001281                      
67        9.101165272215e-02            6.575029514699e-03            0.009395            0.003565                      
68        4.239881455862e+00            3.000466895861e-02            0.439114            0.163324                      
69        1.090779690075e-01            4.405526057958e-03            0.011311            0.004253                      
70        1.940746867044e-01            1.367535136841e-02            0.020141            0.007801                      
71        1.973115562792e-02            6.087380958779e-03            0.001906            0.001005                      
72        1.054697750942e-01            1.972584962256e-02            0.010755            0.004683                      
73        1.140098357235e-01            8.670159968522e-03            0.011659            0.004144                      
74        2.871781712867e+00            2.353167747754e-02            0.297415            0.110978                      
75        1.277203116781e-01            4.364867752460e-03            0.013217            0.004932                      
76        1.319816599333e-01            3.233526264589e-03            0.013630            0.005084                      
77        3.166997604566e+00            2.240696983867e-02            0.327794            0.122012                      
78        1.861577850351e-01            6.315071272065e-03            0.019254            0.007186                      
79        1.951290601892e-01            6.560906566950e-03            0.020192            0.007561                      
80        2.492985748106e-01            8.652164779136e-03            0.025827            0.009676                      
81        3.166816009256e-01            6.900093317110e-03            0.032786            0.012200                      
82        3.129316066284e-01            1.273053262800e-02            0.032378            0.012191                      
83        3.744812176922e-01            1.911856141237e-02            0.038821            0.014623                      
84        3.885831544661e-01            1.740951759619e-02            0.040334            0.015267                      
85        4.853092423136e-01            2.469713111647e-02            0.050487            0.019386                      
86        4.339076645527e-01            5.094511677161e-02            0.045298            0.019866                      
87        3.180045564365e-01            2.859246048640e-02            0.033146            0.013682                      
88        4.562836178345e-01            5.244907653355e-02            0.046838            0.018908                      
89        7.232937603108e-01            7.276307823410e-02            0.073425            0.030917                      
90        6.192145344024e-01            4.982519528231e-02            0.063634            0.024773                      
91        2.160113677365e-01            3.781977994827e-02            0.022158            0.009919                      
92        4.225914544200e-01            1.170243590020e-01            0.043519            0.021128                      
93        4.779719543713e-01            8.141172205250e-02            0.049138            0.020909                      
94        2.690845087779e-01            4.329644380912e-02            0.026693            0.011913                      
95        3.938361600883e-01            6.007346879333e-02            0.040919            0.016440                      
96        2.462388795640e+00            8.928473303135e-01            0.182524            0.112220                      
97        1.369806247527e+01            1.001103676597e+00            1.327725            0.615887                      
98        5.098003352804e-01            3.517245984635e-02            0.053129            0.020388                      
99        1.304525301469e+00            6.478081019929e-02            0.135172            0.051968                      
100       1.414974567321e+00            8.266817502564e-02            0.143726            0.056063                      
101       6.046696788510e-01            2.023851669842e-01            0.034133            0.027175                      
102       5.549486817187e-01            1.777944267121e-02            0.057361            0.021143                      
103       3.534268858318e-01            1.795112139308e-01            0.024811            0.026411                      
104       6.567894623124e-01            3.266007461037e-02            0.067138            0.026623                      
105       2.561386043955e-01            2.260793472206e-02            0.025769            0.011012                      
106       4.956538751729e-01            3.668389894841e-02            0.051406            0.021531                      
107       3.836832424653e-01            1.327872048541e-02            0.038851            0.014937                      
108       2.101230564393e-01            1.972542382468e-02            0.020825            0.008732                      
109       1.829077875257e-01            3.547776555828e-02            0.013524            0.007015                      
110       1.839029120542e-01            5.507105240017e-02            0.007521            0.008368                      
111       1.372697963813e-01            1.913078648040e-02            0.012857            0.005532                      
112       4.483403920939e-01            7.589119789924e-02            0.037312            0.017157                      
1         7.881459252950e-02            2.442013342651e-02            0.006385            0.003519                      
2         8.731359958039e-02            1.847607092347e-02            0.008307            0.005350                      
3         5.906851864208e-02            1.223921149520e-02            0.003926            0.002678                      
4         8.722350984022e-02            2.382124880889e-02            0.006622            0.003892                      
5         6.776312076483e-02            1.585356608411e-02            0.006279            0.004305                      
6         7.798883633349e-02            1.658651034659e-02            0.005271            0.003252                      
7         6.757777523066e-02            7.294410016424e-03            0.004809            0.002842                      
8         6.929844276659e-02            1.859223134211e-02            0.006321            0.003853                      
9         7.277050314236e-02            1.661356955159e-02            0.005352            0.002964                      
10        6.956026302460e-02            1.114502141947e-02            0.005009            0.003809                      
11        9.977789758116e-02            1.712169921187e-02            0.007591            0.004916                      
12        8.616661263681e-02            2.178653955281e-02            0.003730            0.003850                      
13        8.477342162486e-02            2.673274979155e-02            0.007178            0.005075                      
14        7.326483267689e-02            2.216992956791e-02            0.006356            0.005300                      
15        7.623767200231e-02            1.775643168273e-02            0.004495            0.003048                      
16        8.509239619510e-02            3.001911971241e-02            0.005637            0.003110                      
17        9.025435668566e-02            1.669769322392e-02            0.008418            0.004021                      
18        5.638334206279e-02            1.416132321742e-02            0.005067            0.002853                      
19        5.964469609535e-02            9.190062149874e-03            0.005287            0.002273                      
20        6.697016022493e-02            1.537115234251e-02            0.005840            0.004156                      
21        6.174526425426e-02            1.527208184968e-02            0.005374            0.003820                      
22        6.761264442237e-02            1.413064677761e-02            0.005809            0.003758                      
23        6.481810272928e-02            1.548152952247e-02            0.004387            0.003254                      
24        6.542392185835e-02            1.198778244003e-02            0.003457            0.003043                      
25        5.367978217470e-02            1.167057895712e-02            0.003843            0.003410                      
26        5.904408238109e-02            1.279109463480e-02            0.003548            0.002670                      
27        7.122701975110e-02            1.178795560050e-02            0.004737            0.003518                      
28        6.392449423473e-02            1.323398956347e-02            0.004287            0.003220                      
29        5.080539058254e-02            1.236825436876e-02            0.002828            0.002423                      
30        6.260670742491e-02            1.412210926674e-02            0.004166            0.003086                      
31        5.615557388468e-02            1.761970689227e-02            0.003301            0.002865                      
32        5.108469698793e-02            8.582539643369e-03            0.003167            0.002374                      
33        4.911504294994e-02            1.041897982811e-02            0.004181            0.002864                      
34        5.786805296936e-02            1.293124063204e-02            0.003835            0.002358                      
35        5.672964402543e-02            1.464884814292e-02            0.004024            0.003808                      
36        6.058296227461e-02            1.404726896119e-02            0.003908            0.002613                      
37        4.708010672420e-02            6.590413247887e-03            0.002660            0.002148                      
38        5.206679686546e-02            8.666078222431e-03            0.002716            0.002379                      
39        4.899568892645e-02            9.855150303975e-03            0.003809            0.002741                      
40        5.122386316311e-02            1.402890641179e-02            0.003394            0.001841                      
41        5.862321098602e-02            1.354739564902e-02            0.004781            0.004009                      
42        6.376970169633e-02            1.645792546792e-02            0.002607            0.002167                      
43        4.346280781559e-02            1.169166486943e-02            0.003136            0.002201                      
44        5.384844389392e-02            1.390125463847e-02            0.002707            0.002119                      
45        3.419805518297e-02            9.058857386181e-03            0.002992            0.001998                      
46        4.338407121033e-02            7.935469981217e-03            0.002702            0.001593                      
47        3.921299696635e-02            9.780711374095e-03            0.002934            0.002279                      
48        5.076185301210e-02            1.547948376425e-02            0.003914            0.002379                      
49        3.967268843877e-02            1.014813522096e-02            0.002263            0.001784                      
50        4.301128132433e-02            8.515745109252e-03            0.002837            0.001947                      
51        3.314143880352e-02            7.516231231242e-03            0.002671            0.001727                      
52        3.294136250967e-02            9.170417441971e-03            0.002196            0.001356                      
53        5.035708844972e-02            1.125553324165e-02            0.003413            0.002558                      
54        4.243926809360e-02            1.015758487655e-02            0.002628            0.002352                      
55        4.237642124944e-02            8.094728668115e-03            0.002378            0.001964                      
56        5.133437300075e-02            1.294603718996e-02            0.003565            0.002534                      
57        4.694411632212e-02            1.341767772288e-02            0.003286            0.002619                      
58        4.967210648752e-02            1.333017310732e-02            0.003937            0.002157                      
59        4.554383007674e-02            9.214622259888e-03            0.003108            0.001934                      
60        6.347255708509e-02            1.369568122427e-02            0.004054            0.002469                      
61        5.275326034055e-02            9.894236479855e-03            0.003323            0.002146                      
62        4.759955998604e-02            8.982669278279e-03            0.003271            0.002476                      
63        3.617937179297e-02            7.396032823012e-03            0.002897            0.001931                      
64        3.156389835538e-02            6.220942876148e-03            0.001893            0.001791                      
65        4.191170105086e-02            9.939848562775e-03            0.002917            0.002096                      
66        4.548053064934e-02            8.580742946700e-03            0.001817            0.001784                      
67        3.967175422501e-02            1.006366200150e-02            0.003402            0.002115                      
68        4.655459805952e-02            1.114815847837e-02            0.004539            0.002635                      
69        3.847830076025e-02            8.499852054042e-03            0.002440            0.001894                      
70        4.197921020161e-02            1.260652349471e-02            0.002961            0.001938                      
71        2.791391482297e-02            6.235497688361e-03            0.001699            0.001200                      
72        4.156841164103e-02            9.702141462693e-03            0.002455            0.001953                      
73        4.422410137554e-02            8.343709191784e-03            0.004406            0.001875                      
74        4.006244757415e-02            1.071951310421e-02            0.002867            0.002025                      
75        3.552818910098e-02            9.739932906484e-03            0.001945            0.001598                      
76        3.862597711307e-02            8.412911083949e-03            0.002036            0.001916                      
77        2.880513216729e-02            5.795329686383e-03            0.001454            0.001129                      
78        3.687009486685e-02            8.489037741657e-03            0.002882            0.002560                      
79        4.304669484125e-02            1.356596593584e-02            0.003688            0.001962                      
80        3.588204122829e-02            7.666377657270e-03            0.002646            0.001521                      
81        2.971532716053e-02            7.241898755269e-03            0.002104            0.001630                      
82        3.267426662268e-02            6.089707124634e-03            0.001443            0.001218                      
83        3.546997152256e-02            1.039625467596e-02            0.002150            0.002052                      
84        4.279436649707e-02            1.186212249584e-02            0.003895            0.002206                      
85        3.093399456576e-02            8.138680869154e-03            0.002814            0.001982                      
86        2.860335680408e-02            7.107601846548e-03            0.001804            0.001427                      
87        3.828155974160e-02            1.007635892735e-02            0.001682            0.001592                      
88        3.595361002103e-02            6.413926426212e-03            0.003228            0.001671                      
89        2.881287526564e-02            7.284284432309e-03            0.001734            0.001215                      
90        2.992884751125e-02            7.711625075399e-03            0.001907            0.001274                      
91        2.776092461953e-02            6.666877077900e-03            0.001619            0.001152                      
92        3.369524239074e-02            7.358724627680e-03            0.002718            0.002007                      
93        2.921697598921e-02            7.733829710096e-03            0.002244            0.001845                      
94        2.478900164968e-02            4.871702226901e-03            0.001672            0.001336                      
95        3.013895241135e-02            6.497260353083e-03            0.003053            0.001468                      
96        2.539865301964e-02            5.960983689128e-03            0.001534            0.001042                      
97        2.076374751230e-02            3.261469938100e-03            0.001279            0.001040                      
98        2.546671083425e-02            4.641828466603e-03            0.001230            0.000787                      
99        2.197865345678e-02            5.333095323393e-03            0.001317            0.001012                      
100       2.782790972303e-02            4.886557266866e-03            0.002287            0.001122                      
101       5.382326987548e-01            1.450133199671e-01            0.021878            0.017395                      
102       2.531204071512e-01            5.068556605078e-02            0.011921            0.008748                      
103       3.728594369327e-01            7.888506115148e-02            0.021204            0.014722                      
104       5.869503209344e-01            1.336283281717e-01            0.030452            0.018578                      
105       6.510434279336e-01            3.525126389244e-01            0.031989            0.019673                      
106       6.188956211033e-01            9.701642900988e-02            0.022007            0.017085                      
107       2.746670863958e-01            1.081347629996e-01            0.010596            0.010808                      
108       3.637430753542e-01            6.687658069619e-02            0.021831            0.014682                      
109       7.225003774896e-01            1.590910347260e-01            0.053549            0.029047                      
110       4.822076473850e-01            1.071799696249e-01            0.025032            0.014771                      
111       5.647627237410e-01            1.349057859194e-01            0.026280            0.021141                      
112       2.114397653484e-01            3.406151025170e-02            0.010375            0.009492                      
113       4.057850874133e-01            9.175250304994e-02            0.026088            0.020121                      
114       1.965290041691e-01            3.663760594374e-02            0.015243            0.007566                      
115       2.813400683496e-01            7.118957646719e-02            0.018913            0.010729                      
116       4.962368192300e-01            1.714537219236e-01            0.019169            0.020049                      
117       4.028889948631e-01            9.226142654585e-02            0.019191            0.012198                      
118       4.013689850977e-01            4.509933900778e-02            0.013905            0.012654                      
119       3.017050366994e-01            7.268593663551e-02            0.016919            0.009479                      
120       2.753995489441e-01            6.446509815647e-02            0.013503            0.010401                      
121       2.899459501713e-01            6.221690199325e-02            0.022140            0.009845                      
122       1.765827349092e-01            2.431561796254e-02            0.006861            0.005607                      
123       4.527892374707e-01            9.117315735431e-02            0.034853            0.018379                      
124       3.225554833323e-01            6.674979783571e-02            0.017203            0.013200                      
125       2.079735220542e-01            4.754217151897e-02            0.007809            0.006120                      
126       1.989339491903e-01            4.044128041642e-02            0.012150            0.007451                      
127       2.219877785820e-01            5.080618844075e-02            0.014271            0.010540                      
128       1.853702737623e-01            5.195214803146e-02            0.011411            0.007099                      
129       2.631127457588e-01            5.181282936080e-02            0.010596            0.008598                      
130       2.085910659211e-01            5.616361333056e-02            0.009801            0.007718                      
131       2.020038786773e-01            4.612709086206e-02            0.013589            0.008344                      
132       2.503507365566e-01            8.348294805970e-02            0.013569            0.011766                      
133       3.136387172301e-01            8.517231953982e-02            0.016592            0.010826                      
134       2.293215423314e-01            4.924775618131e-02            0.014292            0.013663                      
135       2.680382257918e-01            7.562754854255e-02            0.008923            0.006515                      
136       2.941831878131e-01            6.473962223370e-02            0.013645            0.012390                      
137       3.290450784544e-01            4.189863095622e-02            0.015008            0.009198                      
138       1.716639548583e-01            3.887597169999e-02            0.006763            0.005756                      
139       2.544770738259e-01            7.602114254377e-02            0.015669            0.009387                      
140       2.049721681707e-01            4.414288836493e-02            0.008750            0.006024                      
141       2.077541440175e-01            3.117751279556e-02            0.017685            0.007680                      
142       1.831238032688e-01            4.117034210796e-02            0.011682            0.006094                      
143       1.349049007140e-01            2.569834761976e-02            0.007904            0.005196                      
144       1.732030594535e-01            3.729888576387e-02            0.010220            0.005603                      
145       1.906635092471e-01            4.328842982051e-02            0.007919            0.006659                      
146       1.948142192379e-01            4.772162468725e-02            0.007631            0.005946                      
147       1.615990126283e-01            3.673196545039e-02            0.005945            0.005166                      
148       1.397527011190e-01            3.199906513612e-02            0.009930            0.005395                      
149       1.635212297529e-01            4.055420606931e-02            0.005932            0.006167                      
150       1.346157685447e-01            2.939884588334e-02            0.006108            0.005839                      
151       9.787488400350e-02            1.486993891936e-02            0.005885            0.003949                      
152       1.347037332034e-01            1.950515901225e-02            0.005984            0.004105                      
153       1.607117582865e-01            4.150571159575e-02            0.011666            0.006316                      
154       1.384218883754e-01            2.788286003876e-02            0.006300            0.004502                      
155       1.297628086746e-01            2.787535890807e-02            0.006557            0.004695                      
156       1.403306972170e-01            2.622517604371e-02            0.004175            0.003870                      
157       1.390622551487e-01            2.791946231837e-02            0.008478            0.006621                      
158       1.670525070812e-01            4.832026746983e-02            0.007140            0.005790                      
159       9.619004765296e-02            2.414641357783e-02            0.004777            0.003793                      
160       1.339155662171e-01            1.621581739053e-02            0.005341            0.004001                      
161       1.407110945440e-01            3.520203256279e-02            0.009550            0.005914                      
162       1.182308000971e-01            2.060387418279e-02            0.005708            0.003614                      
163       1.381405816956e-01            3.778037045184e-02            0.007364            0.005134                      
164       1.659991730081e-01            3.221565841905e-02            0.008482            0.005446                      
165       1.616040252332e-01            3.300824279746e-02            0.009059            0.006385                      
166       1.306928098003e-01            3.164278609149e-02            0.004655            0.004178                      
167       1.510404293230e-01            2.321892996963e-02            0.009423            0.005613                      
168       8.944733544904e-02            2.778599238705e-02            0.004589            0.003382                      
169       1.093365107001e-01            3.180837181822e-02            0.004304            0.004144                      
170       9.069108379223e-02            1.914837243095e-02            0.005982            0.003520                      
171       9.807515943828e-02            2.595851604220e-02            0.004588            0.003310                      
172       1.511932258940e-01            4.251488755795e-02            0.006507            0.005339                      
173       1.662253414995e-01            3.352281728282e-02            0.005257            0.004203                      
174       8.735900887615e-02            2.433354144410e-02            0.003495            0.003052                      
175       8.135985301613e-02            2.175552209247e-02            0.004780            0.003515                      
176       1.136398234787e-01            2.196582675733e-02            0.004898            0.004607                      
177       9.291786744325e-02            2.325239806421e-02            0.004462            0.003739                      
178       1.179246307902e-01            2.444613933798e-02            0.005959            0.004421                      
179       1.235211186674e-01            3.964262679712e-02            0.005890            0.005171                      
180       9.025163571915e-02            2.102567538163e-02            0.006577            0.003331                      
181       7.725307025534e-02            2.211447994832e-02            0.002968            0.002297                      
182       1.407278036440e-01            3.445342833537e-02            0.007563            0.004656                      
183       7.204677416675e-02            2.058679330885e-02            0.004744            0.002745                      
184       1.017418262629e-01            3.363831626713e-02            0.005940            0.004585                      
185       8.572742402993e-02            2.216320620144e-02            0.004432            0.002648                      
186       7.786898800301e-02            2.050143339836e-02            0.005654            0.002608                      
187       8.341080820776e-02            2.239278474663e-02            0.003167            0.003114                      
188       8.137869398524e-02            2.069995310989e-02            0.005733            0.002957                      
189       6.491021073910e-02            1.860764015491e-02            0.003289            0.002879                      
190       7.448910805318e-02            1.793774430084e-02            0.004064            0.003080                      
191       1.064038321655e-01            3.035987471848e-02            0.006004            0.004699                      
192       7.124092207708e-02            2.670686653215e-02            0.003255            0.002964                      
193       7.349891961034e-02            1.703172871315e-02            0.003575            0.002180                      
194       9.434993423858e-02            2.810935396928e-02            0.003348            0.002611                      
195       7.385892097326e-02            1.619747852027e-02            0.002773            0.002259                      
196       6.213275158469e-02            1.309967044488e-02            0.003422            0.002607                      
197       6.863089405316e-02            1.415747814388e-02            0.003354            0.002978                      
198       7.385988980680e-02            1.880984242741e-02            0.004040            0.003132                      
199       4.989646170159e-02            1.186994195885e-02            0.002802            0.001937                      
200       5.826212665252e-02            1.264782530146e-02            0.002492            0.001890                      
201       4.581341422984e-02            9.776422718407e-03            0.002124            0.001628                      
202       6.088623977198e-02            1.740688633176e-02            0.002945            0.001875                      
