@    title "Electric Field"
@    xaxis  label "Time (ps)"
@    yaxis  label "MV/cm"
#time      Magnitude                     Efield_X                      Efield_Y                     Efield_Z
@type xy
10        4.228980279961e+01            -1.093149919413e+01           -5.304013990770e+00           -4.050675476737e+01           
20        4.038203060524e+01            7.752305151530e+00            -2.964103382118e-01           -3.962981581526e+01           
30        1.552312234995e+01            -1.800362020305e+00           -9.322225637287e+00           -1.228096629972e+01           
40        3.762228890197e+01            7.287589070267e+00            6.872596239100e+00            -3.626423980591e+01           
50        3.970746014737e+01            1.548416970786e+01            -1.815078986077e+01           -3.174069481350e+01           
60        4.344237639223e+01            1.445894033721e+01            3.120158306762e+01            -2.654506215860e+01           
70        6.476942387960e+01            3.842835407385e+01            3.602275924327e+00            -5.201310874227e+01           
80        3.548264329610e+01            7.044525140134e+00            -8.311476158610e+00           -3.376850610988e+01           
90        2.913790599759e+01            1.204762266467e+01            3.358453508007e+00            -2.631716443861e+01           
100       4.570261889908e+01            2.537601777101e+01            -1.105781663002e+01           -3.636635516102e+01           
110       3.262563559212e+01            -5.597014164771e+00           2.837875430596e+01            -1.509144904478e+01           
120       4.613173685343e+01            3.380440727436e+00            1.536063677031e+01            -4.336773689752e+01           
130       4.096561889694e+01            -1.788258260231e+00           -2.779856076398e+01           -3.003704518516e+01           
140       3.605855154227e+01            1.629999645446e+01            -1.739589638186e+01           -2.705387299413e+01           
150       4.130300162805e+01            -2.040552228215e+01           -4.437069478253e+00           -3.563516547351e+01           
160       3.557478804812e+01            -3.859923538071e+00           1.283470175939e+01            -3.295355770924e+01           
170       5.526935440478e+01            3.728941483118e+01            3.981210513207e+00            -4.059988966388e+01           
180       4.385295582066e+01            1.872631528859e-01            -1.234568669309e+01           -4.207886270797e+01           
190       4.042294752249e+01            -1.144242989670e+01           -3.819790113423e+01           -6.633689275571e+00           
200       4.853633213665e+01            2.509740686288e+00            3.547031519715e+01            -3.303533681956e+01           
210       5.445673942545e+01            -2.246736815327e+01           -2.808377568737e+01           -4.089077377916e+01           
220       4.160909815527e+01            -2.211038713171e+01           2.233179945794e+01            -2.727157060295e+01           
230       4.716532586780e+01            3.846161349499e+00            1.982444651427e+01            -4.262354193978e+01           
240       3.583747602779e+01            -2.765222798600e+01           -6.241760126665e+00           -2.192531427308e+01           
250       3.120267211236e+01            1.502421347997e+01            -5.552190722223e+00           -2.677784409627e+01           
260       2.945261769189e+01            4.633356623445e+00            5.848289743550e+00            -2.849186203778e+01           
270       4.201828668587e+01            1.098083925429e+01            -2.782172161746e+01           -2.951117401135e+01           
280       3.846280047833e+01            -2.260602546507e+00           3.530809257568e+00            -3.823362502757e+01           
290       2.336140393002e+01            -6.834046011256e-01           -3.285080691648e+00           -2.311917811216e+01           
300       3.702211782022e+01            1.810069032474e+00            -3.350041290274e+00           -3.682578011862e+01           
310       4.445136332756e+01            -3.482337917095e+01           1.833070588919e+01            -2.066981340988e+01           
320       3.655031981272e+01            -7.204565106557e+00           -2.240082963689e+00           -3.576313952036e+01           
330       5.093329679635e+01            3.869266317985e+00            -9.745811397245e+00           -4.984223771978e+01           
340       3.475008809281e+01            8.984390085010e+00            1.662514038165e+01            -2.916254557732e+01           
350       2.606141393196e+01            -3.041788600423e+00           -3.605964984969e+00           -2.563087658998e+01           
360       3.764677792018e+01            4.705886185951e+00            -2.186169270486e+01           -3.028532507758e+01           
370       4.497368313769e+01            -1.685073785414e+01           -8.084264721801e+00           -4.090635002843e+01           
380       4.024920562311e+01            -6.073321022453e+00           -2.578738804235e+01           -3.030056011038e+01           
390       3.213910977341e+01            2.205143761980e+01            -9.377222345009e+00           -2.141784716118e+01           
400       2.798523731995e+01            -1.734283999589e+01           8.565378072780e+00            -2.022458175590e+01           
410       4.480901317248e+01            -2.323342575678e+01           -5.863125909178e+00           -3.786395837296e+01           
420       4.508884169590e+01            2.202703887584e+00            5.088633078879e+00            -4.474659265743e+01           
430       4.323044404838e+01            1.283976692780e+01            -8.973580567171e+00           -4.029251207935e+01           
440       4.005462538533e+01            -9.267376354696e+00           2.854584737458e+00            -3.886309426997e+01           
450       3.350381459956e+01            2.641328757016e+01            6.857486791126e+00            -1.943755919263e+01           
460       5.887226218020e+01            -2.831480863146e+01           -1.587753556907e+01           -4.911332538762e+01           
470       2.556672603631e+01            9.342373623157e+00            -1.396757915911e+00           -2.375766408184e+01           
480       3.785340809486e+01            9.964799097421e+00            7.575202174937e+00            -3.572393588832e+01           
490       3.413177318782e+01            -1.731105114426e+01           1.035487484905e+01            -2.753328923478e+01           
500       3.852857208084e+01            -3.300818660049e+01           1.839041614209e+01            -7.530144623835e+00           
510       3.193877636137e+01            9.777429635041e+00            2.122174349199e+01            -2.177440948347e+01           
520       5.669233344161e+01            2.034697604358e+01            -4.614257681455e+01           -2.590142547910e+01           
530       4.352957073935e+01            1.386666656189e+01            7.259511391290e+00            -4.061820505110e+01           
540       2.984751540746e+01            9.227031804418e-01            -2.175727156122e+00           -2.975380658305e+01           
550       2.823308256558e+01            -1.651226236694e+01           -7.091862859850e+00           -2.177516070795e+01           
560       3.258484186199e+01            1.344922468469e+01            -1.776651988330e+01           -2.377479854359e+01           
570       3.706242761312e+01            2.351779056324e+01            3.408890124660e+00            -2.844145804489e+01           
580       4.416558742670e+01            3.224525026533e+01            -4.630277681447e+00           -2.982286835071e+01           
590       1.929267848560e+01            -9.297250379658e+00           -1.182001255091e+00           -1.686331674256e+01           
600       2.451485762997e+01            8.603724485797e+00            1.040883117565e+01            -2.045997075137e+01           
610       3.704698997178e+01            1.129405978041e+01            -1.269675420095e+01           -3.291984374821e+01           
620       7.067732357673e+01            -7.799018711091e+00           -5.585885136173e+01           -4.259399135632e+01           
630       4.580979193278e+01            -4.810497021663e+00           -2.985931409303e+01           -3.440664931701e+01           
640       4.567902354154e+01            2.471471068244e+01            1.276730366083e+01            -3.623192273153e+01           
650       4.509534127427e+01            3.113706640202e+01            -7.246997364242e+00           -3.180493561888e+01           
660       2.946579395988e+01            7.980276653170e+00            -1.734445539485e+01           -2.244366425701e+01           
670       2.845023349407e+01            3.596516743972e+00            -6.517168852147e+00           -2.745919451350e+01           
680       2.806152680779e+01            -1.244215642557e+01           -5.471183420466e+00           -2.455011572774e+01           
690       4.740684294130e+01            2.760388714791e+01            -1.911637328716e+01           -3.346637781913e+01           
700       5.190781121471e+01            -9.226515057587e+00           -2.125127170590e+01           -4.645078832351e+01           
710       3.170714204584e+01            1.212241244205e+01            -8.884644772668e+00           -2.791868658378e+01           
720       4.509747657802e+01            -1.290633840519e+00           1.931461460875e+01            -4.073158873049e+01           
730       3.579898389340e+01            -6.929637970900e+00           1.811006417290e+01            -3.009273900870e+01           
740       2.634497643002e+01            1.981505069167e+01            4.864455784220e+00            -1.666609189668e+01           
750       3.812223022480e+01            -1.393739227728e+01           7.730494842172e+00            -3.463080974099e+01           
760       4.155155295421e+01            -1.406464673567e+01           -2.852968632111e+01           -2.673526254829e+01           
770       5.174447911772e+01            7.556593603245e+00            -1.326588759948e+01           -4.944092675585e+01           
780       3.954039376521e+01            -8.581055467020e+00           -1.194224175277e+01           -3.670410178847e+01           
790       2.605530220157e+01            9.561287291962e+00            -1.692985657596e+00           -2.417838616820e+01           
800       3.838899673866e+01            1.343494362540e+01            -1.906241592396e+01           -3.049330515908e+01           
810       3.348527331100e+01            2.524603890064e+01            1.495671650003e+01            -1.613064413089e+01           
820       5.552793482602e+01            5.967388155964e+00            1.453754647485e+01            -5.325787798185e+01           
830       5.956729767748e+01            -4.166636245593e+01           -5.180278546517e+00           -4.225330645605e+01           
840       3.690253762959e+01            3.104368348146e+01            -9.326870201087e+00           -1.763792764637e+01           
850       3.370268560111e+01            -4.903458538190e+00           1.419929926289e+01            -3.016963724566e+01           
860       3.946883908319e+01            1.205391417534e+01            -5.960707604021e+00           -3.710744368031e+01           
870       3.273353027566e+01            1.718468867835e+01            6.591823582832e+00            -2.706877058879e+01           
880       4.075911733572e+01            -1.550580053126e+01           -2.556464419013e+01           -2.770062748935e+01           
890       4.080956272777e+01            -1.906662307555e+01           -1.201608350277e+01           -3.402202274676e+01           
900       4.604560393513e+01            1.282864471455e+01            -1.172134878580e+01           -4.264074928024e+01           
910       6.137203952942e+01            4.954675040031e+01            -1.078853159483e+01           -3.457245069124e+01           
920       3.922990106151e+01            -2.867464124696e+01           1.258823919071e+01            -2.362808330635e+01           
930       2.413023902962e+01            1.503174762754e+01            -1.238814159397e+01           -1.424250493194e+01           
940       4.213585026188e+01            -3.052727904839e+01           -9.386196296324e+00           -2.748480362454e+01           
950       2.159427716983e+01            1.236358191402e+01            5.075155119555e-01            -1.769737485471e+01           
960       3.375838514933e+01            -8.795796998761e+00           -1.852001980211e+01           -2.681923543983e+01           
970       4.940242149931e+01            -6.890327876788e+00           -1.448651963583e+01           -4.672540401737e+01           
980       4.167614291487e+01            1.571779110122e+01            1.277765486334e+00            -3.857744478994e+01           
990       4.779794867260e+01            2.093485418435e+01            1.628710272529e+01            -3.976312440446e+01           
1000      5.374651398374e+01            1.222804824127e+01            2.104353785628e+01            -4.792005964213e+01           
1010      3.571558787981e+01            1.066837473975e+01            1.246457918279e+01            -3.172417475378e+01           
1020      2.788477311286e+01            -1.627374679201e+01           -4.124421462171e+00           -2.226465549941e+01           
1030      3.214722019015e+01            4.964226671552e+00            -9.033074716842e+00           -3.045002102902e+01           
1040      2.865711455923e+01            -5.091481948438e+00           8.485885695748e+00            -2.689417725806e+01           
1050      2.836127942502e+01            3.731050943420e+00            -8.247347869459e-01           -2.810269101017e+01           
1060      3.326603340879e+01            1.357910490334e+01            9.697234667558e+00            -2.877847335390e+01           
1070      3.947321190975e+01            -2.744596837719e+01           1.251028771091e+01            -2.546263889899e+01           
1080      2.663030739560e+01            -1.928925858602e+01           -9.661355816276e+00           -1.561268647533e+01           
1090      3.314483475555e+01            -2.306594996742e+00           1.426851050522e+01            -2.982732469491e+01           
1100      3.179763270498e+01            -1.112291924996e+01           -3.678602566170e+00           -2.956075094040e+01           
1110      3.467173094742e+01            1.724490551216e+00            4.398359739764e+00            -3.434835499451e+01           
1120      2.168116799071e+01            6.274937537982e+00            -7.736485007533e-01           -2.073884452744e+01           
1130      3.667096075972e+01            6.221159002614e+00            1.935780852658e+01            -3.051772915460e+01           
1140      4.664142845471e+01            -3.390521857343e+00           -2.050146031048e+01           -4.175664420148e+01           
1150      3.041732400989e+01            -1.492045101169e+00           -1.602188805458e+01           -2.581252611631e+01           
1160      3.371102936234e+01            1.367612528736e+01            7.483507553017e+00            -2.988970077631e+01           
1170      3.967915384974e+01            -2.427228821569e+01           -2.562467199420e+01           -1.812918807325e+01           
1180      5.201333765671e+01            3.431062182584e+01            2.732045552921e+01            -2.795999345120e+01           
1190      4.370182485154e+01            -3.880513300691e+00           1.480424708529e+00            -4.350401653366e+01           
1200      4.061807277971e+01            1.110538961320e+01            -2.707798921124e+01           -2.816523847144e+01           
1210      3.424186232266e+01            1.014904914206e+01            8.145278239458e+00            -3.167264402032e+01           
1220      3.491722797736e+01            -1.227740954568e+00           2.550337808821e+01            -2.381770702359e+01           
1230      6.380685048479e+01            -1.586850039710e+01           4.349755844199e+01            -4.390293012455e+01           
1240      5.154472167249e+01            -1.733589261983e+01           3.809543135442e+01            -3.008426946576e+01           
1250      4.442585362452e+01            1.937917231474e+01            -2.502767394897e+01           -3.117241869613e+01           
1260      5.182889031905e+01            1.681903670860e+01            3.364016215903e+00            -4.890845807014e+01           
1270      4.499854860974e+01            -1.174525775541e+00           -1.581431465308e+01           -4.211172423730e+01           
1280      4.464804240219e+01            4.667044770023e+00            1.325214067408e+01            -4.237979649570e+01           
1290      3.525152154823e+01            -1.138913489823e+01           -4.625352692695e+00           -3.303881792988e+01           
1300      1.527332008548e+01            -5.455681646078e+00           -1.781027172364e+00           -1.415407313891e+01           
1310      5.030533359168e+01            2.337038739917e+01            -1.663688585434e+01           -4.132391087074e+01           
1320      4.778489430749e+01            -3.246468142143e+01           1.851806929326e+01            -2.977451416619e+01           
1330      3.521843059791e+01            -2.297912155731e+01           1.172747058415e+01            -2.397424159243e+01           
1340      3.554354017688e+01            2.075853845114e+01            2.978019602655e+00            -2.869769553334e+01           
1350      3.923838968969e+01            5.381364605202e-01            -2.994806347271e-01           -3.923355637639e+01           
1360      5.285110431924e+01            1.868955806419e+01            -3.658579149421e+01           -3.324784967287e+01           
1370      4.478082769135e+01            2.426711368245e+01            -2.037303048466e+00           -3.758030226774e+01           
1380      4.379040919063e+01            -2.397763381233e+01           -8.795066390425e+00           -3.557133425994e+01           
1390      2.563883300877e+01            -1.142641578962e+01           1.554053216505e+00            -2.289916371518e+01           
1400      4.477641671094e+01            1.503162708081e+00            -2.743397624379e+01           -3.535597464079e+01           
1410      4.288583230545e+01            -1.089939083166e+01           -2.302061099579e+01           -3.450288917482e+01           
1420      3.945682697534e+01            1.984200047075e+01            -2.110378468736e+00           -3.403942589116e+01           
1430      3.106530457744e+01            2.711882802548e+00            1.616405477589e+01            -2.638981192347e+01           
1440      4.081722141412e+01            -3.222055248394e+01           -1.536084290937e+01           -1.979712268771e+01           
1450      3.774071078962e+01            -8.042868686648e+00           2.008340839567e+01            -3.092458926821e+01           
1460      5.476702579088e+01            2.772574841679e+01            2.976974830267e+01            -3.666704344100e+01           
1470      4.680410090648e+01            -3.824529946007e+01           6.723153671691e+00            -2.612891378493e+01           
1480      2.020515881509e+01            2.778168220378e+00            3.761064966679e+00            -1.965666844607e+01           
1490      3.260508667545e+01            -9.208321404208e+00           4.518997600424e-01            -3.127449888707e+01           
1500      3.813657406902e+01            1.880086186557e+01            -1.520875501171e+01           -2.948931409557e+01           
1510      3.722113980565e+01            2.426012269776e+00            7.304952930105e+00            -3.641655359295e+01           
1520      4.905200584290e+01            3.534756724705e+00            -2.371652884101e+01           -4.279171686019e+01           
1530      4.221503953634e+01            1.004718871815e+01            2.080325203346e+01            -3.533253835699e+01           
1540      3.644326130077e+01            3.658343274340e+00            -1.989017903035e+00           -3.620458018683e+01           
1550      6.710479874850e+01            2.193955903091e+01            3.848916650414e+01            -5.040132762559e+01           
1560      6.100897961162e+01            2.692724408676e+01            -2.815484858773e+00           -5.467259061132e+01           
1570      6.559709436492e+01            -3.841367461692e+01           4.258883857608e+01            -3.183644484370e+01           
1580      5.325544914055e+01            -3.518283805422e+01           -2.624325627285e+01           -3.015961322382e+01           
1590      5.736000407177e+01            1.480364436116e+01            4.532470747284e+01            -3.188562486832e+01           
1600      3.844370242118e+01            -6.880498506361e+00           7.056185456960e+00            -3.715894566520e+01           
1610      3.942137908054e+01            1.030705029824e+00            1.134300498460e+01            -3.774015121422e+01           
1620      5.800844545030e+01            3.996543764696e+01            2.419177490889e+01            -3.438752046899e+01           
1630      4.824290298461e+01            -2.272637474803e+01           1.915216160791e+01            -3.800110899618e+01           
1640      3.832003624111e+01            2.270118074680e+01            -1.416861150566e+01           -2.742867146295e+01           
1650      2.933395070977e+01            5.217253788424e+00            -1.069891304626e+01           -2.681033731192e+01           
1660      2.921451627399e+01            -2.017849065031e+01           1.437169081690e+01            -1.548454000809e+01           
1670      3.897450457362e+01            -1.139990809261e+00           1.851004306748e+01            -3.427959645844e+01           
1680      5.089893325052e+01            2.370269505298e+01            -2.522496605494e+01           -3.731735173875e+01           
1690      4.827022265029e+01            -8.704586021167e+00           2.464440593270e+01            -4.058198902386e+01           
1700      4.317234625162e+01            2.599538450773e+01            -2.764542490345e+01           -2.058693632071e+01           
1710      2.529776775898e+01            -1.113439055805e+01           -1.122427090962e+00           -2.268793859991e+01           
1720      3.558303554191e+01            9.460677603564e+00            2.162219668537e+01            -2.662946879225e+01           
1730      4.880862906853e+01            -1.361261839452e+01           -8.298518103987e+00           -4.613148045828e+01           
1740      4.891474001412e+01            1.272959118772e+01            4.677000152520e+01            -6.570864187884e+00           
1750      3.023396814147e+01            -7.603826481984e+00           1.004014822077e+01            -2.748581590778e+01           
1760      5.803101674429e+01            -5.683524160784e+00           1.551017484106e+01            -5.563030589427e+01           
1770      3.633191450608e+01            1.118852136261e+01            1.129350097728e+01            -3.266927971462e+01           
1780      4.729736068548e+01            -1.503486931541e+01           -1.905791212122e+01           -4.059296759367e+01           
1790      5.528391829197e+01            1.578598358850e+01            -1.994908802786e+01           -4.908307478870e+01           
1800      3.700796912562e+01            1.367663140562e+01            6.254975221733e+00            -3.381441729755e+01           
1810      4.550222711461e+01            1.758380856160e+01            3.170781678837e+01            -2.749321195085e+01           
1820      5.441872067752e+01            -4.289948578810e+01           1.952815909596e+01            -2.719710061049e+01           
1830      3.084550642070e+01            1.740960256306e+01            -1.217994446690e+01           -2.236067882979e+01           
1840      4.098578974670e+01            -1.088851727953e+00           -3.184807701180e+01           -2.577497533899e+01           
1850      3.563532631749e+01            5.209562424022e+00            -2.949553396304e+01           -1.930674538445e+01           
1860      2.799020071603e+01            1.344906770013e+01            9.983019847676e+00            -2.242572694121e+01           
1870      3.958572473238e+01            2.721829697895e+01            9.557688661458e+00            -2.710801541249e+01           
1880      4.036533006008e+01            -9.192116116339e-01           -1.943953310111e+01           -3.536409865504e+01           
1890      4.522903865126e+01            -2.199539062164e+00           -1.830329297187e+01           -4.130154272684e+01           
1900      3.058484065621e+01            -4.270060398244e+00           -1.318172348508e+01           -2.726611868463e+01           
1910      3.014298849006e+01            2.052855110371e+01            -2.131372222155e+00           -2.196896895954e+01           
1920      1.912871024224e+01            1.576100219990e+01            -3.704904079175e-01           -1.083333291484e+01           
1930      3.224594169820e+01            1.793936664892e+01            -8.660296936903e+00           -2.535703328869e+01           
1940      5.126323729248e+01            9.979967409086e-01            2.885086780744e+01            -4.236214025480e+01           
1950      1.952931837806e+01            2.753295895680e+00            4.822619347853e+00            -1.872314024538e+01           
1960      2.750365506898e+01            1.200280010286e+01            1.168387475906e+01            -2.181446544059e+01           
1970      2.372857351912e+01            -6.286609930652e+00           1.236365754850e+01            -1.925262862197e+01           
1980      3.113668864045e+01            -2.152148027766e+01           -2.054525942719e+00           -2.240754759677e+01           
1990      4.114245776439e+01            -7.613642278515e+00           2.936691811313e+01            -2.779061716994e+01           
2000      2.943317592176e+01            1.186012644702e+00            1.303260864795e+01            -2.636392100347e+01           
2010      5.502666102926e+01            1.649707141484e+01            1.855272260317e+01            -4.910780531415e+01           
2020      3.816183881462e+01            -2.485867303468e+01           5.007642065693e+00            -2.851834212590e+01           
2030      2.568573752616e+01            -9.225573266553e+00           -2.083008656013e+01           -1.186395398104e+01           
2040      2.911318262617e+01            1.185981747017e+01            8.796894820483e+00            -2.509057141071e+01           
2050      4.223216918001e+01            -2.967783579037e+01           -1.428749718078e+00           -3.001234497156e+01           
2060      4.404906816432e+01            -2.969942330457e+01           -1.638869244922e+01           -2.810116405642e+01           
2070      3.231866739955e+01            1.433444056067e+01            1.214958820098e+01            -2.629463030434e+01           
2080      4.383511454162e+01            -2.386670045742e+01           -1.690151916253e+00           -3.672929706178e+01           
2090      5.363819663300e+01            -1.347815122827e+01           -2.685864570118e+01           -4.442981801230e+01           
2100      3.270464360975e+01            9.824870348651e+00            2.239422839278e+00            -3.111351188181e+01           
2110      4.437032659240e+01            5.988770372645e+00            1.185687798121e+01            -4.233526846353e+01           
2120      2.834659107736e+01            -1.897579049306e+01           -9.307021332008e+00           -1.888989028015e+01           
2130      4.124256419487e+01            2.477610038485e+00            1.913347069606e+01            -3.645162340676e+01           
2140      3.042263430667e+01            -1.791088243753e+00           -1.196425915644e+00           -3.034628883552e+01           
2150      2.681398304214e+01            -4.167343062773e+00           9.443049838627e+00            -2.474776248727e+01           
2160      5.088936642516e+01            3.108986281676e+01            2.548374051008e+01            -3.120459925723e+01           
2170      2.871016179756e+01            4.848173823845e+00            -4.474358353235e+00           -2.794188108097e+01           
2180      4.324666370940e+01            -1.688493422638e+01           -5.248992522806e+00           -3.946670743374e+01           
2190      3.966737472951e+01            5.541618837181e-01            -1.659473275670e+01           -3.602510745677e+01           
2200      3.136115555025e+01            -4.176289608211e+00           1.049397174134e+01            -2.925674690814e+01           
2210      3.172670132897e+01            -9.126961741952e+00           -9.735702420660e-01           -3.036995731907e+01           
2220      3.205237722463e+01            5.274614416896e+00            -1.762575302293e+01           -2.624625990265e+01           
2230      4.550869957915e+01            -3.018753744604e+01           -1.408890025318e+01           -3.100414827059e+01           
2240      5.740301878981e+01            -9.544962697632e+00           -5.357224455613e+01           -1.827607360737e+01           
2250      4.120590714197e+01            7.584127280835e+00            6.957549077303e+00            -3.989987854139e+01           
2260      2.844897826843e+01            1.994160012048e+01            -4.614572338888e+00           -1.975810393944e+01           
2270      3.355785573795e+01            -1.223064241976e+01           8.609183222085e+00            -3.004035672188e+01           
2280      3.314693315137e+01            1.191774195753e+01            -2.348756509063e+01           -2.012513080923e+01           
2290      3.317471235684e+01            -2.085829760663e-01           1.143946946067e+00            -3.315432729654e+01           
2300      2.673169430880e+01            -3.282702033918e+00           2.270275391471e+01            -1.372560791600e+01           
2310      4.501824378990e+01            -2.311645285569e+01           -7.607006398550e+00           -3.787354399776e+01           
2320      5.130255979504e+01            3.540535432087e+01            2.194775598027e+01            -2.994510868853e+01           
2330      4.814209540666e+01            6.904438898909e+00            -3.470153484727e+01           -3.264649373024e+01           
2340      3.976025725209e+01            -7.297199655423e+00           -1.502154959078e+01           -3.608298742944e+01           
2350      3.816915612855e+01            1.843129814199e+01            -3.314257868769e+00           -3.325939601294e+01           
2360      3.815871854812e+01            -4.725689861091e+00           8.732917656007e-02            -3.786486537922e+01           
2370      4.929893472501e+01            -2.877536702675e+01           -1.537508530635e+01           -3.695903095753e+01           
2380      3.966705716532e+01            -4.303068847993e+00           -1.984595142132e+01           -3.407487688648e+01           
2390      3.878252527070e+01            1.730010714737e+01            1.360463320778e+01            -3.193281250288e+01           
2400      2.739684551662e+01            -1.522369498482e+01           2.345296077342e+00            -2.265669529257e+01           
2410      4.941158222437e+01            -6.169971867798e+00           2.814647899732e+01            -4.013990066156e+01           
2420      4.519695344019e+01            -4.860256884683e+00           9.516196324160e+00            -4.391565223027e+01           
2430      3.633224461098e+01            -2.566707551634e+01           -7.737558511002e+00           -2.452271235405e+01           
2440      3.953715084150e+01            -8.643967532312e+00           5.861711859781e-01            -3.857621709427e+01           
2450      4.976057534601e+01            -1.123247324293e+01           4.005280459362e+01            -2.730786054964e+01           
2460      2.361229486432e+01            -1.068171381346e+01           8.852799072771e+00            -1.910678956141e+01           
2470      4.621809825085e+01            -2.457643762045e+01           4.913646763173e+00            -3.883255586876e+01           
2480      3.454005532562e+01            -7.910509498399e+00           -1.595942208643e+01           -2.959283879657e+01           
2490      3.164385259063e+01            6.411039020174e+00            -7.641648639939e+00           -3.003060424838e+01           
2500      4.081112491893e+01            -8.837021192756e+00           1.763766636485e+01            -3.572628862321e+01           
2510      4.461047857203e+01            2.382977918263e+00            -3.276869490647e+01           -3.017662752518e+01           
2520      4.399455970435e+01            3.348706611057e+00            3.586046191617e+01            -2.526528683336e+01           
2530      3.115720703571e+01            1.116529211916e+00            -9.190479111430e+00           -2.974995809219e+01           
2540      2.476782467931e+01            4.879502185178e+00            4.059602878258e+00            -2.394066043869e+01           
2550      3.366765591213e+01            1.540426420496e+01            -8.029218077908e+00           -2.884009979142e+01           
2560      2.180828396302e+01            -1.913942846644e+01           1.910310699832e+00            -1.027785193607e+01           
2570      5.204122950105e+01            2.868603558448e+01            1.998348879542e+01            -3.854946310897e+01           
2580      4.153770073877e+01            -6.948469557556e+00           7.093537910413e+00            -4.033337418795e+01           
2590      3.648159050634e+01            -2.367971253917e+01           1.085012781311e+01            -2.554314754242e+01           
2600      5.449859342802e+01            -4.370047754476e+01           -1.496974935375e+01           -2.891836012430e+01           
2610      4.624426465987e+01            -4.895308503599e-01           1.669651971507e+00            -4.621152059576e+01           
2620      3.939744180538e+01            2.841603319930e+01            1.472199200128e+01            -2.297717192213e+01           
2630      3.139288293864e+01            4.804238389343e+00            -6.157915873132e+00           -3.040579656574e+01           
2640      2.504142847915e+01            -9.125638032950e+00           -2.245863263146e+00           -2.321103119146e+01           
2650      3.604330055066e+01            2.760536344403e+01            2.346005657728e+00            -2.305557809212e+01           
2660      5.017179030339e+01            -4.134537871173e+01           1.364428007674e+01            -2.493194381949e+01           
2670      2.660633670463e+01            1.655978949966e+01            2.824491941507e+00            -2.063232342321e+01           
2680      4.592634651267e+01            2.446886204613e+01            2.758508523780e+01            -2.737822431409e+01           
2690      4.376178614074e+01            -2.857532216566e+01           -1.421524881210e+01           -2.994113542547e+01           
2700      1.593675869167e+01            3.753158288857e+00            -1.532308983833e+01           2.257653264288e+00            
2710      1.983757758390e+01            1.238972390453e+01            -5.733954535177e+00           -1.439256722602e+01           
2720      4.115380083380e+01            1.184658057440e+00            -1.898897636426e+01           -3.649178928187e+01           
2730      4.225120693783e+01            -1.283119179736e+01           4.646352665530e+00            -3.998670293572e+01           
2740      4.515565971892e+01            -1.931797881618e+01           9.574304164790e-01            -4.080358594665e+01           
2750      4.237918004760e+01            -1.335393205531e+01           -2.402636677295e+01           -3.225524918306e+01           
2760      4.041065090149e+01            -2.268746240078e+01           6.470286728430e+00            -3.280907108937e+01           
2770      5.401366511853e+01            -3.675616753610e+01           -1.067264160140e+01           -3.811239809882e+01           
2780      4.513747975672e+01            -5.455840770357e+00           3.107574837610e+01            -3.227884358433e+01           
2790      3.974888136836e+01            1.922671274621e+01            3.470225447930e+00            -3.461595907022e+01           
2800      2.510611357119e+01            5.857277392315e+00            -5.280808265532e+00           -2.383531632392e+01           
2810      3.416608467866e+01            8.277300488810e+00            -1.368958653065e+01           -3.018944947340e+01           
2820      4.700226147817e+01            2.915405476282e+01            -1.737594534474e+01           -3.251661418914e+01           
2830      1.456997650275e+01            -8.949363493840e+00           -3.298656596187e+00           -1.101417146255e+01           
2840      2.726630971925e+01            -7.258883055941e+00           9.733150259148e+00            -2.441364472010e+01           
2850      5.873373188264e+01            2.787911098890e+01            -8.329810213246e+00           -5.101980687088e+01           
2860      3.572028807254e+01            -1.233701020759e+01           -2.377513799230e+01           -2.363218086783e+01           
2870      3.433409376543e+01            8.920644979469e+00            -6.480379699220e+00           -3.251548503095e+01           
2880      3.783297945922e+01            1.283895698462e+01            -2.291986670074e+01           -2.722453358148e+01           
2890      5.630296250093e+01            2.289444217888e+01            9.874223454791e+00            -5.048136106390e+01           
2900      6.038294377655e+01            -1.245736624539e+01           -4.848622593137e+01           -3.376388337088e+01           
2910      2.877066008208e+01            -2.051001570728e+01           1.082848376879e+00            -2.014739627441e+01           
2920      4.093627452678e+01            2.135404454374e+01            -2.512702120065e+01           -2.425729084910e+01           
2930      3.926705295983e+01            1.311611323086e+01            -1.560601349464e+01           -3.356071162342e+01           
2940      2.249374099678e+01            -5.800382949285e+00           4.451990587625e+00            -2.127213485947e+01           
2950      3.003766497016e+01            -2.323442806095e+01           1.532105999960e+01            -1.129990221325e+01           
2960      5.333246891300e+01            1.390918816549e+01            -4.283584881723e+01           -2.856530729820e+01           
2970      4.744209828179e+01            -1.613616973285e+01           5.147926519405e+00            -4.431563570888e+01           
2980      2.719535084268e+01            3.751199298324e+00            2.253864302653e+01            -1.474873492215e+01           
2990      3.529362555758e+01            7.639917297153e+00            3.438552627671e+00            -3.428480748842e+01           
3000      2.783891996973e+01            -1.962182078112e+01           -1.230230590651e-01           -1.974777151077e+01           
3010      5.880694172135e+01            -3.145695485608e+01           -3.282134086854e+01           -3.730249280399e+01           
3020      2.604511023146e+01            -2.952159655504e-01           -8.259456564827e+00           -2.469902815408e+01           
3030      3.525001468818e+01            -1.926065875907e+01           1.645395088639e+00            -2.947682538344e+01           
3040      3.241275605646e+01            -1.587015455946e+00           5.295730516020e+00            -3.193780479964e+01           
3050      2.191576210614e+01            -1.148508999941e+01           -5.069121054118e+00           -1.796377878223e+01           
3060      3.233697035884e+01            1.555733463730e+01            1.153374759062e+01            -2.589636378891e+01           
3070      3.855779559611e+01            6.426213576575e+00            -2.711415991589e+01           -2.665013531588e+01           
3080      2.721931358903e+01            1.090527964182e+01            -1.780886491209e+01           -1.745881550205e+01           
3090      5.026338645971e+01            4.186899230806e+01            -7.662239213497e+00           -2.673360416668e+01           
3100      3.256799047667e+01            1.800346462870e+01            2.267686276891e+01            -1.491003554697e+01           
3110      3.607459969865e+01            -6.804383068118e+00           1.208374711484e+01            -3.330255500926e+01           
3120      3.508415578824e+01            2.364576962661e+01            -3.002862146438e+00           -2.574409417843e+01           
3130      3.145462032190e+01            3.630636988974e+00            -1.383267497622e+01           -2.801550852031e+01           
3140      2.747198605844e+01            1.651873307992e+01            -1.200681146303e+01           -1.837601572487e+01           
3150      3.690181680372e+01            1.522849250148e+01            -2.516133457576e+01           -2.228776215582e+01           
3160      1.541384773914e+01            -4.979310730523e+00           -4.125386136193e+00           -1.399193896504e+01           
3170      3.898709950619e+01            1.339877838340e+01            1.893865946792e+01            -3.133358969694e+01           
3180      3.079026956131e+01            1.808475292990e+01            6.304886866570e+00            -2.410872897359e+01           
3190      4.737701007551e+01            3.392583003138e+01            -2.401850629277e+01           -2.273170683959e+01           
3200      5.152320963307e+01            -1.426438128508e+01           3.631193486044e+01            -3.365430052963e+01           
3210      6.122100508841e+01            2.840095734119e+01            4.270913993250e+01            -3.342643343769e+01           
3220      3.817616532927e+01            -3.652330248621e+00           -7.170955968068e+00           -3.731832624204e+01           
3230      3.074879216503e+01            7.530922262048e+00            7.622096370399e+00            -2.882146901897e+01           
3240      3.328120833845e+01            -6.739871259348e+00           -1.438474838062e+01           -2.924537532501e+01           
3250      6.467726248722e+01            1.005504946884e+01            -4.811409689377e+01           -4.203662620997e+01           
3260      3.812554127836e+01            -1.733583164582e+01           1.507198523866e+00            -3.392276804044e+01           
3270      3.538172815057e+01            -1.268762557333e+01           5.537797294577e-01            -3.302399388692e+01           
3280      2.851434156210e+01            5.216915521645e+00            -5.771346735417e+00           -2.743251763910e+01           
3290      2.919066341940e+01            1.711981759727e+01            -4.049292868273e+00           -2.329398857147e+01           
3300      2.616325827115e+01            -2.129451174812e+00           -2.327664698894e+00           -2.597236027215e+01           
3310      5.117749833864e+01            4.343803563049e+00            -3.105819984106e+00           -5.089814917100e+01           
3320      4.050368064656e+01            2.416014494216e+01            4.734210494969e+00            -3.216244383255e+01           
3330      4.459009143625e+01            -2.545032285245e+01           2.210588411072e+01            -2.918710689127e+01           
3340      3.416349982209e+01            -2.437792096004e+01           1.134495454765e+01            -2.107495423653e+01           
3350      2.302870276655e+01            4.072114133275e+00            9.459813073403e+00            -2.059735357302e+01           
3360      5.821171809154e+01            -4.786761670395e+00           4.400748585763e+01            -3.780254256489e+01           
3370      3.716723292868e+01            -2.712568796074e-01           2.967418885577e+00            -3.704759166852e+01           
3380      4.221965358119e+01            2.294803344372e+01            -4.842142146113e+00           -3.510613292600e+01           
3390      2.584780932469e+01            7.095264157948e+00            -2.724154322009e+00           -2.470517064592e+01           
3400      1.041585132352e+01            -1.075847558111e+00           5.256711464886e+00            -8.927457387208e+00           
3410      4.336756714402e+01            -1.242166609650e+01           1.546476034761e+01            -3.856538964887e+01           
3420      4.918383269708e+01            -1.505727649473e+01           -3.480888299714e+00           -4.669273219657e+01           
3430      2.620771004440e+01            -6.800051650958e+00           8.245040348560e-01            -2.529671038716e+01           
3440      2.856405771353e+01            -1.961330960276e+01           -3.474419585603e+00           -2.047319926224e+01           
3450      3.023086409135e+01            -9.944727750955e+00           -8.157704751743e+00           -2.735798579670e+01           
3460      4.377353787806e+01            -2.114609310351e+01           -2.288452092542e+01           -3.074514704525e+01           
3470      4.510803672338e+01            1.601549052167e+01            -9.607206564534e+00           -4.106020728655e+01           
3480      2.778367339325e+01            1.339662366360e+00            -1.193788439179e+01           -2.505243956614e+01           
3490      2.446463839098e+01            2.151183550028e+01            4.060481797680e-01            -1.164450900149e+01           
3500      5.854201487007e+01            1.716503590667e+01            -3.222398866927e+01           -4.576181379287e+01           
3510      5.953931893879e+00            2.723236121727e+00            -1.602788574008e+00           -5.046222231462e+00           
3520      4.118420461217e+01            2.770623993563e+01            -6.815268154351e+00           -2.969941242096e+01           
3530      4.418348784483e+01            1.179031345438e+01            2.196693839604e+01            -3.647770174074e+01           
3540      1.374328920905e+01            -1.361782109307e+01           1.774290443885e+00            5.337043953983e-01            
3550      2.676855756415e+01            -1.991524162839e+00           8.547098621945e+00            -2.528906108816e+01           
3560      4.220186768275e+01            3.618981430685e+00            4.920104792786e+00            -4.175755234858e+01           
3570      3.432208764231e+01            4.226599274793e+00            9.874317675422e+00            -3.259815039449e+01           
3580      5.085028924088e+01            -1.827376226261e+01           3.656440907896e+01            -3.024674391330e+01           
3590      5.264064570878e+01            -3.859693626818e+01           -3.575613720402e+01           -1.677123607298e+00           
3600      2.408199096978e+01            -1.254302386207e+01           7.674389419439e+00            -1.907140761723e+01           
3610      1.901951715346e+01            -5.400801991248e+00           8.716614733253e+00            -1.601855168840e+01           
3620      3.794542157785e+01            2.617912576340e+01            1.380797906641e+01            -2.374548603601e+01           
3630      3.277482159827e+01            -2.041582467280e+01           -1.734533133398e+00           -2.558074331479e+01           
3640      4.807477931299e+01            -2.986920221831e+01           -1.092223685666e+01           -3.605162835270e+01           
3650      3.139529874493e+01            -1.557312467070e+01           -1.338374470326e+01           -2.374906206553e+01           
3660      4.569658932343e+01            -1.584256289396e+01           -2.805832811568e+01           -3.240249527580e+01           
3670      4.481002248773e+01            -1.620354486478e+01           2.579313468164e+01            -3.286483610883e+01           
3680      4.920639805410e+01            -2.226799863039e+01           4.085982812911e+00            -4.368879250915e+01           
3690      3.516920143267e+01            1.517852726726e+00            6.707069009135e+00            -3.449034760362e+01           
3700      2.084942540051e+01            -6.698270012705e+00           3.859685325203e+00            -1.936322668252e+01           
3710      2.045470711447e+01            -3.187674674085e+00           -5.875649684442e-01           -2.019625065993e+01           
3720      4.139236295509e+01            5.817445371251e+00            -8.016507241372e+00           -4.018980781252e+01           
3730      5.416032688835e+01            -2.333974799363e+01           -3.358525181446e+01           -3.550532400649e+01           
3740      3.792936616020e+01            3.246286502505e+00            -7.586388068863e+00           -3.702087461591e+01           
3750      3.144185760994e+01            -1.475169706589e+01           2.376167629628e+01            -1.436525611434e+01           
3760      4.037546741068e+01            1.544986496512e+01            3.128378449827e+00            -3.717113516515e+01           
3770      3.128665448136e+01            -1.584179036831e+01           5.194265845612e+00            -2.647474322609e+01           
3780      3.953739397902e+01            9.906568024771e+00            -2.539242097171e+01           -2.864071210391e+01           
3790      5.204839736217e+01            -4.360318355716e+00           3.466270616410e+01            -3.858134384892e+01           
3800      3.256068467101e+01            -8.799605355352e+00           -2.488678248661e+01           -1.906339920630e+01           
3810      3.611524726800e+01            2.093238099553e+01            1.632244227938e+00            -2.938506916560e+01           
3820      4.731978219947e+01            -1.192363422901e+01           -4.213232902618e+01           -1.794033402720e+01           
3830      3.557786322276e+01            -3.138701743661e+00           -2.565586849667e+00           -3.534615491080e+01           
3840      3.912678496566e+01            2.496820429047e+01            1.455480759024e+01            -2.637520904693e+01           
3850      3.146114329504e+01            -7.590511457481e-01           6.056122141702e+00            -3.086342112265e+01           
3860      4.195028305218e+01            9.956055797212e+00            5.025091431655e-01            -4.074862802208e+01           
3870      4.084290375042e+01            2.504157373265e+01            6.981018246982e+00            -3.150123419795e+01           
3880      3.474328540990e+01            -2.057819909956e+01           -6.651629563690e+00           -2.719171614738e+01           
3890      5.483660626924e+01            1.583891388891e+01            -1.763075431092e+01           -4.945036598828e+01           
3900      4.288523512740e+01            -1.225759997649e+01           -4.257368734131e+00           -4.087504674261e+01           
3910      2.804837026325e+01            -9.987118781588e+00           -5.922797961586e+00           -2.553211697398e+01           
3920      3.467502518227e+01            6.523384455055e+00            1.398446677677e+01            -3.105217408834e+01           
3930      1.228645387895e+01            -2.512071821443e+00           6.710647460887e-01            -1.200816872758e+01           
3940      4.015142120728e+01            -1.286829046145e+01           2.799584434469e-01            -3.803242496653e+01           
3950      4.697694267651e+01            -1.862407485270e+00           3.450616704071e+01            -3.182277514218e+01           
3960      2.939159543041e+01            2.641268250438e+00            -1.140387152344e+01           -2.695999440376e+01           
3970      2.014386574592e+01            1.212981330894e+00            -1.964558944945e+01           4.284252404367e+00            
3980      5.953533102611e+01            -1.210286830009e+01           1.691445539112e+01            -5.578420401978e+01           
3990      3.129687756469e+01            1.089067853026e+01            -1.972884057328e+01           -2.171774657012e+01           
4000      5.955766173038e+01            5.462793118550e+01            -4.706378333484e+00           -2.325412239077e+01           
4010      2.434090238922e+01            4.381724331484e+00            1.506843776881e+01            -1.860704716531e+01           
4020      3.182935242808e+01            1.187005719152e+01            -2.208979481914e+00           -2.945046396764e+01           
4030      2.376911614411e+01            -4.476477013241e+00           1.616946099982e+01            -1.683688114817e+01           
4040      6.143647432094e+01            -2.524027925537e+01           3.667900999918e+01            -4.233224427760e+01           
4050      1.615431909378e+01            2.637561848223e-01            -1.071311869038e+01           -1.208807453586e+01           
4060      4.056503493937e+01            2.320730872327e+01            1.465725390133e+01            -2.986817352178e+01           
4070      1.712741536255e+01            -7.634342191307e+00           -5.132891867740e+00           -1.444709650350e+01           
4080      4.588110251431e+01            3.357642962564e+01            -3.851690320618e+00           -3.103004065736e+01           
4090      4.767322499083e+01            -1.214188775716e+01           -2.688962618094e+01           -3.744674814411e+01           
4100      4.638740224323e+01            2.622865086897e+01            2.750348742630e+01            -2.659712653390e+01           
4110      7.192276865953e+01            3.773650298188e+00            5.846548708126e+01            -4.171847355106e+01           
4120      1.714824169146e+01            1.115157339037e+01            1.301781550012e+01            4.910026811597e-01            
4130      3.615654839344e+01            -2.986411951243e+01           6.007251658583e+00            -1.947673702099e+01           
4140      1.489292793602e+01            1.254337524980e+01            -5.709781009785e+00           -5.644593933194e+00           
4150      3.742302074678e+01            1.284840950982e+01            1.502137677350e+01            -3.177670679461e+01           
4160      4.062355262929e+01            2.219249743457e+01            4.409532951811e+00            -3.373902940198e+01           
4170      3.493613151617e+01            5.305335216811e+00            -8.167067714680e+00           -3.355124004409e+01           
4180      4.902364506440e+01            -2.247307108488e+01           1.608467722334e+01            -4.049150540589e+01           
4190      3.452004272991e+01            1.270121733524e+01            2.753116277863e+01            -1.650295441230e+01           
4200      5.284387159667e+01            1.050606471738e+01            3.779662707345e+01            -3.540497636421e+01           
4210      3.743814489213e+01            1.912551135789e+01            -1.973537932926e+01           -2.542330251941e+01           
4220      4.650857671446e+01            -1.367131323675e+01           8.364735426640e-01            -4.444595835843e+01           
4230      3.530576160832e+01            -5.776514162978e+00           1.026595895179e+01            -3.328270983061e+01           
4240      3.475686686844e+01            2.538771054475e+01            8.474230835507e+00            -2.217411462838e+01           
4250      2.905433102305e+01            1.082874408602e+01            1.040357527239e+01            -2.487283808229e+01           
4260      2.368791718843e+01            -3.540943137658e+00           7.413082834854e+00            -2.221768091645e+01           
4270      4.483069163841e+01            -2.491168929606e+01           2.318131753332e+01            -2.918604403845e+01           
4280      4.517353832909e+01            1.342729285071e+01            -2.453791940585e+01           -3.547177586621e+01           
4290      4.585090756636e+01            1.419458167382e+01            -3.756474474223e-02           -4.359837341753e+01           
4300      3.227607720587e+01            -9.376507430891e+00           1.447844380239e+01            -2.728004643066e+01           
4310      4.926496075993e+01            2.935228210865e+01            1.436697454307e+01            -3.686556572427e+01           
4320      3.759602502606e+01            2.926332832674e+01            -1.153118575633e+01           -2.059491364524e+01           
4330      2.228894013673e+01            1.980179967434e+01            3.046473830372e+00            -9.767526773796e+00           
4340      4.332975665243e+01            -6.956727258221e+00           2.908239617551e+01            -3.135739131536e+01           
4350      6.104885716950e+01            -4.295041998791e+01           -2.200721498746e+00           -4.332875730331e+01           
4360      5.331741690042e+01            -1.972502210765e+01           -3.088458234549e+01           -3.872741950002e+01           
4370      2.105188205086e+01            -1.094634379656e+01           -4.735753876051e+00           -1.734738973437e+01           
4380      4.349506244615e+01            -7.343934333574e+00           2.361230529814e+01            -3.578192454587e+01           
4390      3.523412600238e+01            2.506462295143e+01            3.960048522025e+00            -2.444435164117e+01           
4400      4.747098574272e+01            -2.203104124449e+01           -5.862252145339e-01           -4.204502407024e+01           
4410      4.484017921839e+01            1.806104105932e+01            5.065615293000e+00            -4.072812308337e+01           
4420      4.842208464868e+01            2.328811003545e+01            5.843863360551e+00            -4.205010670288e+01           
4430      3.928217979368e+01            3.561727953078e+00            1.425128866197e+01            -3.643219063966e+01           
4440      4.368923886791e+01            9.824607266575e+00            2.064712441806e+01            -3.722798595385e+01           
4450      3.875282853078e+01            1.609603667162e+01            1.869742541844e+01            -2.988487251643e+01           
4460      5.271787590804e+01            -4.146138474636e+01           -1.086774691370e+01           -3.069234582415e+01           
4470      2.571672263503e+01            1.756868947992e+00            -5.121239773244e+00           -2.514032891137e+01           
4480      3.337280247898e+01            -5.629722601956e+00           -2.744970865306e+01           -1.812632515398e+01           
4490      3.832575434574e+01            -1.196873320828e+01           -6.189469548481e-01           -3.640370552878e+01           
4500      5.461747108944e+01            -2.532291046001e+01           4.160161366348e+01            -2.472092422695e+01           
4510      6.518418759617e+01            3.489787767826e+01            4.324377781822e+00            -5.488548262451e+01           
4520      3.421408732875e+01            7.634865424184e+00            -9.509454268768e+00           -3.196690290291e+01           
4530      5.180443685653e+01            -3.930078037872e+01           1.776549099783e+01            -2.869731118505e+01           
4540      2.140098522142e+01            4.981622304324e+00            -1.111540765093e+01           -1.759640078022e+01           
4550      3.114953772462e+01            2.362135717586e+01            -7.960795724814e+00           -1.868022797120e+01           
4560      4.842902061369e+01            2.395591339173e-03            -2.064659456628e+01           -4.380739851530e+01           
4570      6.942110217995e+01            -2.072333253410e+01           1.488910143742e+01            -6.456119248393e+01           
4580      4.467058447973e+01            8.602659519676e+00            -1.422103094600e+01           -4.146344951619e+01           
4590      3.525917346022e+01            8.375475716780e+00            -1.553058618661e+01           -3.052640844115e+01           
4600      4.165489138457e+01            9.904130760555e+00            -2.258785067098e+01           -3.356824648687e+01           
4610      3.294544155435e+01            1.354850564389e+01            -2.055929580571e+01           -2.188962014294e+01           
4620      2.916679953781e+01            -1.224287182775e+01           -5.214610713463e+00           -2.595423125032e+01           
4630      3.419770137782e+01            -5.455313149813e+00           7.763802181934e+00            -3.285491916964e+01           
4640      3.876135282434e+01            2.317330292355e+01            1.628715447051e+01            -2.646070867608e+01           
4650      3.102784315023e+01            2.408972830286e+00            -5.828214128179e+00           -3.038018796081e+01           
4660      4.294245706960e+01            1.698276639913e+01            -2.928367915356e+01           -2.642170319715e+01           
4670      4.527831271895e+01            -2.408496050464e+01           6.893403673296e+00            -3.771632625219e+01           
4680      3.804112878593e+01            -4.528692354691e+00           2.142379929521e+00            -3.770979492257e+01           
4690      4.672201777255e+01            -2.453853479010e+01           3.471276312810e+00            -3.960754342109e+01           
4700      3.862629848929e+01            1.135724180119e+01            5.822210424798e+00            -3.645690413930e+01           
4710      4.568182121048e+01            -1.784472733183e+01           1.608092802777e+01            -3.885612241752e+01           
4720      2.977110876446e+01            4.320535093707e+00            2.068136514475e+01            -2.097458055169e+01           
4730      3.276060266732e+01            5.981488410281e+00            -9.730465013999e+00           -3.070499852036e+01           
4740      4.715370584280e+01            -9.137281498674e+00           -3.479975045779e+01           -3.047883576516e+01           
4750      2.693391207217e+01            1.432454338283e+01            5.345319531100e+00            -2.217364732053e+01           
4760      3.371591887779e+01            1.744455450919e+01            1.455002749379e+01            -2.491480290267e+01           
4770      3.322371081557e+01            -4.323562091528e+00           -2.284392525077e+01           -2.373345424363e+01           
4780      3.045976145945e+01            -8.351166236932e+00           -4.580045323296e+00           -2.893230504965e+01           
4790      5.027865298272e+01            -1.443018532948e+01           6.948147104099e+00            -4.765958401972e+01           
4800      2.812835655488e+01            7.851043194609e+00            7.784393435826e+00            -2.586443082829e+01           
4810      2.994547091501e+01            -8.112883352414e+00           -9.670294921374e+00           -2.715506855387e+01           
4820      5.638588331881e+01            -8.781221380754e+00           -3.093053971515e+01           -4.632018676166e+01           
4830      3.727966563502e+01            -9.898308865636e+00           -1.109478358442e+01           -3.418629445661e+01           
4840      3.904074433495e+01            6.923674808454e+00            -1.805031641313e+01           -3.391796755054e+01           
4850      5.274806386543e+01            3.748362093628e+01            -1.469426265956e+01           -3.407954001961e+01           
4860      4.465604082436e+01            -3.143244352633e+01           2.048729618915e+00            -3.165384941867e+01           
4870      3.917162439842e+01            5.416990706940e+00            3.127833740490e+00            -3.866896721900e+01           
4880      4.103619353954e+01            3.142369182347e+00            -1.230918024415e+01           -3.902023549203e+01           
4890      3.885489269931e+01            1.432793805861e+01            3.602345268600e+00            -3.593655501338e+01           
4900      4.188522626057e+01            -6.752807155735e-01           5.947871904975e+00            -4.145526498114e+01           
4910      3.753590502764e+01            -7.713661221392e+00           4.860228486623e+00            -3.641183565633e+01           
4920      4.270668787606e+01            2.477340599153e+01            3.473935248087e+00            -3.461316684174e+01           
4930      5.641256802428e+01            4.134792523656e+01            -2.635329425609e+01           -2.789678819466e+01           
4940      3.554551121243e+01            1.410510614216e+01            -2.026925279290e+01           -2.556729823991e+01           
4950      4.026155633788e+01            7.247316398873e+00            2.881474393330e+00            -3.949894212614e+01           
4960      3.498779435298e+01            -2.071047271408e+00           7.156344943445e-01            -3.491911201844e+01           
4970      4.713251191707e+01            2.933115867117e+01            2.280526301668e+01            -2.900132392424e+01           
4980      3.156946869482e+01            -6.301066229526e+00           6.123724362629e+00            -3.032206981680e+01           
4990      6.042103305957e+01            -8.750455472233e+00           1.649216443049e+01            -5.746424346854e+01           
5000      3.982575249213e+01            -1.919192525591e+01           1.016320404864e+01            -3.338367640033e+01           
