@    title "Magnitude of Electric Field"
@    xaxis  label "Residues"
@    yaxis  label "MV/cm"
#time     EField_per_residue            Std.Deviation         EField_residue_alignement   Std.Deviation
@type xydy
21        4.472994774532e-01            2.073876867576e-01            0.008883            0.006761                      
22        2.929087595880e+00            5.149681308638e-02            0.065508            0.031777                      
23        6.236608237811e+00            2.076356264643e-01            0.139432            0.067526                      
24        1.102872036651e-01            1.783090812633e-02            0.002443            0.001317                      
25        7.036301726128e-02            2.772989892644e-02            0.000920            0.000856                      
26        2.345868441094e-02            1.019710271081e-02            0.000414            0.000372                      
27        3.008487833960e-02            1.353392422503e-02            0.000462            0.000425                      
28        1.071528377241e-01            2.056647978850e-02            0.002305            0.001223                      
29        2.268867481355e-02            9.467487307177e-03            0.000303            0.000282                      
30        1.683784465021e-01            2.301908400094e-02            0.003713            0.001825                      
31        2.885805224178e-01            2.905231559078e-02            0.006277            0.003612                      
32        7.798541564274e-02            1.610405566836e-02            0.001582            0.001071                      
33        2.564341747788e-01            1.419029360269e-02            0.005740            0.002791                      
34        4.309302293401e-01            4.494016866914e-02            0.009521            0.004554                      
35        4.692549937302e-01            2.449558731341e-02            0.010459            0.005177                      
36        3.211368805624e-01            1.080503365697e-02            0.007130            0.003513                      
37        5.100446602196e-01            4.147396514804e-02            0.010305            0.005586                      
38        6.201561600765e-01            1.915604724546e-02            0.013748            0.006804                      
39        5.935311194701e-01            2.727296665548e-02            0.013332            0.006626                      
40        3.747554602619e-01            1.184215074739e-02            0.008344            0.003993                      
41        2.943759259047e-01            1.613541191158e-02            0.006483            0.003212                      
42        2.463993241356e-01            6.411760610066e-02            0.004295            0.003449                      
43        1.300389873729e-01            3.133828480253e-02            0.002638            0.001514                      
44        1.838550353619e-01            2.972330321223e-02            0.004052            0.001989                      
45        1.797974885608e-01            2.196825061029e-02            0.003950            0.002082                      
46        9.160646560595e+00            1.900306956881e-01            0.204723            0.098585                      
47        2.516005651616e-01            3.857062366761e-02            0.005578            0.002767                      
48        5.431208137850e-01            2.910815330226e-02            0.012122            0.006115                      
49        5.779769652648e+00            9.978199910025e-02            0.129223            0.062132                      
50        6.953884548092e-02            2.090115223924e-02            0.001326            0.000837                      
51        7.062714838233e-02            2.607882662020e-02            0.001208            0.000925                      
52        8.450961978135e+00            1.427710470153e-01            0.189094            0.091315                      
53        7.916419287675e-02            3.547144398909e-02            0.000997            0.000938                      
54        4.791283412518e-01            3.202064220383e-02            0.010505            0.005344                      
55        1.505233007509e+00            1.854589384221e-01            0.032574            0.017414                      
56        1.532838636441e+00            1.581055802699e-01            0.033621            0.017227                      
57        1.351038131473e+00            6.356489967101e-02            0.030030            0.015205                      
58        3.351090776222e+00            8.077185461319e-02            0.074642            0.036548                      
59        8.767844642426e+00            4.524779905518e-01            0.193623            0.097343                      
60        4.916364127149e+00            3.700291382814e-01            0.107433            0.050313                      
61        2.181343816863e+00            2.871000976028e-01            0.047943            0.023877                      
62        7.421341177665e+00            5.259747541570e-01            0.164291            0.083215                      
63        8.797307128303e+01            5.487349596061e+00            1.966730            0.940941                      
64        4.170584076573e+01            1.352070249553e+01            1.019375            0.277550                      
65        5.387485794015e+01            5.416520933422e+00            1.211998            0.577350                      
66        1.785066469780e+01            1.804819626129e+00            0.400071            0.200117                      
67        2.688306528270e+00            4.313638155128e-01            0.059058            0.031989                      
68        3.238289754144e+01            7.596494755699e-01            0.723746            0.351223                      
69        3.395846377037e+00            2.903880360780e-01            0.075757            0.037897                      
70        7.220172002000e-01            3.275941425753e-01            0.013168            0.010277                      
71        1.389057826792e+00            1.119082372149e-01            0.030962            0.015746                      
72        7.722558010699e-01            1.811504877755e-01            0.015931            0.009280                      
73        9.157429980512e-02            4.646502580034e-02            0.001222            0.001095                      
74        5.406680666831e+00            1.217543425702e-01            0.120891            0.057561                      
75        2.376222434890e-01            1.780204888885e-02            0.005231            0.002730                      
76        5.777864937523e-01            3.908317359252e-02            0.012861            0.006181                      
77        1.103791460705e+01            2.489633134961e-01            0.246664            0.118486                      
78        4.419428648746e-01            1.388890767944e-02            0.009721            0.004751                      
79        8.373909320426e-01            2.268485148271e-02            0.018686            0.009251                      
80        1.176363594770e+00            7.972345014292e-02            0.025978            0.013374                      
81        1.148959297416e+00            3.523902301731e-02            0.025587            0.012323                      
82        8.548902256390e-01            3.489363716259e-02            0.019182            0.009424                      
83        1.195908209710e+00            7.415341841693e-02            0.026484            0.012917                      
84        9.577457984144e-01            1.110008739162e-01            0.020997            0.010653                      
85        9.744310278014e-01            8.569043068663e-02            0.021570            0.009985                      
86        5.162469102667e-01            7.644442209639e-02            0.011338            0.005216                      
87        1.338693191431e-01            5.581609316429e-02            0.001793            0.001555                      
88        4.447733883897e-01            1.116481681696e-01            0.009411            0.005255                      
89        4.429909380012e-01            8.212711792811e-02            0.009813            0.005066                      
90        1.122640906724e-01            4.692068680384e-02            0.002100            0.001678                      
91        7.295552458601e-01            7.526091929468e-02            0.016222            0.008200                      
92        1.438606359876e+00            1.334210508009e-01            0.031937            0.016266                      
93        5.173567833644e-02            2.345503678359e-02            0.000850            0.000709                      
94        4.265332448605e-01            3.713377542134e-02            0.009542            0.004730                      
95        1.091732186792e+00            5.097820475972e-02            0.024363            0.011605                      
96        8.659446709598e-01            2.289581631690e-01            0.018562            0.010159                      
97        7.837215743854e+00            1.730092939604e-01            0.175264            0.084949                      
98        5.531878902274e-01            2.232536896928e-02            0.012374            0.006059                      
99        6.894280224583e-01            2.166810882336e-02            0.015421            0.007542                      
100       3.449839667193e-01            1.889784141290e-02            0.007710            0.003733                      
101       8.511131879353e-02            5.494802385746e-02            0.001609            0.001495                      
102       3.076621546119e-01            9.809453843602e-03            0.006886            0.003339                      
103       2.992445016504e-01            1.108768001249e-01            0.004393            0.003916                      
104       2.856591704555e-01            1.360269044465e-02            0.006376            0.003197                      
105       1.609154415515e-01            9.115013794149e-03            0.003600            0.001788                      
106       3.252759918711e-01            2.108373346221e-02            0.007228            0.003423                      
107       2.569336853356e-01            8.375241781602e-03            0.005755            0.002812                      
108       1.662535802119e-01            7.460724741977e-03            0.003718            0.001818                      
109       1.654028604605e-01            1.972756683413e-02            0.003645            0.001860                      
110       1.426739410844e-01            4.700490748840e-02            0.002472            0.001850                      
111       8.732371088875e-02            1.429825103400e-02            0.001939            0.001012                      
112       2.482873266556e+00            4.992793599522e-02            0.055547            0.026890                      
1         4.263579035268e-01            1.465638332434e-01            0.006405            0.005302                      
2         4.840486144406e-01            1.106613961524e-01            0.006127            0.005020                      
3         2.961458224944e-01            1.002844535310e-01            0.005063            0.003892                      
4         4.202909247881e-01            1.191260978054e-01            0.004964            0.004100                      
5         2.959058750253e-01            8.961921005005e-02            0.003765            0.003466                      
6         4.446735967894e-01            9.857528815953e-02            0.006183            0.004918                      
7         4.568510219736e-01            4.941069010286e-02            0.008580            0.004925                      
8         3.080719168334e-01            1.010771819569e-01            0.003723            0.003363                      
9         3.575752083638e-01            9.846808791357e-02            0.005163            0.004137                      
10        4.414979993122e-01            1.091021629762e-01            0.006529            0.004734                      
11        5.344801177846e-01            8.681936028426e-02            0.006530            0.005347                      
12        4.177272115064e-01            1.050188549015e-01            0.005600            0.004255                      
13        4.698740816283e-01            9.440939950401e-02            0.006584            0.005043                      
14        3.019748737139e-01            9.361051289024e-02            0.003917            0.003180                      
15        3.399877439149e-01            8.603488223348e-02            0.004365            0.003657                      
16        3.695770053399e-01            1.303441628103e-01            0.004467            0.003862                      
17        4.792572538103e-01            9.476781170149e-02            0.005694            0.004889                      
18        1.988496610080e-01            4.236849568996e-02            0.002636            0.002183                      
19        1.677000581492e-01            2.274754198740e-02            0.001926            0.001520                      
20        3.139720198705e-01            1.085820256741e-01            0.004668            0.003460                      
21        2.539563692697e-01            7.443002823877e-02            0.003158            0.002506                      
22        2.520719854244e-01            5.197398502766e-02            0.002732            0.002349                      
23        2.433530280680e-01            5.834219701181e-02            0.003085            0.002251                      
24        2.739234120473e-01            6.212881908930e-02            0.003427            0.002629                      
25        2.347340871736e-01            7.328930386990e-02            0.003507            0.002915                      
26        2.763351536903e-01            8.231971441882e-02            0.003433            0.003252                      
27        3.757714859007e-01            7.102186383097e-02            0.004821            0.003770                      
28        2.149138253641e-01            5.340724142128e-02            0.002495            0.002049                      
29        1.589867437188e-01            3.909767863140e-02            0.002161            0.001619                      
30        2.285412786510e-01            6.664386972597e-02            0.003018            0.002616                      
31        1.716573818340e-01            5.322483235866e-02            0.001918            0.001582                      
32        1.683267529138e-01            4.218180589978e-02            0.002335            0.001928                      
33        1.650757612147e-01            4.668171661453e-02            0.002064            0.001784                      
34        2.014380066512e-01            3.957939795863e-02            0.002539            0.002178                      
35        2.034427991867e-01            6.140353411932e-02            0.002682            0.002050                      
36        2.080904055998e-01            7.964232204742e-02            0.002694            0.002644                      
37        1.619836868435e-01            3.493397559442e-02            0.002310            0.001646                      
38        2.105346839208e-01            5.047039967832e-02            0.003305            0.002695                      
39        1.535822410036e-01            3.308162343081e-02            0.001888            0.001447                      
40        1.357834041425e-01            3.500216267904e-02            0.001763            0.001468                      
41        2.020992005673e-01            5.840709696628e-02            0.002436            0.001986                      
42        1.630617367927e-01            3.752095376793e-02            0.001899            0.001681                      
43        1.105722254033e-01            3.096518617081e-02            0.001529            0.001383                      
44        1.605040412512e-01            4.208867182295e-02            0.001684            0.001435                      
45        9.685164668326e-02            3.489251497766e-02            0.001361            0.001112                      
46        1.423912331170e-01            3.722102792693e-02            0.002028            0.001435                      
47        1.019709940752e-01            3.048615789335e-02            0.001210            0.001050                      
48        1.592120208840e-01            4.054461970027e-02            0.002197            0.001690                      
49        1.053034459240e-01            2.820467130201e-02            0.001459            0.001093                      
50        1.014558988407e-01            2.147431736930e-02            0.001167            0.000948                      
51        8.977536612161e-02            2.197538509342e-02            0.001322            0.001191                      
52        7.540456876320e-02            1.874651433563e-02            0.001049            0.000757                      
53        1.373130094020e-01            3.234174865866e-02            0.001564            0.001305                      
54        1.280154412445e-01            4.129081726838e-02            0.001720            0.001450                      
55        1.252822321053e-01            3.945290676543e-02            0.001766            0.001613                      
56        1.406886278469e-01            3.415944418905e-02            0.001601            0.001305                      
57        1.383301273784e-01            3.591144833837e-02            0.002041            0.001635                      
58        1.576836043345e-01            4.825628078079e-02            0.001997            0.001700                      
59        1.312959944058e-01            3.294607216373e-02            0.001796            0.001401                      
60        1.867962096505e-01            4.615634493541e-02            0.002133            0.001711                      
61        1.702386266803e-01            3.456587018340e-02            0.002262            0.001848                      
62        1.311413705891e-01            3.852316047174e-02            0.001754            0.001811                      
63        1.052733983327e-01            3.089525470070e-02            0.001583            0.001192                      
64        8.025928000443e-02            2.388982160945e-02            0.001148            0.000828                      
65        9.796052128201e-02            2.331706294011e-02            0.001126            0.000884                      
66        1.036120329986e-01            2.107703835439e-02            0.001128            0.000923                      
67        1.052941611819e-01            2.709226549650e-02            0.001317            0.001142                      
68        1.242069677403e-01            3.095593179373e-02            0.001468            0.001257                      
69        9.500766275195e-02            2.258771048833e-02            0.001246            0.001038                      
70        1.035850963835e-01            3.287340822506e-02            0.001248            0.001070                      
71        6.614848307898e-02            1.682998193418e-02            0.000910            0.000759                      
72        1.014017198183e-01            2.616466994641e-02            0.001227            0.001078                      
73        1.020122522565e-01            2.126858171377e-02            0.001100            0.000942                      
74        1.231547386269e-01            4.116009591377e-02            0.001814            0.001410                      
75        8.664053005238e-02            2.179379688171e-02            0.001137            0.000972                      
76        9.627021041315e-02            2.468093170189e-02            0.001228            0.000884                      
77        6.572726464669e-02            1.492149044143e-02            0.000932            0.000710                      
78        9.554820923447e-02            2.205212253069e-02            0.001421            0.001193                      
79        1.120143200950e-01            4.342833939495e-02            0.001428            0.001509                      
80        7.554609563950e-02            1.516460602135e-02            0.000809            0.000638                      
81        6.691092964120e-02            2.111942760800e-02            0.000944            0.000758                      
82        6.737478218530e-02            9.831638148555e-03            0.000744            0.000557                      
83        7.974845823728e-02            2.655798879779e-02            0.001011            0.000975                      
84        1.028607195425e-01            3.395928918198e-02            0.001243            0.001087                      
85        6.974174732034e-02            1.928788839994e-02            0.000926            0.000726                      
86        6.821780545796e-02            2.193775021838e-02            0.000929            0.000834                      
87        7.254255394742e-02            1.984160920349e-02            0.000824            0.000600                      
88        6.915157495705e-02            1.668363803096e-02            0.000773            0.000634                      
89        5.932048824223e-02            1.775264444279e-02            0.000788            0.000593                      
90        7.110258192168e-02            1.941291831163e-02            0.001038            0.000772                      
91        5.733773769155e-02            1.465590261217e-02            0.000695            0.000585                      
92        7.843422941863e-02            2.364865672519e-02            0.001220            0.000832                      
93        7.053825481487e-02            2.413458330358e-02            0.000964            0.000765                      
94        4.753041697904e-02            9.443182594074e-03            0.000590            0.000519                      
95        5.656072162260e-02            1.223705985827e-02            0.000629            0.000482                      
96        5.002574067875e-02            1.285630160969e-02            0.000740            0.000516                      
97        3.847526392357e-02            7.587882899793e-03            0.000500            0.000370                      
98        4.893852229472e-02            8.749178257606e-03            0.000588            0.000480                      
99        3.906419938173e-02            1.024257998679e-02            0.000456            0.000395                      
100       4.729229800068e-02            7.446968579434e-03            0.000482            0.000405                      
101       1.717106507411e-01            4.600877699063e-02            0.003227            0.002131                      
102       1.164449893665e-01            3.992397722725e-02            0.001522            0.001449                      
103       1.674698136039e-01            2.913140800127e-02            0.002036            0.001534                      
104       1.776881609351e-01            3.535191711694e-02            0.002517            0.001985                      
105       1.711002538215e-01            4.290047774103e-02            0.002467            0.002085                      
106       2.269828457858e-01            5.691150718245e-02            0.004606            0.003061                      
107       1.145519236108e-01            3.362353296500e-02            0.001559            0.001372                      
108       1.672351899180e-01            4.357845492588e-02            0.002236            0.001907                      
109       2.326489099168e-01            6.594027451897e-02            0.003257            0.002748                      
110       1.616282170518e-01            3.385087851282e-02            0.002531            0.001617                      
111       2.057846433489e-01            6.427464463788e-02            0.002797            0.002527                      
112       1.459486655691e-01            3.075222161389e-02            0.001624            0.001390                      
113       1.768574616611e-01            4.457728910137e-02            0.002594            0.001911                      
114       1.291175972430e-01            1.776355949949e-02            0.001757            0.001308                      
115       1.212375587201e-01            2.713647631238e-02            0.001678            0.001317                      
116       1.868366021383e-01            7.167089917584e-02            0.002886            0.002351                      
117       1.483593560912e-01            4.089861817164e-02            0.002394            0.001881                      
118       2.064705053570e-01            2.251247904741e-02            0.003587            0.002292                      
119       1.585536056805e-01            2.904962531807e-02            0.002591            0.001966                      
120       1.178069465669e-01            2.184894963497e-02            0.001858            0.001300                      
121       1.293115064262e-01            2.472445592942e-02            0.001666            0.001372                      
122       1.036225071305e-01            1.254615646218e-02            0.001283            0.000985                      
123       2.035965398330e-01            5.599952233634e-02            0.002799            0.002424                      
124       1.338494736840e-01            3.619262940407e-02            0.002301            0.001791                      
125       1.096071409844e-01            2.989291651439e-02            0.001545            0.001294                      
126       1.224878424236e-01            2.512198685014e-02            0.001753            0.001390                      
127       1.072546422076e-01            2.543877851664e-02            0.001447            0.001144                      
128       9.103905040072e-02            1.374302025462e-02            0.001433            0.000911                      
129       1.156582443978e-01            2.785484449338e-02            0.001812            0.001391                      
130       9.467464063674e-02            2.255403565166e-02            0.001551            0.001193                      
131       1.151416129686e-01            2.420571202754e-02            0.001738            0.001305                      
132       1.277658032999e-01            3.642699077458e-02            0.001615            0.001403                      
133       1.132685878571e-01            2.148068921906e-02            0.001825            0.001492                      
134       1.375432232726e-01            3.825905676259e-02            0.001537            0.001274                      
135       1.054107379017e-01            2.236938482572e-02            0.001741            0.001358                      
136       1.217407081790e-01            3.119387888502e-02            0.001595            0.001231                      
137       1.381370018425e-01            2.678264430429e-02            0.002588            0.001559                      
138       9.241629199409e-02            1.928552839753e-02            0.001451            0.001075                      
139       1.197826767980e-01            3.576913922672e-02            0.001654            0.001292                      
140       1.137852261382e-01            2.387856679955e-02            0.001886            0.001335                      
141       1.447749319295e-01            2.129459826220e-02            0.001791            0.001371                      
142       9.076784581557e-02            2.121014133066e-02            0.001306            0.000994                      
143       8.888756222771e-02            1.737978171756e-02            0.001289            0.000904                      
144       1.070336436355e-01            3.021904971178e-02            0.001517            0.001391                      
145       8.518774699673e-02            1.644214708288e-02            0.001457            0.001004                      
146       1.029864572368e-01            2.306070007580e-02            0.001762            0.001199                      
147       8.860590913155e-02            2.120733910228e-02            0.001302            0.001120                      
148       9.610946316894e-02            2.580839778195e-02            0.001381            0.001054                      
149       1.085949174783e-01            1.594024249860e-02            0.001571            0.001247                      
150       9.796856322952e-02            3.104331036944e-02            0.001253            0.001193                      
151       6.214821226069e-02            8.426266526955e-03            0.000878            0.000610                      
152       7.979883936109e-02            1.154056167520e-02            0.000958            0.000752                      
153       7.324334150222e-02            1.399110908290e-02            0.000961            0.000744                      
154       8.058903032266e-02            1.794358526914e-02            0.001113            0.001099                      
155       7.421434376692e-02            1.454599912815e-02            0.000982            0.000850                      
156       1.006195437815e-01            1.917668849424e-02            0.001376            0.001092                      
157       8.037353797914e-02            2.167276572602e-02            0.001035            0.000931                      
158       9.718985629284e-02            3.079278435356e-02            0.001380            0.001185                      
159       6.469404593274e-02            1.751553582302e-02            0.000825            0.000720                      
160       9.645229432890e-02            1.849401319473e-02            0.001311            0.000974                      
161       6.915220167308e-02            1.771865995200e-02            0.001146            0.000821                      
162       7.085893669228e-02            1.392470696860e-02            0.000887            0.000674                      
163       6.644699103791e-02            1.501397016819e-02            0.000972            0.000707                      
164       9.082459169790e-02            1.662272427521e-02            0.001134            0.000906                      
165       8.761065510969e-02            1.977884876600e-02            0.001225            0.001019                      
166       7.847662437410e-02            1.612335636648e-02            0.001209            0.000947                      
167       8.435240976871e-02            1.633729225484e-02            0.001344            0.000862                      
168       5.372801123393e-02            1.251073115064e-02            0.000787            0.000651                      
169       6.324648509767e-02            1.802235219399e-02            0.000882            0.000697                      
170       6.490328524118e-02            1.356660675002e-02            0.000744            0.000637                      
171       5.793454163062e-02            1.184781801214e-02            0.000798            0.000739                      
172       7.026495671465e-02            1.698458011563e-02            0.001209            0.000805                      
173       9.466813070105e-02            1.945323815831e-02            0.001454            0.001078                      
174       5.348790317261e-02            1.378939590460e-02            0.000770            0.000580                      
175       5.984598730405e-02            1.745250824366e-02            0.000708            0.000619                      
176       8.193615089673e-02            1.716064048329e-02            0.001013            0.000858                      
177       5.633616215668e-02            1.083119723709e-02            0.000785            0.000578                      
178       7.748555662992e-02            1.562423064766e-02            0.001047            0.000797                      
179       6.647391832880e-02            1.936286005830e-02            0.001056            0.000938                      
180       6.255115126467e-02            1.443509474085e-02            0.000810            0.000612                      
181       5.256388428720e-02            1.309575763632e-02            0.000703            0.000547                      
182       7.705623274572e-02            1.727860898903e-02            0.001175            0.000827                      
183       4.273402256660e-02            1.009064854279e-02            0.000619            0.000500                      
184       6.659507716308e-02            2.252362403205e-02            0.000823            0.000675                      
185       4.972826719217e-02            1.266416294047e-02            0.000733            0.000607                      
186       4.195521457230e-02            1.049129270282e-02            0.000818            0.000516                      
187       5.214963200036e-02            1.933178959221e-02            0.000771            0.000555                      
188       4.181083796534e-02            1.001652124227e-02            0.000758            0.000507                      
189       3.941743265412e-02            1.218835379429e-02            0.000572            0.000465                      
190       4.548782549398e-02            1.052277604229e-02            0.000516            0.000403                      
191       6.674198245121e-02            1.799722886924e-02            0.000899            0.000795                      
192       4.870108357912e-02            1.014844200744e-02            0.000681            0.000596                      
193       4.825311975363e-02            1.001798454630e-02            0.000710            0.000516                      
194       5.681458349754e-02            1.744854199082e-02            0.000795            0.000655                      
195       4.989885805906e-02            1.173073787983e-02            0.000633            0.000520                      
196       5.387305625179e-02            1.260859435104e-02            0.000601            0.000503                      
197       4.527013371732e-02            1.004106131657e-02            0.000656            0.000499                      
198       4.653988736403e-02            1.021921449526e-02            0.000747            0.000543                      
199       3.557655317800e-02            7.644873508393e-03            0.000470            0.000375                      
200       3.674070577705e-02            1.032012069568e-02            0.000548            0.000376                      
201       3.363542979381e-02            8.592325109150e-03            0.000402            0.000292                      
202       3.830483155167e-02            9.641750007173e-03            0.000646            0.000509                      
