@    title "Magnitude of Electric Field"
@    xaxis  label "Residues"
@    yaxis  label "MV/cm"
#time     EField_per_residue            Std.Deviation         EField_residue_alignement   Std.Deviation
@type xydy
21        1.819752782610e+00            5.651180974444e-01            0.050096            0.028213                      
22        1.361748674402e+00            1.761627691778e-01            0.067444            0.017037                      
23        4.517203130060e+00            5.479766027182e-01            0.219593            0.055859                      
24        4.289712879250e-01            2.279907654150e-02            0.022027            0.005036                      
25        4.006584498119e-01            5.086926862007e-02            0.018703            0.005741                      
26        3.599781579287e-01            1.614804262293e-02            0.018717            0.004324                      
27        2.432899483682e-01            3.367398507750e-02            0.012259            0.003248                      
28        3.445611309819e-01            2.228942405739e-02            0.017761            0.004010                      
29        2.484064348086e-01            1.380759842004e-02            0.012828            0.002963                      
30        5.761314712680e-02            2.098055391701e-02            0.002319            0.001256                      
31        4.842605070863e-01            3.053714698693e-02            0.024703            0.005851                      
32        1.640282417104e-01            1.547245224016e-02            0.008446            0.002079                      
33        2.666929309890e-02            1.012699405587e-02            0.000988            0.000638                      
34        1.471227679020e-01            3.476449572045e-02            0.007297            0.002656                      
35        9.426265118671e-02            1.535787294931e-02            0.004801            0.001388                      
36        1.913163027001e-02            8.054186513841e-03            0.000812            0.000537                      
37        1.830312487696e-01            3.544419370381e-02            0.009051            0.002767                      
38        2.314735609343e-01            1.027244259590e-02            0.012002            0.002709                      
39        4.395259243359e-02            1.215403427492e-02            0.002124            0.000788                      
40        4.321991870328e-02            6.589966735372e-03            0.002192            0.000612                      
41        1.543030587180e-01            8.054350645987e-03            0.008004            0.001807                      
42        3.603402264704e-02            1.528706382236e-02            0.001740            0.000937                      
43        1.504779312633e-01            8.571702342624e-03            0.007749            0.001801                      
44        1.380845854780e-01            8.183872086427e-03            0.007099            0.001557                      
45        1.061158769404e-01            6.865822359509e-03            0.005491            0.001247                      
46        4.120941356445e+00            3.453291214663e-02            0.213885            0.047603                      
47        1.910371288808e-02            6.850365216042e-03            0.000931            0.000446                      
48        1.324387781112e-01            7.066798560122e-03            0.006876            0.001573                      
49        3.287089243409e+00            1.820039719115e-02            0.170524            0.037966                      
50        2.034598367719e-01            4.669105646687e-03            0.010532            0.002349                      
51        2.168440781791e-01            4.289482377720e-03            0.011247            0.002503                      
52        4.295430895785e+00            2.456014825589e-02            0.222836            0.049626                      
53        2.821084070394e-01            6.608822455533e-03            0.014640            0.003249                      
54        3.499339856134e-01            7.034176449724e-03            0.018151            0.004051                      
55        5.037206954484e-01            1.544214661902e-02            0.026159            0.005891                      
56        4.461113038279e-01            1.221845939333e-02            0.023157            0.005134                      
57        4.481683069033e-01            1.825332197827e-02            0.023270            0.005206                      
58        6.919123420693e-01            1.284677558760e-02            0.035900            0.008005                      
59        6.970439539677e-01            2.432239556302e-02            0.036212            0.008097                      
60        6.864378589812e-01            3.471580335099e-02            0.035595            0.008048                      
61        1.125635775127e+00            4.168266094542e-02            0.058560            0.012740                      
62        7.361186872672e-01            9.945729540231e-02            0.038117            0.009433                      
63        1.027671543908e+00            1.076455004569e-01            0.053249            0.012389                      
64        6.070231826663e-02            3.053959500712e-02            0.002790            0.001881                      
65        2.553574657920e-02            1.232732331155e-02            0.001030            0.000833                      
66        3.404675817918e-02            1.883760560038e-02            0.001464            0.001183                      
67        1.446313348215e-01            1.135267478237e-02            0.007466            0.001728                      
68        5.946849527116e+00            5.009058162073e-02            0.308616            0.068465                      
69        1.921272567302e-01            6.968218510442e-03            0.009961            0.002265                      
70        3.069263920466e-01            2.319022800058e-02            0.015942            0.003806                      
71        1.914601389074e-02            8.351976658236e-03            0.000795            0.000536                      
72        1.568171596549e-01            3.028006594237e-02            0.008046            0.002585                      
73        1.591073149192e-01            1.238829981625e-02            0.008255            0.001910                      
74        3.589201148735e+00            3.439915157165e-02            0.186235            0.041498                      
75        1.706346430649e-01            6.830893971913e-03            0.008845            0.001954                      
76        1.805658197808e-01            5.858144570579e-03            0.009354            0.002108                      
77        4.125013613092e+00            3.630348458193e-02            0.214035            0.047759                      
78        2.547572473206e-01            1.100053101938e-02            0.013193            0.002987                      
79        2.564962539842e-01            1.114978238614e-02            0.013282            0.002995                      
80        3.821834558504e-01            1.497551388034e-02            0.019825            0.004508                      
81        4.848767109414e-01            1.475996079907e-02            0.025117            0.005591                      
82        4.235519069155e-01            2.317701311861e-02            0.021942            0.005116                      
83        5.626949885034e-01            3.006042752758e-02            0.029213            0.006762                      
84        6.056551210599e-01            3.920560196401e-02            0.031422            0.007466                      
85        6.869169832784e-01            6.018370535960e-02            0.035766            0.009144                      
86        4.880947926032e-01            8.284010980702e-02            0.025271            0.008391                      
87        3.370836783124e-01            5.162591490877e-02            0.017250            0.005299                      
88        8.457470045892e-01            1.209703484391e-01            0.043519            0.012088                      
89        1.021707751839e+00            1.747939010627e-01            0.051500            0.017768                      
90        6.354711638924e-01            8.351178920219e-02            0.032464            0.009258                      
91        1.537563682301e-01            5.947628733007e-02            0.006253            0.004075                      
92        4.463981644652e-01            2.012364913843e-01            0.014588            0.011171                      
93        4.607038222502e-01            1.358127736089e-01            0.021097            0.009601                      
94        4.107279752433e-01            6.344307899454e-02            0.020710            0.005879                      
95        1.708896372742e+00            1.201817387978e-01            0.088390            0.020632                      
96        8.371365980175e+00            2.844143827653e+00            0.236734            0.188692                      
97        4.767851212618e+00            1.023252269395e+00            0.203176            0.068018                      
98        1.216519895200e+00            5.468030278366e-02            0.063075            0.014095                      
99        1.787969873427e+00            6.451776609500e-02            0.092274            0.020986                      
100       7.344950623476e-01            1.080676861172e-01            0.035263            0.010564                      
101       8.202927783927e-01            2.762307560672e-01            0.015171            0.010600                      
102       6.744428151799e-01            2.732742427409e-02            0.035021            0.007622                      
103       6.045603357842e-01            2.617447073394e-01            0.014218            0.011373                      
104       1.331504446958e-01            4.309515906059e-02            0.005107            0.003021                      
105       7.803310475619e-02            2.511440334334e-02            0.002688            0.001512                      
106       3.297672350983e-01            3.937485894050e-02            0.016828            0.005243                      
107       2.149082671307e-01            1.904371729014e-02            0.010644            0.002672                      
108       8.044651853209e-02            2.186994770999e-02            0.003794            0.001580                      
109       7.364412640784e-02            4.111957168191e-02            0.001998            0.001802                      
110       2.139523772009e-01            5.517091570020e-02            0.004258            0.002743                      
111       7.664388925981e-02            2.730770015262e-02            0.002392            0.001370                      
112       9.958625265105e-01            9.740067037762e-02            0.049637            0.012559                      
1         1.102791630386e-01            3.518533492087e-02            0.004101            0.001938                      
2         1.243946141277e-01            2.712874565284e-02            0.005530            0.002911                      
3         8.068263827655e-02            1.812666797359e-02            0.002609            0.001891                      
4         1.218009209383e-01            3.403432836566e-02            0.004742            0.002714                      
5         9.228660273391e-02            2.251211744679e-02            0.003574            0.002362                      
6         1.096291295522e-01            2.382877887854e-02            0.003995            0.002330                      
7         9.590051568877e-02            9.777281620939e-03            0.003080            0.001532                      
8         9.520838994289e-02            2.687222499036e-02            0.003901            0.002167                      
9         1.012386977676e-01            2.397922658663e-02            0.003795            0.001845                      
10        9.962679097672e-02            1.727644237580e-02            0.003570            0.002204                      
11        1.404057645428e-01            2.409103483033e-02            0.004699            0.002404                      
12        1.188573358817e-01            3.159703096073e-02            0.002958            0.002409                      
13        1.192417569701e-01            3.628345955783e-02            0.004141            0.002291                      
14        9.909287604987e-02            3.099835560555e-02            0.003759            0.002991                      
15        1.048112522681e-01            2.511400374465e-02            0.002927            0.001900                      
16        1.187337156251e-01            4.344596985501e-02            0.004085            0.002287                      
17        1.269880381418e-01            2.361949582369e-02            0.005165            0.002324                      
18        7.504625947158e-02            1.884953570415e-02            0.003193            0.001447                      
19        7.630566301584e-02            1.136768651208e-02            0.003185            0.001164                      
20        9.162086390163e-02            2.240929606981e-02            0.003663            0.002315                      
21        8.394381921172e-02            2.132935829948e-02            0.003472            0.001977                      
22        8.991081393414e-02            1.877946145650e-02            0.002869            0.001754                      
23        8.703583626612e-02            2.141185414679e-02            0.003108            0.001831                      
24        8.887161387745e-02            1.691673467326e-02            0.002483            0.001663                      
25        7.261108907636e-02            1.696034727897e-02            0.002387            0.001649                      
26        8.053922048833e-02            1.824859756584e-02            0.002306            0.001625                      
27        9.969466569236e-02            1.616482451873e-02            0.003124            0.002005                      
28        8.466205794250e-02            1.825036657026e-02            0.002566            0.001647                      
29        6.600356466272e-02            1.591514275285e-02            0.001885            0.001407                      
30        8.291960275857e-02            1.944532730426e-02            0.002680            0.001773                      
31        7.287686294262e-02            2.339974543741e-02            0.002155            0.001559                      
32        6.649090620782e-02            1.225617258102e-02            0.002337            0.001429                      
33        6.399247347407e-02            1.435662598219e-02            0.002459            0.001763                      
34        7.623277338673e-02            1.689581717713e-02            0.002477            0.001322                      
35        7.481556011098e-02            2.015976054623e-02            0.002674            0.001909                      
36        7.963399769854e-02            2.004812150585e-02            0.002700            0.001444                      
37        6.127853786718e-02            9.113001049860e-03            0.001569            0.001145                      
38        6.910689525819e-02            1.162268417401e-02            0.001770            0.001372                      
39        6.324589476877e-02            1.306824694379e-02            0.001888            0.001123                      
40        6.443540646419e-02            1.766374226998e-02            0.002183            0.001211                      
41        7.726249291955e-02            1.839289085975e-02            0.002770            0.002095                      
42        8.088181237554e-02            2.051839833769e-02            0.001787            0.001245                      
43        5.401390314177e-02            1.437826872228e-02            0.001690            0.001069                      
44        6.958629959804e-02            1.836877096851e-02            0.001842            0.001410                      
45        4.311648898319e-02            1.219970009567e-02            0.001874            0.001214                      
46        5.602228592006e-02            1.059517347031e-02            0.001846            0.000988                      
47        4.907949430868e-02            1.273627377704e-02            0.001427            0.001036                      
48        6.585975538846e-02            2.001017660981e-02            0.002783            0.001393                      
49        4.936825072508e-02            1.268015339813e-02            0.001275            0.000915                      
50        5.327100158327e-02            1.072826115708e-02            0.001838            0.000982                      
51        4.146421842087e-02            9.593752214703e-03            0.001525            0.000904                      
52        4.007333703714e-02            1.098549420459e-02            0.001357            0.000713                      
53        6.392126753815e-02            1.442657131455e-02            0.002245            0.001344                      
54        5.419265761391e-02            1.357091630252e-02            0.001477            0.001176                      
55        5.353985559848e-02            1.134604080464e-02            0.001150            0.000877                      
56        6.559609109259e-02            1.668164641601e-02            0.002290            0.001346                      
57        5.985873493712e-02            1.730027360253e-02            0.002017            0.001247                      
58        6.458187540134e-02            1.781818057413e-02            0.002719            0.001361                      
59        5.779216517995e-02            1.214591337512e-02            0.001801            0.001178                      
60        8.219166066126e-02            1.817080210966e-02            0.002850            0.001432                      
61        6.885856135564e-02            1.331887199322e-02            0.002227            0.001246                      
62        6.016784670022e-02            1.164932255961e-02            0.001514            0.001051                      
63        4.582529691567e-02            1.010118191541e-02            0.001731            0.001018                      
64        3.900426005709e-02            8.207841480590e-03            0.001078            0.000908                      
65        5.176534514717e-02            1.238356198907e-02            0.001673            0.001047                      
66        5.605986572197e-02            1.089328425308e-02            0.001086            0.000928                      
67        4.974920652990e-02            1.271742038722e-02            0.001984            0.001004                      
68        5.879102630875e-02            1.423355609231e-02            0.002397            0.001258                      
69        4.765874630587e-02            1.070485245814e-02            0.001569            0.000999                      
70        5.234219131624e-02            1.609717396391e-02            0.001771            0.001013                      
71        3.407135069298e-02            7.904966411859e-03            0.000951            0.000676                      
72        5.149302888025e-02            1.224933565918e-02            0.001473            0.001007                      
73        5.442161479457e-02            1.050486615373e-02            0.002169            0.000936                      
74        5.135134719488e-02            1.455584197439e-02            0.001872            0.001083                      
75        4.378339876377e-02            1.194981567216e-02            0.001219            0.000855                      
76        4.773417943561e-02            1.074205054545e-02            0.001102            0.000846                      
77        3.485489241745e-02            7.180021535012e-03            0.000913            0.000609                      
78        4.580224030838e-02            1.057294040609e-02            0.001632            0.001180                      
79        5.398732981614e-02            1.792843821777e-02            0.001928            0.001052                      
80        4.326465432024e-02            9.197056698752e-03            0.001255            0.000787                      
81        3.591569251891e-02            9.255218479942e-03            0.001233            0.000852                      
82        3.929682278262e-02            7.155097248547e-03            0.000730            0.000513                      
83        4.318301503245e-02            1.299539406322e-02            0.001219            0.000930                      
84        5.294559753442e-02            1.531820786506e-02            0.002204            0.001127                      
85        3.751838796323e-02            1.008772302842e-02            0.001485            0.000809                      
86        3.510908347650e-02            9.229149222359e-03            0.001069            0.000741                      
87        4.535316277810e-02            1.230156949293e-02            0.000960            0.000752                      
88        4.257612213042e-02            7.980954989685e-03            0.001640            0.000864                      
89        3.429876636640e-02            8.865435046603e-03            0.001096            0.000642                      
90        3.656117171266e-02            9.638394852367e-03            0.001244            0.000737                      
91        3.325930258451e-02            8.097318129154e-03            0.001071            0.000643                      
92        4.100374135815e-02            9.701178717129e-03            0.001577            0.000892                      
93        3.584468367274e-02            1.024067324813e-02            0.001417            0.000981                      
94        2.915224461069e-02            5.712846147837e-03            0.000755            0.000488                      
95        3.549569661301e-02            7.601530426561e-03            0.001270            0.000547                      
96        2.983812830344e-02            7.186513187184e-03            0.000955            0.000626                      
97        2.417135743935e-02            3.886932467468e-03            0.000648            0.000455                      
98        3.001986004038e-02            5.368914582752e-03            0.000805            0.000407                      
99        2.548566592392e-02            6.323961143042e-03            0.000672            0.000467                      
100       3.217376488008e-02            5.545524378204e-03            0.000877            0.000415                      
101       5.341487468433e-01            1.471809512690e-01            0.012468            0.007546                      
102       2.552204683330e-01            6.120778057770e-02            0.004252            0.003524                      
103       3.770170987521e-01            7.289586551794e-02            0.009009            0.006509                      
104       5.618875397780e-01            1.327363280714e-01            0.011332            0.007574                      
105       5.682822658030e-01            2.588920901135e-01            0.015738            0.009334                      
106       6.453272086209e-01            1.189991467684e-01            0.013307            0.007705                      
107       2.712766844297e-01            1.083512243610e-01            0.005246            0.004490                      
108       3.583425307151e-01            7.314338712468e-02            0.009783            0.005710                      
109       7.098415569798e-01            1.807774285052e-01            0.019098            0.011111                      
110       4.505626235366e-01            9.326657471127e-02            0.013096            0.006647                      
111       5.568534892593e-01            1.328236773467e-01            0.015137            0.008157                      
112       2.299320754500e-01            4.116903167169e-02            0.004584            0.003543                      
113       4.109778932458e-01            1.023547396509e-01            0.006993            0.004751                      
114       2.088330308544e-01            3.686797142130e-02            0.004019            0.002708                      
115       2.766964489493e-01            7.059481763163e-02            0.005695            0.003888                      
116       4.890705780714e-01            1.781303864340e-01            0.009453            0.007726                      
117       3.805632800514e-01            9.356535116357e-02            0.007951            0.005564                      
118       4.198578090830e-01            3.898452351135e-02            0.006296            0.004239                      
119       3.137003170958e-01            6.901249039201e-02            0.005204            0.003480                      
120       2.666768128973e-01            6.008848196949e-02            0.005242            0.003544                      
121       2.781756023379e-01            5.035681785388e-02            0.008650            0.003987                      
122       1.773669544998e-01            2.304393021649e-02            0.004261            0.002537                      
123       4.665681688200e-01            9.370204453264e-02            0.013836            0.007486                      
124       3.161394645152e-01            7.623286331405e-02            0.007569            0.004240                      
125       2.079254500905e-01            4.994821473474e-02            0.003590            0.002700                      
126       2.057857930098e-01            4.298802988100e-02            0.004276            0.002866                      
127       2.127854625531e-01            4.443035562837e-02            0.005830            0.003215                      
128       1.779814202647e-01            4.443810216650e-02            0.005634            0.003254                      
129       2.587028526256e-01            5.422446673113e-02            0.003516            0.002936                      
130       1.983353733449e-01            5.244079644627e-02            0.003724            0.002576                      
131       2.050297260206e-01            4.576674792119e-02            0.003978            0.002732                      
132       2.533551364377e-01            9.045663926441e-02            0.005009            0.003951                      
133       2.895845253894e-01            7.722225154940e-02            0.007424            0.004004                      
134       2.378502293878e-01            5.293526864384e-02            0.005243            0.004268                      
135       2.489794424154e-01            6.815830019582e-02            0.004612            0.002967                      
136       2.790730184250e-01            5.746095953883e-02            0.006968            0.004717                      
137       3.264674833998e-01            4.722616625128e-02            0.008264            0.004155                      
138       1.703758648958e-01            3.787007247681e-02            0.003576            0.002285                      
139       2.464436726443e-01            7.801035611638e-02            0.005666            0.003937                      
140       2.063092319583e-01            4.331704007783e-02            0.004078            0.002601                      
141       2.257352131998e-01            3.373576559590e-02            0.005483            0.002796                      
142       1.739889832132e-01            3.604890818614e-02            0.005343            0.002858                      
143       1.377223131381e-01            2.673027049725e-02            0.002063            0.001560                      
144       1.773285480332e-01            4.091452534446e-02            0.002816            0.001880                      
145       1.791957444852e-01            3.982707213274e-02            0.003440            0.002343                      
146       1.923871985001e-01            4.439129857956e-02            0.004564            0.002909                      
147       1.584066930659e-01            3.678133340588e-02            0.002500            0.001772                      
148       1.437174360984e-01            3.464838846789e-02            0.002994            0.001763                      
149       1.701473223418e-01            3.713894273750e-02            0.002273            0.001871                      
150       1.405265378368e-01            3.467457377478e-02            0.002531            0.002153                      
151       9.533004801915e-02            1.371749920735e-02            0.002822            0.001501                      
152       1.322006219687e-01            1.720330504337e-02            0.003410            0.002175                      
153       1.480968059829e-01            3.586675633233e-02            0.004963            0.002498                      
154       1.375629857474e-01            2.796340057292e-02            0.002094            0.001600                      
155       1.256658803889e-01            2.633133491855e-02            0.002920            0.001734                      
156       1.471182216826e-01            2.759675459656e-02            0.001809            0.001372                      
157       1.353241925305e-01            2.823442668349e-02            0.003403            0.002195                      
158       1.669129218351e-01            5.104981230083e-02            0.003081            0.002356                      
159       9.714083036729e-02            2.519157226381e-02            0.001550            0.001200                      
160       1.391583570672e-01            1.739123569632e-02            0.002346            0.001553                      
161       1.324664448551e-01            3.521806806974e-02            0.003940            0.002062                      
162       1.150684906482e-01            1.897585761537e-02            0.003266            0.001806                      
163       1.274032968918e-01            3.404561660197e-02            0.003828            0.002079                      
164       1.645794770949e-01            3.174394972233e-02            0.002835            0.001828                      
165       1.576069302195e-01            3.312080503800e-02            0.002927            0.002032                      
166       1.287012496325e-01            3.018829713599e-02            0.002233            0.001642                      
167       1.486264075462e-01            2.309520162802e-02            0.002123            0.001575                      
168       8.646018067944e-02            2.538792627597e-02            0.001816            0.001134                      
169       1.067787440100e-01            3.240781684277e-02            0.001817            0.001436                      
170       9.219127333973e-02            1.902458866851e-02            0.002047            0.001230                      
171       9.486990839515e-02            2.328843916131e-02            0.001870            0.001268                      
172       1.412827850761e-01            3.942119077767e-02            0.003653            0.002411                      
173       1.649331937561e-01            3.360693694680e-02            0.002190            0.001633                      
174       8.450478851738e-02            2.340423572906e-02            0.001703            0.001096                      
175       8.268067563127e-02            2.334667395191e-02            0.001756            0.001140                      
176       1.177622631452e-01            2.356525258482e-02            0.001906            0.001462                      
177       9.071874410288e-02            2.181698859128e-02            0.001843            0.001455                      
178       1.185535567684e-01            2.431496918704e-02            0.001777            0.001310                      
179       1.175378283804e-01            3.761800389625e-02            0.002000            0.001563                      
180       9.053436989187e-02            2.120175416476e-02            0.001931            0.001191                      
181       7.702912398360e-02            2.146418707906e-02            0.001159            0.001006                      
182       1.341929591556e-01            2.914401834869e-02            0.003363            0.001947                      
183       6.861280453481e-02            1.933310605667e-02            0.002076            0.001121                      
184       1.009957491875e-01            3.491968851132e-02            0.002397            0.001621                      
185       8.244372070908e-02            2.155894717170e-02            0.002121            0.001278                      
186       7.278837802954e-02            1.991816167193e-02            0.002621            0.001024                      
187       8.123078332289e-02            2.375058586909e-02            0.001503            0.001174                      
188       7.456943317464e-02            1.944450222750e-02            0.002341            0.001038                      
189       6.186638216351e-02            1.838970047400e-02            0.001178            0.000813                      
190       7.189660263497e-02            1.696640618256e-02            0.001679            0.001215                      
191       1.050170727732e-01            3.010818586820e-02            0.002019            0.001370                      
192       7.037512131687e-02            2.424396565164e-02            0.001582            0.001322                      
193       7.188980855078e-02            1.597940100648e-02            0.001187            0.000876                      
194       9.243966606303e-02            2.839676116231e-02            0.001240            0.000894                      
195       7.269489955477e-02            1.628230033664e-02            0.001178            0.000813                      
196       6.435047089980e-02            1.446923612942e-02            0.001294            0.000894                      
197       6.730346372363e-02            1.406102702536e-02            0.001236            0.000960                      
198       7.105555807326e-02            1.771584958358e-02            0.001789            0.001203                      
199       4.894679085196e-02            1.140535407872e-02            0.001031            0.000594                      
200       5.571778582655e-02            1.289549084587e-02            0.001310            0.000712                      
201       4.534341889609e-02            1.015008103101e-02            0.000876            0.000562                      
202       5.844330750939e-02            1.649578688704e-02            0.001353            0.000813                      
