@    title "Electric Field"
@    xaxis  label "Time (ps)"
@    yaxis  label "MV/cm"
#time      Magnitude                     Efield_X                      Efield_Y                     Efield_Z
@type xy
10        1.268487028005e+01            -1.658338381748e+00           -3.672246922938e+00           -1.202790299139e+01           
20        1.592786403088e+01            2.524104947136e+00            -8.782409610118e-03           -1.572659116501e+01           
30        1.690279603619e+01            -1.678994757368e-03           -4.725679295520e+00           -1.622875430272e+01           
40        1.945622925050e+01            8.056731175377e+00            5.512117072408e+00            -1.683004767657e+01           
50        2.055600826338e+01            5.989411003901e-01            2.933748311827e+00            -2.033676144633e+01           
60        1.697854464691e+01            4.628034171003e-01            1.293792890168e-01            -1.697174276036e+01           
70        1.408352205134e+01            5.112575485368e-01            -6.083203923192e+00           -1.269168385671e+01           
80        1.573263775855e+01            -5.387544667409e-01           -2.186989851400e+00           -1.557057191808e+01           
90        1.418174674752e+01            1.979456680763e+00            -3.428183325445e+00           -1.361804872758e+01           
100       1.631214059098e+01            1.643378298201e+00            -2.071991349629e-01           -1.622782508370e+01           
110       1.290274915998e+01            2.206710318940e+00            -1.319700888996e+00           -1.264396120752e+01           
120       1.724920457614e+01            -2.845514443836e+00           -3.144685305693e+00           -1.671972070304e+01           
130       1.664446467746e+01            3.287232536253e+00            -1.992348688125e+00           -1.619453158806e+01           
140       1.142690652349e+01            -1.234645656565e+00           -3.723638009441e+00           -1.073239781102e+01           
150       1.437669772364e+01            -1.173964083500e+00           -1.091999337818e+00           -1.428701449617e+01           
160       1.621374666833e+01            -6.360115326423e-03           -1.238219775658e+00           -1.616639577522e+01           
170       1.545804419640e+01            -7.316173394343e+00           -6.661513574930e-01           -1.360077128735e+01           
180       2.179151579580e+01            -9.368365890361e+00           6.649390053155e+00            -1.851727553242e+01           
190       1.737761882997e+01            -6.726141953058e+00           2.247849203363e+00            -1.586467221805e+01           
200       1.712226643177e+01            -1.624672507502e+00           6.596325909735e+00            -1.571689955100e+01           
210       1.817620326352e+01            -3.777970244163e+00           3.414099614417e+00            -1.744835894099e+01           
220       1.443472754460e+01            -3.239274637577e+00           7.284121950016e+00            -1.203370377425e+01           
230       1.609399511485e+01            -2.319508293297e+00           -1.200395072912e+00           -1.588066786074e+01           
240       2.313709139858e+01            -1.578427041620e+01           2.045023017867e+00            -1.679284629450e+01           
250       1.485810228575e+01            -4.113613095810e+00           -8.344899572915e+00           -1.158464682024e+01           
260       1.828588821961e+01            -9.500213403280e+00           -6.417312483038e+00           -1.424562226676e+01           
270       1.783024475850e+01            -4.587634824754e+00           -6.213067033747e-01           -1.721874597185e+01           
280       1.831798009160e+01            -4.400388246996e+00           -3.997174429529e+00           -1.732649919897e+01           
290       1.912014469057e+01            -5.180235031529e+00           -7.947456167018e+00           -1.660069391561e+01           
300       2.036224039044e+01            -1.284687440993e+01           -2.775471220911e+00           -1.555234423215e+01           
310       1.511115691040e+01            -7.375637866383e+00           3.571084943856e-01            -1.318406245275e+01           
320       1.861565661667e+01            -1.452859185890e+00           1.704151288631e+00            -1.848046914559e+01           
330       1.367006978980e+01            1.055134324723e+00            -7.207089344750e+00           -1.156785904096e+01           
340       1.904429465630e+01            -5.133921058940e+00           -6.421067229265e+00           -1.717841404652e+01           
350       2.127565580337e+01            -4.886612071685e+00           -1.847829573415e+00           -2.062425945803e+01           
360       1.517725039905e+01            -4.304537029269e+00           -7.190363493255e+00           -1.265379640558e+01           
370       1.649493358299e+01            -8.249841420127e+00           -5.126185936749e+00           -1.333211041778e+01           
380       1.568001102309e+01            -5.641978242411e+00           -2.540964695948e+00           -1.440743993950e+01           
390       1.430888816009e+01            1.372123082130e+00            -2.041222046199e+00           -1.409592037376e+01           
400       1.368369551509e+01            -9.302906118324e+00           1.383810859317e-01            -1.003395791193e+01           
410       1.533483716220e+01            -7.683698513716e+00           -2.198121216864e+00           -1.308763810080e+01           
420       1.689300769361e+01            -7.464749313347e+00           -2.672597700500e+00           -1.491671707034e+01           
430       1.230306092394e+01            -2.535389539961e+00           1.992569718038e+00            -1.187294293330e+01           
440       1.506264476009e+01            -2.136015736281e+00           7.642523288310e-01            -1.489082342656e+01           
450       1.555116925519e+01            -2.643079882612e-01           1.414263350861e+00            -1.548447175933e+01           
460       1.854648699507e+01            -9.184181326022e+00           -6.911120402824e+00           -1.455539102898e+01           
470       1.034718622207e+01            9.591491552769e-01            -2.959362052333e+00           -9.868458433581e+00           
480       1.153681949867e+01            -2.526567691122e+00           -3.527425836063e+00           -1.068980480730e+01           
490       1.210915064890e+01            7.799273801055e-01            -2.379654139130e+00           -1.184738320887e+01           
500       1.173770028527e+01            -6.159426388143e+00           1.385827159514e+00            -9.895178504694e+00           
510       1.159332758758e+01            -1.719401210131e+00           5.192725212971e+00            -1.022176642730e+01           
520       1.152309976479e+01            -4.739409956745e-01           -4.350772164183e+00           -1.065964303798e+01           
530       1.333003292753e+01            4.665123082663e+00            -2.550598785927e+00           -1.222378216044e+01           
540       1.139392845326e+01            -4.288979365487e-01           -1.006751456581e+00           -1.134125670561e+01           
550       1.351340897267e+01            8.540663666107e+00            -9.055917199461e-01           -1.043308151228e+01           
560       1.226112898941e+01            3.404754882844e+00            -6.008230351615e+00           -1.013134227655e+01           
570       1.206801881863e+01            3.166531439441e+00            -6.254219509877e-01           -1.162837066115e+01           
580       9.346449188087e+00            1.863189979260e+00            -8.049690515521e-02           -9.158501830263e+00           
590       1.294444857922e+01            -5.987563780139e-01           -9.505133916392e-01           -1.289561026521e+01           
600       1.349400200071e+01            -2.024763982886e+00           1.236175371349e+00            -1.328383571338e+01           
610       1.275856825974e+01            3.060767374111e+00            -2.131312873268e+00           -1.220124061545e+01           
620       1.155318609530e+01            -7.448226753463e-01           -2.401224042566e+00           -1.127632348030e+01           
630       1.091336559251e+01            1.837151656608e+00            -6.770222899453e-01           -1.073629652931e+01           
640       1.070189726131e+01            1.157076667214e+00            -3.041222198137e+00           -1.019523153829e+01           
650       1.169897653864e+01            2.239633103924e+00            -7.925238346622e-01           -1.145521722112e+01           
660       1.264664909156e+01            1.172571790381e+00            -4.330104992692e+00           -1.182425470775e+01           
670       1.196463379608e+01            -4.243887382273e+00           -2.539717777313e+00           -1.089457274851e+01           
680       1.452183774511e+01            -1.649310387556e+00           -4.992243737181e+00           -1.353665576165e+01           
690       1.436918469596e+01            -1.580437779572e+00           3.132827882336e-01            -1.427856922616e+01           
700       1.384403344912e+01            6.948720045656e-02            4.522219349479e+00            -1.308441690808e+01           
710       1.552529705946e+01            4.731449144789e+00            -4.471964307874e+00           -1.409431704637e+01           
720       1.704272296236e+01            4.854293488290e+00            -9.470933837983e+00           -1.331133550542e+01           
730       1.468454759894e+01            7.297452653157e+00            -9.192260889467e-01           -1.270976578690e+01           
740       1.062067028397e+01            2.796900702356e+00            -3.303087143551e+00           -9.698742138237e+00           
750       1.710526322606e+01            -1.397412435885e+00           -2.672078361963e+00           -1.683737704467e+01           
760       1.808090147155e+01            -5.172548289766e+00           -1.584554992026e+00           -1.725262089340e+01           
770       1.780502684631e+01            -8.495874344601e+00           -3.684593864633e+00           -1.520732942272e+01           
780       1.533257528027e+01            3.295046954208e-01            -8.357656958787e+00           -1.285024752836e+01           
790       1.565027048634e+01            -5.435064524859e+00           -6.461892408281e+00           -1.317706289012e+01           
800       2.009452516311e+01            -1.068576800399e+01           -3.307505068345e+00           -1.669325354503e+01           
810       1.778370538933e+01            -8.160892733502e+00           -7.617573435608e+00           -1.384314206096e+01           
820       2.051860080744e+01            -1.490939466155e+01           -3.857003064845e+00           -1.355899912527e+01           
830       2.358047632038e+01            -1.247350721239e+01           -9.022930238908e+00           -1.786161278335e+01           
840       1.953922044281e+01            -1.818347882419e+00           -1.444883845596e+01           -1.302711839835e+01           
850       1.879013244148e+01            -2.683245248852e+00           -1.024259644149e+01           -1.552283769933e+01           
860       1.465642905256e+01            -6.608483252546e+00           -4.898583495741e+00           -1.213024078115e+01           
870       1.642343031284e+01            -8.785913157235e+00           -3.693969268177e+00           -1.337502838426e+01           
880       1.419512900509e+01            -4.471569880372e+00           -2.391284164356e+00           -1.325852594829e+01           
890       1.648340553252e+01            -7.151393848810e+00           -1.070323140025e+00           -1.481265109103e+01           
900       1.903106438984e+01            -1.055672280694e+01           -1.025563718589e+00           -1.580143140499e+01           
910       2.200203799214e+01            -1.238947411266e+01           -7.626782793801e+00           -1.650523526750e+01           
920       1.640432105227e+01            -5.856644537591e+00           -2.908877545722e+00           -1.504459688294e+01           
930       1.816998329778e+01            -3.464171701593e+00           -1.506238011291e+00           -1.777298665156e+01           
940       1.621362068243e+01            -5.398907878338e+00           -2.026708495983e+00           -1.515340694455e+01           
950       1.654947543982e+01            -1.012211998578e+00           -2.711915913014e+00           -1.629435719149e+01           
960       1.926480829421e+01            -5.603752312910e+00           -2.224279536963e+00           -1.829708663066e+01           
970       1.407020855105e+01            -2.394590874768e-02           -2.129997392726e+00           -1.390803028363e+01           
980       1.544096262349e+01            -5.713663751854e+00           7.325269098031e-01            -1.432622691420e+01           
990       1.783844730694e+01            -6.979200921449e+00           -7.627257045415e-02           -1.641630711566e+01           
1000      1.585742152475e+01            -2.973029635715e+00           -4.277892605738e-01           -1.557035351389e+01           
1010      1.718661563113e+01            -3.831986361384e+00           2.994843145219e+00            -1.648413030506e+01           
1020      1.657810512237e+01            -9.089642380461e+00           -7.787155538600e-03           -1.386405100265e+01           
1030      1.625165087729e+01            -4.178013285230e+00           3.113320454425e+00            -1.539375188100e+01           
1040      1.516295698703e+01            -7.125422267249e+00           2.185380427674e+00            -1.320483754122e+01           
1050      1.603229391780e+01            2.310323644892e+00            5.883441345462e+00            -1.473370187214e+01           
1060      1.515102833679e+01            -2.698648727142e+00           -7.931916102164e-01           -1.488763922787e+01           
1070      1.610192524245e+01            -3.870720473086e+00           3.290184124113e+00            -1.527953559380e+01           
1080      1.407102186676e+01            1.274363403253e+00            3.380277194311e+00            -1.359938897086e+01           
1090      1.300675576659e+01            -3.409202730113e+00           1.084427534404e+00            -1.250508093694e+01           
1100      1.673273149569e+01            -4.930827470143e+00           -1.015076693623e+00           -1.595747044718e+01           
1110      1.586106476795e+01            -2.059530542098e+00           -3.238859768836e+00           -1.538965551652e+01           
1120      1.257335722148e+01            1.142160395964e+00            -1.990615538181e+00           -1.236212891164e+01           
1130      1.598190543854e+01            -3.656741470455e+00           -3.759730443197e+00           -1.509681987239e+01           
1140      1.513705224659e+01            -5.096929938593e+00           1.977615493650e+00            -1.411526453441e+01           
1150      1.572870653447e+01            -5.681854898376e+00           2.797066668787e-01            -1.466391824656e+01           
1160      1.410768690642e+01            -4.419707297857e+00           -5.481914999034e+00           -1.222463190424e+01           
1170      1.705381230378e+01            -6.635584595146e+00           -8.213177502782e-01           -1.568843422163e+01           
1180      1.495311097639e+01            1.260601160612e-01            2.020848493025e+00            -1.481539091916e+01           
1190      1.727614930249e+01            -1.041828158463e+01           2.715514037160e-01            -1.377864301666e+01           
1200      1.467259680856e+01            -2.941272542538e+00           4.866411485405e+00            -1.352597694038e+01           
1210      1.527946071697e+01            -2.981629221798e+00           1.297322677686e+00            -1.492945949642e+01           
1220      1.679057358131e+01            -3.622831403482e+00           2.756843659188e+00            -1.616162946148e+01           
1230      1.665635498359e+01            -2.860274379603e+00           7.998754500009e-01            -1.638942314657e+01           
1240      1.329367204285e+01            -4.466828972068e+00           -7.520311423228e-01           -1.249814404134e+01           
1250      1.685346527121e+01            -3.099255060317e+00           1.913262013406e+00            -1.645519183076e+01           
1260      1.513551523037e+01            -3.720161528136e+00           5.920286441464e-01            -1.465925378653e+01           
1270      1.497749537620e+01            -7.134860442482e+00           1.801978125267e+00            -1.304499938852e+01           
1280      1.357742539664e+01            -2.339627398523e+00           -7.064877335558e-01           -1.335565420037e+01           
1290      1.432837284473e+01            -3.328419071488e+00           1.985893446067e+00            -1.379420610557e+01           
1300      1.631128503023e+01            6.514230103698e-01            -7.496805947644e+00           -1.447175068823e+01           
1310      1.459641793890e+01            1.467027608850e+00            -1.396946157571e+00           -1.445516475432e+01           
1320      1.540649953228e+01            2.419280413457e+00            4.325165874556e+00            -1.458767460142e+01           
1330      1.667252710132e+01            -5.350005343667e-01           5.721406785190e-01            -1.665411629047e+01           
1340      1.636579631264e+01            -8.618036299971e+00           -4.461693499505e-01           -1.390574241781e+01           
1350      1.665533067308e+01            1.200625813300e+00            -3.154422698363e+00           -1.630975643369e+01           
1360      1.757032578333e+01            -5.027805396581e+00           -3.168642851173e+00           -1.653472780266e+01           
1370      1.680584228108e+01            -6.927399555818e+00           1.691686363404e+00            -1.521793900035e+01           
1380      1.557894950994e+01            -2.264125609026e+00           -2.781104054322e+00           -1.516056935932e+01           
1390      1.684028260455e+01            -6.074504745702e+00           -2.969830796867e+00           -1.542321676348e+01           
1400      1.776325796095e+01            -4.025279390507e+00           7.594169606855e+00            -1.554538668538e+01           
1410      1.523732255488e+01            -3.080568740214e+00           -1.444532293666e+00           -1.485258971799e+01           
1420      1.723321109717e+01            -6.027579857036e+00           -2.724247125862e-02           -1.614469273893e+01           
1430      1.670559565598e+01            -2.651153489722e+00           -4.649014842675e+00           -1.582513735762e+01           
1440      1.673397607086e+01            -6.092129100223e+00           3.582841336916e+00            -1.516822883928e+01           
1450      1.465376368875e+01            -5.317177085701e+00           4.348226696506e-01            -1.364812614724e+01           
1460      1.693037110438e+01            -4.100325400586e+00           1.948515002138e+00            -1.631036745839e+01           
1470      1.842603815927e+01            -6.577370305477e+00           4.686508684473e+00            -1.656181507148e+01           
1480      1.225488978754e+01            -4.921028359292e+00           4.988601591425e-01            -1.121235667170e+01           
1490      1.658499064831e+01            -3.154442465922e+00           8.554612093811e-01            -1.625975380050e+01           
1500      1.594362388803e+01            -7.114617642190e+00           -5.903873690014e-02           -1.426807180091e+01           
1510      1.598058552031e+01            -8.922904878415e+00           -6.379420175217e+00           -1.162169868524e+01           
1520      1.359277008382e+01            -1.536562142867e+00           -4.497722793687e+00           -1.273471102946e+01           
1530      8.974095841619e+00            -4.627927653250e+00           -1.992705746818e+00           -7.426022193439e+00           
1540      1.374094523946e+01            -7.751354103268e+00           -3.867872641847e-01           -1.133933336893e+01           
1550      1.658563630868e+01            -7.840924099922e+00           -5.928385846201e+00           -1.335879793551e+01           
1560      1.375825090407e+01            -1.192969170023e+00           -4.195241811987e+00           -1.304861060181e+01           
1570      1.327453451298e+01            1.422143203980e-01            -2.882788505172e+00           -1.295695072376e+01           
1580      1.780899951175e+01            5.995620531566e+00            -5.279064393721e+00           -1.591679858445e+01           
1590      1.643490262384e+01            4.552996305252e-01            -2.418912651173e+00           -1.624954116545e+01           
1600      1.489353348363e+01            -7.858907299428e-01           -3.218328665196e+00           -1.452040206025e+01           
1610      1.500961739653e+01            -2.444807178526e+00           -5.259706887584e-01           -1.479982726537e+01           
1620      1.489401466821e+01            4.181862854724e+00            5.229262808209e+00            -1.330407856575e+01           
1630      1.422533098340e+01            9.487601780529e+00            3.495246497612e+00            -1.000643322879e+01           
1640      1.567634592129e+01            1.915570558182e-01            -1.180022189686e+00           -1.563069656062e+01           
1650      2.085372348290e+01            6.027389618834e+00            -2.665459851305e+00           -1.978493571547e+01           
1660      1.795786900721e+01            -4.091957062929e+00           -4.423919574456e+00           -1.691655645437e+01           
1670      1.473791874044e+01            2.045421970174e+00            -1.543367792307e+00           -1.451345973989e+01           
1680      1.437565712857e+01            1.344164281926e-01            7.406873190156e-02            -1.437483787474e+01           
1690      1.725016455293e+01            3.883590240546e+00            -4.024126545404e+00           -1.631846529221e+01           
1700      1.822893647605e+01            -1.109413816671e+00           6.687450061943e+00            -1.692162337662e+01           
1710      1.741741671644e+01            3.293448077828e-01            2.984368974124e+00            -1.715667447083e+01           
1720      1.725544492197e+01            4.667625496288e+00            6.133655108231e+00            -1.543832655098e+01           
1730      1.474584182948e+01            -8.537568021694e-01           4.242310880972e+00            -1.409658642977e+01           
1740      1.819771054380e+01            2.846942391566e-01            5.418718854079e+00            -1.736989073675e+01           
1750      1.678426240464e+01            -1.578828163217e+00           6.106187562433e+00            -1.555420327601e+01           
1760      1.927018580857e+01            1.663800504560e+00            7.783050632411e+00            -1.754981344150e+01           
1770      1.628614908117e+01            3.813099299733e+00            5.391981077774e+00            -1.488709057141e+01           
1780      1.865997271218e+01            -5.464082140708e+00           -3.010413388587e+00           -1.758623891594e+01           
1790      1.622288616400e+01            -1.768216941098e+00           -1.630096240625e+00           -1.604363520483e+01           
1800      1.553774111264e+01            -7.076980005649e-01           -4.274083967116e+00           -1.492155382879e+01           
1810      1.578521612699e+01            2.386340477987e-02            6.165634966475e+00            -1.453125679953e+01           
1820      1.461924066270e+01            -6.644839005199e-01           5.868762477150e+00            -1.337304324703e+01           
1830      1.588626230135e+01            4.127134110831e+00            6.344431280168e+00            -1.396740082012e+01           
1840      1.707755396373e+01            5.401184953749e+00            5.003455623019e+00            -1.540894163490e+01           
1850      1.503344640117e+01            1.722924321557e+00            2.290619095143e+00            -1.475767958184e+01           
1860      1.608587282864e+01            2.655432177196e+00            2.851017874579e+00            -1.560691134371e+01           
1870      1.685953271574e+01            3.513462336546e+00            3.348645442204e+00            -1.614577342543e+01           
1880      1.688941852874e+01            2.382062024203e+00            4.185160070782e+00            -1.618834994475e+01           
1890      1.469526429813e+01            5.854007734773e-01            2.671093451838e+00            -1.443860652895e+01           
1900      1.474227432892e+01            -3.009735748543e+00           3.411133410213e+00            -1.402284963803e+01           
1910      1.617989871937e+01            1.907850803329e+00            -1.435265850858e+00           -1.600278850134e+01           
1920      1.532747625735e+01            1.225947103344e-01            3.384672899767e+00            -1.494859486100e+01           
1930      1.604290481509e+01            -1.493308490112e+00           5.145152025389e+00            -1.512191242188e+01           
1940      1.417359328611e+01            -2.670111747953e+00           5.880578579691e+00            -1.261665745995e+01           
1950      1.455215121709e+01            -3.008349959118e+00           4.185609933536e+00            -1.360865919379e+01           
1960      1.484629999926e+01            -4.067033426853e+00           4.408633539609e-01            -1.427156271317e+01           
1970      1.505413319808e+01            -2.402762084460e+00           5.711282071495e+00            -1.371987309747e+01           
1980      1.572026109829e+01            -2.335083800395e+00           3.024745216999e+00            -1.524876745890e+01           
1990      1.718854688543e+01            -6.362682478545e+00           8.671664906030e+00            -1.340763377585e+01           
2000      1.838328927049e+01            -4.097373761991e+00           1.114339293112e+01            -1.403501502100e+01           
2010      1.901434909184e+01            -3.756825433091e-01           1.030354734858e+01            -1.597627134373e+01           
2020      1.540542014269e+01            -4.327076015019e+00           8.332854671459e-01            -1.476174170833e+01           
2030      2.008679873296e+01            5.261181287719e-01            9.942911379682e+00            -1.744537750663e+01           
2040      1.695513892913e+01            -1.564250803233e+00           1.033908767631e+00            -1.685113907695e+01           
2050      1.366016574933e+01            -5.047958562240e+00           -4.741025865877e+00           -1.177458773767e+01           
2060      1.663715093346e+01            -7.106521299004e+00           3.911439989860e+00            -1.452559063911e+01           
2070      1.423075835243e+01            -5.541786567722e+00           6.246302305197e+00            -1.152331516688e+01           
2080      1.742156010473e+01            -6.350865365048e+00           3.480821879078e+00            -1.584490910809e+01           
2090      1.759396757814e+01            -8.073625453504e+00           -5.686383879507e+00           -1.456122610057e+01           
2100      1.530008720807e+01            -6.526146548539e+00           -7.465743345472e-01           -1.381827437000e+01           
2110      1.360840801429e+01            -3.501016411030e+00           -4.932114895325e-01           -1.314109566207e+01           
2120      1.912073911380e+01            -1.035051574173e+01           -4.995576400437e-01           -1.606922307713e+01           
2130      1.739777331692e+01            -8.917568137225e+00           2.335799505544e+00            -1.475478009239e+01           
2140      1.964494085907e+01            -1.103734520644e+01           -5.009323043684e+00           -1.545986399663e+01           
2150      1.832514167200e+01            -1.128753755358e+01           1.681045959582e+00            -1.433793561700e+01           
2160      2.074679576307e+01            -1.549211334777e+01           -7.116775835836e-01           -1.378105487513e+01           
2170      1.773614840684e+01            -1.215274715637e+01           3.126386182090e+00            -1.253424933145e+01           
2180      1.983754865632e+01            -1.052395733138e+01           5.489170058707e+00            -1.589476866286e+01           
2190      1.668858835391e+01            -7.748560054417e+00           3.173373577451e+00            -1.443601393970e+01           
2200      1.759413098590e+01            -9.438845539805e+00           -5.727832464940e+00           -1.369867056608e+01           
2210      1.784994433565e+01            -1.144793915700e+01           9.034426282287e-01            -1.366561353401e+01           
2220      1.966450822497e+01            -1.118385041942e+01           -2.657819207831e+00           -1.595463476813e+01           
2230      2.007037726508e+01            -1.303590734202e+01           -5.564673636493e+00           -1.420984062726e+01           
2240      1.970982112475e+01            -1.457891826653e+01           3.188251899797e+00            -1.287506274824e+01           
2250      1.785414707763e+01            -1.149079639838e+01           -3.250112310352e+00           -1.327286464825e+01           
2260      2.040868097655e+01            -1.227904962536e+01           2.005631967530e+00            -1.617765866593e+01           
2270      2.107720732141e+01            -1.255860956298e+01           1.102708866526e+00            -1.689124114652e+01           
2280      1.751472393432e+01            -4.587818056410e+00           -2.037082474621e+00           -1.677998137568e+01           
2290      1.691144926378e+01            -6.724621882369e+00           3.977600748830e+00            -1.499850889333e+01           
2300      2.180771082089e+01            -4.942863893600e+00           1.743000297329e+00            -2.116852138768e+01           
2310      2.148536840598e+01            -9.413863634220e+00           2.185881941956e-01            -1.931197675585e+01           
2320      1.795100079223e+01            -1.042549833922e+01           -5.141719468534e+00           -1.367882066292e+01           
2330      1.907425754394e+01            -2.910312663724e+00           -1.647832380503e+00           -1.877876538800e+01           
2340      1.852391906224e+01            8.499460184068e-01            -4.267253271447e+00           -1.800565796375e+01           
2350      1.930094822749e+01            -5.272870800343e-01           -3.064896020340e+00           -1.904875279907e+01           
2360      2.140550636456e+01            4.933038212164e+00            -7.328563534971e+00           -1.949751248837e+01           
2370      2.190453465740e+01            4.200996325757e+00            -3.527358868962e+00           -2.120655577499e+01           
2380      1.701861511072e+01            -1.161173815950e+00           1.472882569431e+00            -1.691495056429e+01           
2390      1.772431821749e+01            6.955654194539e-02            -3.838279589463e-01           -1.772002523306e+01           
2400      1.717473884454e+01            1.368381664380e+00            2.533298875363e+00            -1.693167395171e+01           
2410      1.724993012349e+01            1.109920216364e-01            -3.260078122055e+00           -1.693870303991e+01           
2420      2.019724674564e+01            -4.186457139072e+00           1.796655316321e+00            -1.967674725155e+01           
2430      1.587545194312e+01            -2.380869809284e+00           -8.635890499723e-01           -1.567212963519e+01           
2440      1.997293308078e+01            1.241553962481e+00            -2.672016171664e+00           -1.975441543519e+01           
2450      1.916725271356e+01            -2.226451648469e+00           -5.797209971658e+00           -1.813336279312e+01           
2460      1.722754654107e+01            -4.718874052690e+00           -4.801829944197e-01           -1.656170316699e+01           
2470      1.799623953114e+01            -1.572735012885e+00           4.336320965022e-01            -1.792214007997e+01           
2480      1.887096544164e+01            -6.621712722590e+00           -1.773941360418e+00           -1.758179141524e+01           
2490      1.677207891919e+01            -2.091432286976e+00           3.690668476332e-01            -1.663707702460e+01           
2500      1.748638915762e+01            -5.654201773520e+00           1.308293066596e+00            -1.649521680148e+01           
2510      1.937203575873e+01            -7.814512640171e+00           -2.479652435385e+00           -1.755165192891e+01           
2520      1.968068424707e+01            -8.588814037752e+00           2.331547407466e-01            -1.770613579312e+01           
2530      1.723985581671e+01            1.332273922307e+00            4.311341870552e+00            -1.663881023547e+01           
2540      1.634266306049e+01            -2.038325304112e+00           1.183497217983e-02            -1.621504627797e+01           
2550      1.955453831196e+01            -5.446121772461e+00           -8.341501655850e-01           -1.876230049154e+01           
2560      1.864818974042e+01            -7.903985599089e+00           -4.096023737773e+00           -1.638610941571e+01           
2570      1.698547401279e+01            -8.248746924841e+00           8.145541310084e-01            -1.482568727503e+01           
2580      2.132378662460e+01            -8.431086530153e+00           -7.809619479707e-01           -1.957066055013e+01           
2590      2.371941099543e+01            -3.813566471974e+00           8.757336703487e+00            -2.171120039509e+01           
2600      1.848157046643e+01            -4.994531688353e+00           -3.190228192425e-02           -1.779387766520e+01           
2610      1.915470098863e+01            -5.796196455797e+00           -3.503103729515e+00           -1.791744794522e+01           
2620      1.707278664185e+01            -9.488712814773e+00           -4.304524522377e+00           -1.352462352427e+01           
2630      2.037588043260e+01            -4.761022188776e+00           -3.217662677634e+00           -1.954880605087e+01           
2640      1.760744901398e+01            -6.056668517221e+00           -5.852317058243e+00           -1.546251636384e+01           
2650      1.951781938655e+01            -3.978342922253e+00           -8.763591109185e+00           -1.697991554955e+01           
2660      2.189195780808e+01            -3.335158016841e+00           -7.263481370659e+00           -2.038078448077e+01           
2670      2.277455391628e+01            -9.652448963984e+00           -6.165393634552e+00           -1.968498047787e+01           
2680      2.128402008651e+01            -2.789155234595e+00           -3.540978422573e+00           -2.080124024983e+01           
2690      2.115939126162e+01            -5.829382305990e+00           -2.413466661578e+00           -2.019686409239e+01           
2700      2.263572416994e+01            -1.018053119355e+01           -8.817997538345e+00           -1.819273791182e+01           
2710      1.946010328751e+01            -6.081118844795e+00           -4.210975984166e+00           -1.799953596116e+01           
2720      2.201451241974e+01            -9.248151688067e+00           -7.400157649043e+00           -1.855661914796e+01           
2730      2.087766186680e+01            -5.149064820562e+00           -4.759008549061e+00           -1.966508922248e+01           
2740      2.245219048123e+01            -8.341215881786e+00           -5.228123492503e+00           -2.017899154482e+01           
2750      2.819158751693e+01            -6.521318978227e+00           -1.272108344579e+01           -2.429839586216e+01           
2760      2.610062929840e+01            -1.384071617246e+01           -7.348040771331e+00           -2.087303816958e+01           
2770      2.579889509661e+01            -1.443585418122e+01           -5.418931273572e+00           -2.068391370406e+01           
2780      1.996938297740e+01            -9.274388659391e+00           -1.332841755738e+00           -1.763478109722e+01           
2790      1.987482871339e+01            -7.834511703447e+00           4.584815225895e-01            -1.825976553652e+01           
2800      1.999191657054e+01            -6.074253098094e+00           -1.760092224942e+00           -1.896529073923e+01           
2810      2.179131054394e+01            -6.701813056994e+00           -6.768642104612e+00           -1.959929593203e+01           
2820      1.994279450851e+01            -3.418557129940e+00           -3.823177844437e+00           -1.927204792252e+01           
2830      2.040237352925e+01            -2.315978607811e+00           -8.296726043213e+00           -1.849479455628e+01           
2840      2.010528234534e+01            -7.765904334077e+00           -1.042113779213e+01           -1.533991509681e+01           
2850      2.193230859224e+01            -5.731151543532e-01           -9.054125357422e+00           -1.996798720996e+01           
2860      1.681314912895e+01            3.735224667037e-01            -5.958205594111e+00           -1.571757776178e+01           
2870      1.632957352000e+01            3.840083888897e+00            -5.532567551282e+00           -1.487613603600e+01           
2880      1.999847035434e+01            -4.343649780386e+00           -4.939775176447e+00           -1.888571270312e+01           
2890      1.745234888084e+01            -1.862378755000e+00           -1.256803801408e+00           -1.730712197439e+01           
2900      1.701280799776e+01            -1.445425567093e+00           -7.779517318394e+00           -1.506072678164e+01           
2910      1.941122852029e+01            -3.462891759904e+00           -1.195297446061e+01           -1.489733448876e+01           
2920      1.976580365948e+01            -6.907608108177e+00           -8.635429069418e+00           -1.638295789276e+01           
2930      1.797038602450e+01            -4.438491623940e+00           -4.841339184837e+00           -1.672710378013e+01           
2940      1.500756958169e+01            -4.440084739861e+00           -3.423574211091e+00           -1.392091706294e+01           
2950      1.901523370295e+01            -5.954081139923e+00           -3.056772635421e+00           -1.779843171777e+01           
2960      1.789595012190e+01            -4.624123953483e+00           -1.167521076032e+00           -1.724875076535e+01           
2970      1.893718428314e+01            -7.707212234485e+00           -3.956591882363e+00           -1.683927578082e+01           
2980      1.568372730078e+01            -3.490302603675e+00           -7.251647758225e-01           -1.527321923590e+01           
2990      1.572430546087e+01            2.342969329096e-01            -4.184087569613e+00           -1.515560287102e+01           
3000      1.773972707446e+01            -1.956440174889e+00           -5.526137063274e+00           -1.674312001021e+01           
3010      1.877759454360e+01            -4.916496351509e+00           -7.669949694309e+00           -1.641943945925e+01           
3020      2.131248821460e+01            -9.713529129355e+00           -4.712608955525e+00           -1.837554958588e+01           
3030      2.469634115808e+01            -1.544738139903e+01           -8.453798348494e+00           -1.731533909550e+01           
3040      2.074199600383e+01            -1.129695612979e+01           -7.852743736647e+00           -1.552235794687e+01           
3050      1.996259654453e+01            -5.992458440069e+00           -9.754265027312e+00           -1.635389911981e+01           
3060      2.378808915632e+01            -1.607491097161e+01           -9.528215988966e+00           -1.472017401499e+01           
3070      2.215070172884e+01            -1.188789867844e+01           -7.296953248526e+00           -1.720714750853e+01           
3080      2.083782401646e+01            -1.110426660632e+01           -6.445770723449e+00           -1.641225799997e+01           
3090      1.581387759611e+01            -9.807662485409e+00           -7.270079758800e+00           -1.005158800875e+01           
3100      1.924958799748e+01            -6.916631738817e+00           -7.606107482023e+00           -1.627433477701e+01           
3110      2.449394251313e+01            -1.259425282288e+01           -3.149248292877e+00           -2.077065841180e+01           
3120      2.020190315033e+01            -1.101148200768e+01           -7.496645812084e+00           -1.518764156997e+01           
3130      1.863893341368e+01            -8.690093353089e+00           -5.872872570642e+00           -1.540783839749e+01           
3140      1.868499099065e+01            -9.359446076605e+00           -8.106656636507e+00           -1.399327608666e+01           
3150      2.024778127270e+01            -9.057160363173e+00           -5.284508311215e+00           -1.732092562572e+01           
3160      2.240829269689e+01            -1.339608067133e+01           -5.486522376222e+00           -1.710481442319e+01           
3170      1.673238916513e+01            -1.148947831028e+01           -7.692238389976e+00           -9.423067647147e+00           
3180      2.185292959453e+01            -6.418640941567e+00           -3.997942954527e+00           -2.050287863835e+01           
3190      2.055837039249e+01            -7.249018528532e+00           -1.551912862214e+00           -1.917524159002e+01           
3200      2.057819955233e+01            -7.388151903764e+00           -2.320904514998e+00           -1.906543758990e+01           
3210      1.970582109390e+01            -3.040313132169e+00           -3.395969231153e+00           -1.917141815370e+01           
3220      2.403927798641e+01            -1.460837776422e+01           -7.253210636396e+00           -1.765992980365e+01           
3230      2.127918254333e+01            -1.241965049243e+01           -9.919312327168e+00           -1.414790211707e+01           
3240      1.876562122699e+01            -1.087709171735e+01           -8.654244183024e+00           -1.260719926977e+01           
3250      1.909379392426e+01            -3.625831335472e+00           -1.052612852812e+01           -1.551215432357e+01           
3260      2.239593472780e+01            -9.595182229891e+00           -1.373425663455e+01           -1.486205117080e+01           
3270      1.896462085363e+01            -8.391819562154e+00           -6.538449644777e+00           -1.569977339966e+01           
3280      1.707196534062e+01            -6.614349624275e+00           -6.168092356667e+00           -1.447953784894e+01           
3290      1.973953068484e+01            -5.227187354658e+00           -9.205034224437e+00           -1.666112027878e+01           
3300      2.072549397380e+01            -4.717681523191e+00           -1.603940119045e+00           -2.011757832340e+01           
3310      2.260723845096e+01            -5.497936753012e+00           3.675125489674e-02            -2.192848766294e+01           
3320      2.067163296993e+01            -4.402794436142e+00           -2.743924108462e+00           -2.001006474961e+01           
3330      1.854762740199e+01            -5.485218380771e+00           -1.730308017959e+00           -1.763328941864e+01           
3340      1.897083844977e+01            -5.426841993245e+00           -7.046211563808e+00           -1.675687918634e+01           
3350      1.821147280282e+01            -1.524874179135e+00           -2.793566477324e-01           -1.814537021526e+01           
3360      1.990365472785e+01            3.554054456412e+00            -7.252564428735e-01           -1.957033907571e+01           
3370      2.084084265659e+01            -8.946944390649e-01           -7.059036194521e+00           -1.958852348958e+01           
3380      2.073112744424e+01            -5.042907215038e+00           -9.002824525193e+00           -1.798048615857e+01           
3390      2.011743792255e+01            -1.777492667241e+00           -6.595409608955e+00           -1.892227260335e+01           
3400      1.886418175319e+01            -2.088263448667e+00           -3.585627054230e+00           -1.840216801397e+01           
3410      2.417013090112e+01            -1.477016919735e-02           -2.253898104054e+00           -2.406480735339e+01           
3420      2.227247373862e+01            -4.646970306554e-01           -2.839530952632e+00           -2.208583725097e+01           
3430      2.142346522919e+01            -8.637067793687e-01           1.631621301011e+00            -2.134377391549e+01           
3440      2.048146112252e+01            3.306729193901e+00            2.617372608296e+00            -2.004258347572e+01           
3450      1.983496061566e+01            3.108676137391e+00            3.117008139080e+00            -1.934027030728e+01           
3460      1.886200234688e+01            6.550629111483e+00            1.019596689089e+00            -1.765856204137e+01           
3470      2.091070099457e+01            2.352146332030e+00            7.125398791328e-01            -2.076576775941e+01           
3480      2.211276680578e+01            3.290067607574e+00            7.978532905493e-01            -2.185207864417e+01           
3490      2.299605448010e+01            3.865066024690e+00            3.516265158968e+00            -2.239454544321e+01           
3500      2.038404859310e+01            3.709964314618e+00            -1.860157766528e+00           -1.995708933972e+01           
3510      2.394974142534e+01            4.928332425823e+00            -7.114250695375e+00           -2.233134771760e+01           
3520      2.212278813713e+01            2.361361492530e+00            -2.762206582067e+00           -2.182228085375e+01           
3530      2.062552171950e+01            1.350298885904e+00            -1.667076390259e+00           -2.051364656587e+01           
3540      1.780866555210e+01            -1.989472907713e+00           8.194402884052e-01            -1.767820929590e+01           
3550      2.114637967704e+01            -3.531502784145e+00           6.508998314108e-01            -2.083924641009e+01           
3560      2.014188354278e+01            1.713468778940e+00            -5.554045337689e-01           -2.006118199903e+01           
3570      1.916755116108e+01            -3.916513845936e-01           6.732297617974e-01            -1.915172024632e+01           
3580      2.463287703953e+01            -8.910983493139e+00           3.373910151488e+00            -2.271540743019e+01           
3590      2.446652160260e+01            -1.302144716279e+01           -4.485230507390e+00           -2.022214875855e+01           
3600      1.654441574702e+01            -5.157578919983e+00           -8.298521306780e+00           -1.335109045042e+01           
3610      1.485355307798e+01            -7.193682413543e+00           -1.191107548725e+00           -1.294064276537e+01           
3620      2.321012411657e+01            -1.032958078246e+01           -6.804023663539e+00           -1.963962536178e+01           
3630      2.085957035710e+01            -2.296981444331e+00           -3.873910922716e+00           -2.036758124791e+01           
3640      2.120700230459e+01            -2.229391901386e-01           -3.579690553947e+00           -2.090150856762e+01           
3650      1.762669795649e+01            -3.188108449948e-02           -9.966866496165e+00           -1.453826113032e+01           
3660      1.817426499927e+01            -3.985186705011e+00           -7.500712489359e+00           -1.606740512160e+01           
3670      1.898094397374e+01            -2.394798682751e-01           -8.364684275123e+00           -1.703675263965e+01           
3680      1.939874036589e+01            -5.331067622680e+00           -1.210613754944e+01           -1.418916063126e+01           
3690      2.040316823291e+01            -4.420143187060e+00           -8.196180656384e+00           -1.815417943048e+01           
3700      2.337755279652e+01            -5.097723813839e+00           -6.509945335394e+00           -2.186649945470e+01           
3710      2.074533925866e+01            -2.017416536917e+00           -1.602410852582e+00           -2.058473732971e+01           
3720      2.468532923326e+01            2.282289729480e+00            -7.305364181116e+00           -2.346887911952e+01           
3730      2.343511633823e+01            -6.614501459441e+00           -1.011879599286e+01           -2.007642936092e+01           
3740      2.120654139065e+01            -6.451605442705e+00           -5.046809055799e+00           -1.956077460939e+01           
3750      2.237922684243e+01            -2.125938435700e+00           -6.582582365245e+00           -2.128332185626e+01           
3760      2.681081178159e+01            -9.200971963635e+00           -4.501882814086e+00           -2.477690042036e+01           
3770      2.223641055062e+01            -8.129778860940e-01           -8.430605798172e+00           -2.056020201770e+01           
3780      2.434983823843e+01            -1.003849569986e+00           -7.130645412144e+00           -2.326071375270e+01           
3790      2.181720079960e+01            -2.662484069045e+00           -8.224379924014e+00           -2.003150029772e+01           
3800      2.294042924192e+01            -4.103348098791e+00           -4.020266320146e+00           -2.220953144258e+01           
3810      1.916976613619e+01            -5.175955093375e+00           -9.899296294600e+00           -1.557861853501e+01           
3820      2.384706206236e+01            -3.065217725917e-01           -8.677099941264e+00           -2.221027577537e+01           
3830      2.139103827946e+01            -5.672792396220e+00           -8.451701191893e+00           -1.881394940106e+01           
3840      2.017564361294e+01            3.141343436624e+00            -6.406761602215e+00           -1.887172388475e+01           
3850      1.965666640582e+01            5.891275815526e-01            -7.882974270147e+00           -1.799711586723e+01           
3860      1.709076119156e+01            1.953813983743e+00            9.080222716639e-01            -1.695441607895e+01           
3870      1.801856223588e+01            -4.811827528105e+00           -4.237906966255e+00           -1.683909277347e+01           
3880      1.589864855126e+01            -1.671196469762e+00           -2.041643695598e+00           -1.567819565945e+01           
3890      1.785232462814e+01            -2.545291037566e+00           -3.426466268492e+00           -1.733454115555e+01           
3900      1.827933188327e+01            -5.520502616218e+00           -6.912579728537e+00           -1.599607034430e+01           
3910      1.922575751565e+01            -4.572156543489e+00           -5.272267735696e+00           -1.791447262734e+01           
3920      2.263595104358e+01            -3.653122683159e+00           -6.023593958944e+00           -2.151179420984e+01           
3930      2.020954583611e+01            1.472911348435e+00            -5.809764463314e+00           -1.930033450338e+01           
3940      2.387824746660e+01            -6.204703698389e+00           -3.417227067775e+00           -2.280339696753e+01           
3950      1.937170630037e+01            -4.340616070823e+00           -7.020085846622e+00           -1.752542301400e+01           
3960      1.850303924032e+01            -2.146940199862e+00           -8.488217340777e+00           -1.630040721218e+01           
3970      1.983945632746e+01            -1.929755879975e+00           -6.778452765145e+00           -1.854542120643e+01           
3980      2.150015034317e+01            -1.266649066939e+00           -1.176661126190e+01           -1.794990039892e+01           
3990      2.042434740274e+01            -6.056604791218e+00           -8.086783457001e+00           -1.775036446246e+01           
4000      2.019277450578e+01            -2.695502063406e-01           -1.217050944283e+01           -1.611068542395e+01           
4010      2.200585907756e+01            -5.023850161671e+00           -1.127914666291e+01           -1.821536751897e+01           
4020      1.935827756035e+01            -3.401841375514e+00           -9.112412954618e+00           -1.673721349281e+01           
4030      1.808003113151e+01            -3.243608538205e+00           -7.362658405232e+00           -1.619128748973e+01           
4040      2.055912835415e+01            -3.488742313676e+00           -8.399312241651e+00           -1.843794971298e+01           
4050      2.113952210313e+01            5.469458456516e+00            -7.961128400357e+00           -1.880385209297e+01           
4060      1.550932017002e+01            -1.238946449974e+00           -5.334393896940e+00           -1.451028137503e+01           
4070      1.688732185396e+01            -4.137400264837e+00           -2.203628625064e+00           -1.622367342283e+01           
4080      1.799328440393e+01            -4.139734874494e+00           1.425397038036e-02            -1.751058752967e+01           
4090      1.872161050215e+01            -5.554473270112e+00           -3.316673595634e+00           -1.756832953771e+01           
4100      1.869254091745e+01            -6.691911827033e+00           4.134521701216e+00            -1.695686092271e+01           
4110      1.785843042010e+01            -7.065230981324e+00           -1.097713700134e+00           -1.636462871203e+01           
4120      1.585177043221e+01            -7.346775271425e+00           -6.492648956396e+00           -1.245588328765e+01           
4130      1.707480293102e+01            -5.978728407558e+00           -4.729984225657e+00           -1.527844727015e+01           
4140      1.790877857071e+01            -1.358074973356e+00           -6.380999118612e+00           -1.667821430818e+01           
4150      2.072791673337e+01            2.709471359072e+00            -7.767985818630e+00           -1.902534344976e+01           
4160      1.504448906052e+01            -1.164561081836e+00           -6.247368948378e+00           -1.363637891090e+01           
4170      1.752095011182e+01            -7.032797940782e+00           -6.483758948638e+00           -1.467938404161e+01           
4180      1.852123970273e+01            -1.032956093617e+01           -4.708447499794e+00           -1.463444611639e+01           
4190      1.826232897127e+01            -5.869973996752e+00           -4.501126606045e+00           -1.669718311599e+01           
4200      2.182655864350e+01            -5.550651236634e+00           2.887667239337e-01            -2.110700231787e+01           
4210      1.898784254257e+01            -1.459429617499e+00           -2.964100430209e+00           -1.869819077484e+01           
4220      1.902594735579e+01            -3.564041638983e+00           -3.939391709343e+00           -1.826924938089e+01           
4230      1.960020065167e+01            -6.557692863688e+00           1.742483858206e+00            -1.838826473311e+01           
4240      1.945278967816e+01            -5.604038376586e+00           5.798794596786e-01            -1.861906334779e+01           
4250      2.656223646151e+01            -1.358561789844e+01           2.406756679164e+00            -2.269781739380e+01           
4260      2.240831255959e+01            -1.500536987467e+01           -2.541238912593e+00           -1.644729313539e+01           
4270      2.235207434120e+01            -9.906738539321e+00           -8.511970400814e+00           -1.813885660023e+01           
4280      2.675774648355e+01            -1.301531375178e+01           -8.935863336211e+00           -2.160391055474e+01           
4290      2.343123188265e+01            -5.868302759085e+00           -5.370295528422e+00           -2.203963648075e+01           
4300      2.253441897028e+01            -5.651965807668e+00           -4.198135731182e-03           -2.181410789403e+01           
4310      2.546111762977e+01            -8.452154898604e+00           -1.454338933686e+00           -2.397320351544e+01           
4320      2.120853444314e+01            -7.727431273739e+00           -2.551769443195e+00           -1.958512731243e+01           
4330      2.437767770262e+01            -1.077247685242e+01           -5.102592016907e+00           -2.126472354267e+01           
4340      2.397954931481e+01            -4.537667553500e+00           -5.307103650192e+00           -2.294042304234e+01           
4350      2.098020026035e+01            -6.454444078558e+00           -2.527506750972e-01           -1.996108894067e+01           
4360      2.190787168287e+01            -3.075321651027e+00           -1.935729315462e+00           -2.160440210774e+01           
4370      2.835509353521e+01            -7.437405791329e+00           7.598893006840e+00            -2.628598770365e+01           
4380      2.563323160641e+01            -5.394356366267e+00           -2.349314262191e+00           -2.494883172573e+01           
4390      2.104659822438e+01            -6.296153561119e+00           -2.317942138834e+00           -1.994855612305e+01           
4400      1.706767304386e+01            -4.749850439931e+00           -5.667634716637e+00           -1.538253232239e+01           
4410      1.828180575316e+01            -3.198809734245e+00           -5.856541782349e+00           -1.702036886298e+01           
4420      2.027281376328e+01            -1.734449064963e-01           -9.050892486654e+00           -1.813941123466e+01           
4430      1.906155536065e+01            -6.549363923043e+00           -2.421195756800e+00           -1.773658749811e+01           
4440      2.073200084627e+01            -3.598962657258e+00           -6.691712113642e+00           -1.928948718524e+01           
4450      2.008884439005e+01            -2.275593913585e+00           -6.530667363328e+00           -1.886090467230e+01           
4460      2.020094368024e+01            -1.690124138967e+00           -6.847370428914e+00           -1.892974178842e+01           
4470      1.837902709777e+01            1.063822982218e+00            -7.482772731777e+00           -1.675306031648e+01           
4480      1.955171707181e+01            -3.959206642392e+00           -6.199278954467e+00           -1.811527707941e+01           
4490      1.965368365408e+01            4.237464635806e-01            -5.251907413590e+00           -1.893423324638e+01           
4500      2.099194514013e+01            1.558490661025e-01            -5.983513516185e+00           -2.012051286216e+01           
4510      1.878581752808e+01            9.082122014870e-01            -4.913116005811e+00           -1.810920710326e+01           
4520      1.919896764997e+01            -1.898616713199e+00           -3.240589219974e+00           -1.882801622339e+01           
4530      1.668656352172e+01            -2.149769848683e+00           -3.899272625300e+00           -1.608152868218e+01           
4540      1.806290331134e+01            2.864152059855e+00            -3.728632144769e+00           -1.744025261692e+01           
4550      1.654392099151e+01            4.425949157208e+00            -1.347825116524e+00           -1.588381765466e+01           
4560      1.946277519879e+01            -2.751126410556e+00           -5.401767885353e+00           -1.849464316024e+01           
4570      1.525578285299e+01            -2.490264370804e-01           -7.135804798452e+00           -1.348173528036e+01           
4580      1.949740300316e+01            -3.447453398716e+00           -5.312405203523e+00           -1.844023155725e+01           
4590      1.986103343730e+01            -2.797242117890e+00           -3.235352982068e+00           -1.939506578522e+01           
4600      2.679761185869e+01            -1.228443238677e-01           -1.550835582429e+01           -2.185378251535e+01           
4610      1.853245565042e+01            -2.808982817245e-01           1.407472722736e-01            -1.852979219515e+01           
4620      2.061045107551e+01            1.919764259890e+00            -1.750131169701e+00           -2.044608127763e+01           
4630      1.856515888734e+01            -2.166860598719e+00           4.193828958059e-01            -1.843350096006e+01           
4640      1.866907043567e+01            -4.395113480857e+00           -1.038970532538e+00           -1.811457172154e+01           
4650      1.933587154077e+01            -2.771878792760e+00           -1.224985469274e+00           -1.909691144660e+01           
4660      1.779977791547e+01            -5.911721323940e+00           -5.624880255455e+00           -1.581911397455e+01           
4670      2.121282914894e+01            -2.970650448162e+00           -8.192475701437e+00           -1.934018351253e+01           
4680      2.272440602866e+01            5.224069530397e+00            -6.690541668806e+00           -2.107947767557e+01           
4690      1.497383049688e+01            1.185869389192e-01            1.155414942718e-01            -1.497291511531e+01           
4700      1.811651908268e+01            -4.290089559422e+00           -6.665760276899e-01           -1.758860630194e+01           
4710      1.710317355084e+01            4.701400591024e-01            -6.853974574373e+00           -1.566271197363e+01           
4720      2.111314120274e+01            1.129794985939e+00            -6.786857786315e+00           -1.996063265843e+01           
4730      1.439319656728e+01            -2.312112796757e+00           -5.960788747590e+00           -1.289524095727e+01           
4740      1.657627245719e+01            -2.067421177541e+00           -9.481873702398e+00           -1.343847645165e+01           
4750      1.759390131819e+01            2.355208187188e+00            -5.848738150369e+00           -1.642530426012e+01           
4760      1.956551204321e+01            -7.366900967440e-01           -9.941669857312e+00           -1.683537197874e+01           
4770      1.977251595174e+01            -1.999363411674e+00           -5.072629225872e+00           -1.900587713699e+01           
4780      1.698646062292e+01            -1.627107014627e+00           -1.244442546342e+00           -1.686249477408e+01           
4790      1.658279039679e+01            -3.383528928935e-01           -4.688548410517e+00           -1.590257741582e+01           
4800      1.884799530891e+01            -6.495073681325e-01           -6.661546446070e+00           -1.761955919683e+01           
4810      1.972217739536e+01            5.719337914131e-01            -8.637980609304e+00           -1.772067899223e+01           
4820      2.220986271866e+01            8.123530824085e+00            -8.695062983482e+00           -1.875318982587e+01           
4830      2.032088365335e+01            4.238814826571e+00            -8.309446436326e+00           -1.805336149421e+01           
4840      1.944521478408e+01            5.073355068861e+00            -6.336205826371e+00           -1.767002948696e+01           
4850      2.045510143438e+01            3.017601941059e+00            -3.326759147937e+00           -1.995589954845e+01           
4860      2.001365508537e+01            -5.551717745923e-01           -6.287875913261e+00           -1.899212443821e+01           
4870      2.104929704315e+01            -2.910318664039e+00           -1.358636391327e+01           -1.581182048028e+01           
4880      1.551264620465e+01            -2.454739725635e+00           -4.394369903009e+00           -1.467330768115e+01           
4890      1.460240279145e+01            -5.505655872714e+00           -1.022723932762e+00           -1.348599111866e+01           
4900      1.600312139816e+01            -4.751050454455e+00           -5.306062566420e+00           -1.433084484965e+01           
4910      1.848253530747e+01            -9.236536674007e+00           9.996171756206e-01            -1.597783674856e+01           
4920      1.732606615756e+01            -3.938275332049e+00           -2.850017973857e-01           -1.687013129411e+01           
4930      1.845630506938e+01            -6.358407717879e+00           -2.053249205792e+00           -1.720436037189e+01           
4940      2.436484737382e+01            -8.085883059532e+00           3.584362809924e+00            -2.270278894638e+01           
4950      2.035600149411e+01            -8.020989086156e+00           4.501403955136e+00            -1.815951247530e+01           
4960      2.232848084756e+01            -8.109020324681e+00           -1.766536272954e-02           -2.080395477472e+01           
4970      2.155294232485e+01            -5.250070777165e+00           -6.442890948125e+00           -1.988605631903e+01           
4980      1.825346331465e+01            -2.629386078276e+00           -6.085106668167e+00           -1.700725517736e+01           
4990      1.948198215335e+01            -6.841883372449e+00           -6.230468645658e+00           -1.714402289420e+01           
5000      1.897091494779e+01            -6.559557173706e+00           -1.962798802877e+00           -1.769223684277e+01           
