@    title "Magnitude of Electric Field"
@    xaxis  label "Residues"
@    yaxis  label "MV/cm"
#time  EField_Magnitude
@type xydy
21        5.624292901624e-01            4.216410977223e-02            
22        2.740647931557e+00            2.637427993187e-02            
23        5.807196692403e+00            5.662762123782e-02            
24        1.156969152222e-01            1.131023159080e-02            
25        2.836879841546e-02            1.187693198535e-02            
26        3.297998075910e-02            1.008650932463e-02            
27        6.802642940608e-02            1.701778905725e-02            
28        1.549253165067e-01            1.950489531690e-02            
29        6.408208215010e-02            1.222348728066e-02            
30        7.152163495452e-02            1.872258699218e-02            
31        3.500146614341e-01            2.167548432094e-02            
32        4.189579227777e-02            1.144186077623e-02            
33        1.602838040916e-01            1.234026472676e-02            
34        3.821323615702e-01            5.430906214595e-02            
35        3.501483827637e-01            2.285965769024e-02            
36        2.325070909259e-01            9.942293283241e-03            
37        4.944493904998e-01            8.356420224818e-02            
38        6.948277713866e-01            1.401731128256e-02            
39        5.109536401596e-01            2.185837125652e-02            
40        3.821341615037e-01            7.757480326106e-03            
41        4.147819109800e-01            1.455842088527e-02            
42        1.757498466897e-01            5.871881612945e-02            
43        2.436092084340e-01            2.577739532158e-02            
44        3.088728209637e-01            2.337184303492e-02            
45        3.151328110780e-01            1.568463557536e-02            
46        8.254194149819e+00            1.148942763157e-01            
47        3.551218763932e-01            3.293041446643e-02            
48        4.828785978890e-01            2.973275175465e-02            
49        5.389788822011e+00            7.869905154833e-02            
50        1.207383080479e-01            1.982428024712e-02            
51        3.279928988933e-01            2.938014134922e-02            
52        7.214132533111e+00            1.126775954937e-01            
53        3.741215878841e-01            2.797144026101e-02            
54        8.230339517497e-01            1.880154086495e-02            
55        3.461807160446e+00            1.170292984535e-01            
56        2.835782126286e+00            1.336431319351e-01            
57        1.645989408184e+00            6.143481405975e-02            
58        2.907130256066e+00            7.562519309848e-02            
59        9.262169810792e+00            2.445361416819e-01            
60        5.408795361964e+00            3.064356019400e-01            
61        1.500917287036e+00            1.816467127813e-01            
62        4.381362752839e+00            3.119076491883e-01            
63        2.341463861440e+01            1.201898624235e+00            
64        9.330951469802e+01            4.626981105986e+00            
65        7.526513305061e+01            1.068283157119e+01            
66        2.445396977221e+01            4.110121328859e+00            
67        9.072862186754e+00            7.677233517000e-01            
68        3.250173667446e+01            7.718727574089e-01            
69        3.697223715647e+00            3.531636744509e-01            
70        1.643773356004e+00            6.114126177708e-01            
71        1.935635865280e+00            1.095448473392e-01            
72        5.479920757156e-01            2.191025867829e-01            
73        1.569961449257e-01            3.526780666484e-02            
74        4.384838027360e+00            8.642111730601e-02            
75        3.886949563694e-01            1.426552213223e-02            
76        8.521706113809e-01            2.905863078603e-02            
77        1.057049960852e+01            1.772090992897e-01            
78        6.040273077995e-01            1.292416425688e-02            
79        8.475353536094e-01            2.128061621892e-02            
80        1.232630535149e+00            8.005073415265e-02            
81        1.152252261721e+00            3.283550755124e-02            
82        7.555995773036e-01            3.375857707031e-02            
83        8.728176262189e-01            5.941591534917e-02            
84        2.621495258590e-01            8.075569565305e-02            
85        7.570013760709e-01            5.814869111184e-02            
86        2.406162532218e-01            4.392970662293e-02            
87        1.969437136928e-01            5.386982966230e-02            
88        4.829714100351e-01            7.592777656057e-02            
89        3.515992922481e-01            5.258637902857e-02            
90        5.618068679288e-02            2.271862897188e-02            
91        6.788652544636e-01            5.129467554504e-02            
92        9.514225242823e-01            6.149198851469e-02            
93        4.823021877162e-02            2.194790623464e-02            
94        3.841571273374e-01            2.474015856825e-02            
95        8.431235225714e-01            3.488467705711e-02            
96        9.020997726953e-01            5.649496637429e-02            
97        7.099803365779e+00            1.064377051578e-01            
98        4.660916592139e-01            1.499194083364e-02            
99        5.322784293380e-01            1.474314244898e-02            
100       2.753149421821e-01            1.162465922151e-02            
101       5.456939056247e-02            2.083183412644e-02            
102       2.664298547107e-01            6.560238139727e-03            
103       1.690795114658e-01            4.939382528929e-02            
104       2.181429380975e-01            9.671664457805e-03            
105       1.246796938802e-01            6.383306383274e-03            
106       2.712026452898e-01            3.200004839274e-02            
107       2.242678140338e-01            7.015540558353e-03            
108       1.311701874455e-01            6.023282728252e-03            
109       1.278083248028e-01            1.653605902676e-02            
110       2.658401534285e-01            2.732004996222e-02            
111       1.043980239918e-01            7.258834399315e-03            
112       4.265648678462e-02            5.391551214614e-03            
113       2.003228153499e+00            9.524753512117e-03            
