@    title "Electric Field"
@    xaxis  label "Time (ps)"
@    yaxis  label "MV/cm"
#time      Magnitude                     Efield_X                      Efield_Y                     Efield_Z
@type xy
10        7.844558464398e+01            -3.112740963040e+01           -1.540412008257e+00           -7.198903562822e+01           
20        1.068792657721e+02            1.512095498524e+01            1.968995661731e+01            -1.039559511559e+02           
30        2.496760913868e+01            -2.123541588494e+01           -7.959310292134e+00           -1.044451999707e+01           
40        5.406574796974e+01            -1.797201821345e+01           -2.522810636166e+00           -5.092884341272e+01           
50        9.411378517224e+01            1.912945223210e+01            -7.189015057938e+00           -9.186831161637e+01           
60        1.056450051948e+02            -1.094703843574e+01           -9.481670368599e+00           -1.046476344650e+02           
70        6.152524888750e+01            -2.562595654452e+01           -6.924682403603e+00           -5.550419241334e+01           
80        9.932806938596e+01            -2.179176419174e+01           -4.768646142403e-01           -9.690695011965e+01           
90        9.828824329403e+01            -6.129833153053e+00           -1.408802774299e+01           -9.708002569867e+01           
100       5.651786991763e+01            3.978722937088e+00            -7.265549694068e+00           -5.590752338871e+01           
110       1.891190125841e+01            -7.178104399311e+00           -1.655300084446e+01           5.668596782592e+00            
120       7.318125957209e+01            -2.544951727734e-02           -6.889733944178e+00           -7.285621230244e+01           
130       1.131234976074e+02            -6.922248363817e+00           -2.103197010523e+01           -1.109354065301e+02           
140       8.435836984473e+01            -8.454776632837e+00           -1.227920378100e+01           -8.303055142208e+01           
150       1.233597342259e+02            -1.459968220968e+01           -2.337338670218e+01           -1.202420812433e+02           
160       9.330803235001e+01            -1.369678242561e+01           -1.465730209688e+01           -9.112601465804e+01           
170       1.199482739190e+02            -1.203587474992e+01           4.658901200566e+00            -1.192519214719e+02           
180       1.036912998884e+02            -4.326141095685e-01           -1.488214132771e+00           -1.036797170920e+02           
190       1.172768151847e+02            -3.037386564544e+00           -2.350609622454e+01           -1.148568200109e+02           
200       8.160349590345e+01            -8.543328558439e+00           -3.208013766075e+01           -7.454533418313e+01           
210       9.125742800898e+01            -2.820695816346e+01           3.669578161736e+00            -8.671112889413e+01           
220       1.031360911021e+02            4.184163138070e+00            -2.210899262898e+01           -1.006515698416e+02           
230       1.204574099206e+02            1.616835834591e+01            -2.319861224348e+00           -1.193448366587e+02           
240       7.792397275599e+01            2.146466578758e+01            2.109023071574e+01            -7.187917515568e+01           
250       9.751701119975e+01            -1.744023980068e+01           -6.710734503333e+00           -9.570982996251e+01           
260       1.087638280089e+02            5.333887193796e+00            -6.037080494007e+00           -1.084650800473e+02           
270       9.741731177682e+01            9.245068918344e+00            2.315923400398e+01            -9.417171133024e+01           
280       8.610217503227e+01            2.735072531997e+01            9.033688989163e+00            -8.114132629559e+01           
290       9.205488587644e+01            -2.262596743188e+01           1.278999348465e+01            -8.830958995578e+01           
300       9.444562258983e+01            -1.582352894608e+01           9.308833029511e+00            -9.264414274902e+01           
310       9.556817926871e+01            3.961114625332e+00            5.014048515846e+00            -9.535431703464e+01           
320       1.179332793901e+02            -2.769732793873e+00           -9.579247199197e+00           -1.175109568978e+02           
330       5.701190518455e+01            3.672825373016e+00            -5.478692050674e+00           -5.662907044942e+01           
340       6.151337086373e+01            -1.391801869816e+01           -2.061481711023e+00           -5.988266730609e+01           
350       1.038710034903e+02            1.958188560390e+01            -2.174408144039e+00           -1.019853277266e+02           
360       8.302851724612e+01            1.355422882955e+01            -5.653417959644e+00           -8.171937605183e+01           
370       1.257601268781e+02            3.934119856437e+00            -3.333453822483e+00           -1.256543684038e+02           
380       1.041186244703e+02            -5.952144073133e+00           1.769458240668e+00            -1.039332909132e+02           
390       1.179283484764e+02            -4.948703196516e+00           -5.698897698047e+00           -1.176865679510e+02           
400       1.173079973215e+02            -1.568390526176e+01           -1.323919917867e+01           -1.154985062952e+02           
410       1.100471796907e+02            4.053477582657e+00            -3.277409199689e+00           -1.099236538071e+02           
420       8.635552289266e+01            1.283178876428e+01            2.897186599849e+01            -8.033213872255e+01           
430       7.808892494930e+01            5.285661491946e+00            5.349964475520e+00            -7.772592786478e+01           
440       1.133754231736e+02            -2.563552093758e+01           5.952959476918e+00            -1.102785968333e+02           
450       9.437100291366e+01            -1.086979068754e+01           8.405798234096e+00            -9.336528475502e+01           
460       8.861549068338e+01            -1.436641250928e+01           1.307956448840e+01            -8.645944930118e+01           
470       8.578238846094e+01            -2.213832838825e+01           -5.765934777339e+00           -8.267567104282e+01           
480       1.009027665394e+02            -6.888417919325e+00           1.500516432899e+01            -9.954276988975e+01           
490       8.536731284805e+01            1.095240776095e+01            -8.136983395837e+00           -8.426987817928e+01           
500       8.977550318372e+01            2.209652181306e-01            2.879877685898e+01            -8.503071561318e+01           
510       1.112922924754e+02            -2.661221294935e+00           -5.716335836127e+00           -1.111135264955e+02           
520       1.072421775704e+02            -2.540626712842e+01           -2.315129234041e+01           -1.015845652823e+02           
530       7.464910947765e+01            1.313227584063e+00            -9.787190334452e+00           -7.399307997695e+01           
540       5.547641649136e+01            2.385402822529e+00            -1.505880237583e+01           -5.334018289342e+01           
550       8.742294474479e+01            -2.594787363686e+01           2.518399950972e+01            -7.959425412849e+01           
560       9.419390095575e+01            -1.619969940858e+01           1.957071937555e+01            -9.070307414557e+01           
570       7.736147941559e+01            2.349788893267e-01            -2.772781827149e+01           -7.222126678613e+01           
580       1.055355166353e+02            -5.136399623741e+00           -9.677422224468e+00           -1.049652807812e+02           
590       8.885702646697e+01            2.487062662439e+00            -2.150148090787e+01           -8.618046176851e+01           
600       9.968247798893e+01            -7.656178215313e+00           -2.650908952741e+01           -9.578751236761e+01           
610       8.532277453174e+01            7.982350398205e-02            1.251689820417e+01            -8.439962524413e+01           
620       1.049576064294e+02            8.553137900703e+00            6.921988350420e+00            -1.043792558735e+02           
630       8.192997567777e+01            2.001395638825e+01            -9.117004884202e+00           -7.892301746760e+01           
640       1.175240315868e+02            -6.479968064315e+00           -8.471008433993e+00           -1.170390961620e+02           
650       9.579449164491e+01            -9.682293044301e+00           -1.116003083128e+01           -9.464825166244e+01           
660       7.103503066840e+01            1.975004325506e+00            -5.185089734972e-01           -7.100567645209e+01           
670       1.054158470458e+02            -8.545364846041e+00           -1.524337316897e+01           -1.039572850861e+02           
680       1.115147956763e+02            2.329213829000e+00            -4.188010602909e+00           -1.114117811762e+02           
690       1.100892061312e+02            -4.540180502435e+00           -3.406883071382e+01           -1.045864945459e+02           
700       1.055448013347e+02            8.114252694631e+00            -8.404634177616e+00           -1.048962635957e+02           
710       8.620153446424e+01            5.799210166734e-01            -6.414237124944e+00           -8.596060608040e+01           
720       9.871613443946e+01            -4.031936012184e+00           -7.610282689541e+00           -9.833972894028e+01           
730       8.200717210288e+01            -3.779858410168e+00           4.184162837640e+00            -8.181309019991e+01           
740       1.316083606619e+02            2.141286845445e+00            -9.176272555432e+00           -1.312706041304e+02           
750       1.167181456711e+02            -1.864858183835e+01           -4.436768718910e+00           -1.151332749802e+02           
760       7.495137665006e+01            -1.068806280429e+01           5.882224605593e+00            -7.395183303286e+01           
770       8.045872086385e+01            -9.705475479471e+00           3.712337468754e+00            -7.978488615824e+01           
780       3.182018176083e+01            -3.515277102221e+00           1.113849884387e+01            -2.959899724132e+01           
790       5.879479848308e+01            9.268776435607e+00            1.538247952695e+01            -5.598479646882e+01           
800       9.705805429357e+01            -9.381354477987e+00           4.657426624796e+00            -9.649126628170e+01           
810       1.108516171058e+02            -1.141437224012e+01           1.198669836401e+01            -1.096089055856e+02           
820       1.277123173531e+02            1.124337773135e+00            -1.827211025256e+01           -1.263934407126e+02           
830       9.248471399813e+01            1.934898411895e+00            1.691468379028e+00            -9.244899905447e+01           
840       1.142157084519e+02            1.022200619700e+00            6.720289568435e+00            -1.140132486651e+02           
850       4.996932400694e+01            -1.180098114721e-01           -4.854335449365e+00           -4.973283465418e+01           
860       1.011163815667e+02            -2.517493165531e+00           -8.257473708904e+00           -1.007472033223e+02           
870       8.372763022668e+01            -8.533613244170e+00           -1.608799845903e+01           -8.172312900248e+01           
880       9.553972252919e+01            1.899969321800e+01            9.775043517784e+00            -9.311980864887e+01           
890       1.262408719897e+02            -9.616689287656e-01           -9.253264783632e+00           -1.258976173104e+02           
900       1.072502959650e+02            -3.956168649702e+00           4.953035276531e+00            -1.070627953854e+02           
910       5.429995463645e+01            -1.268415228966e+01           2.020131191632e+00            -5.275904116057e+01           
920       1.238467504506e+02            1.715310944332e+01            4.389168472108e+00            -1.225745635673e+02           
930       8.015160436875e+01            1.334019354620e+01            4.031590868175e+00            -7.893076202664e+01           
940       7.610338235822e+01            9.349343203396e+00            -3.395950735649e+00           -7.545052754373e+01           
950       1.318957588027e+02            -7.726244838381e+00           -4.565460927055e+00           -1.315900942220e+02           
960       1.079017211316e+02            -1.153735358387e+01           -5.295336331896e+00           -1.071523695891e+02           
970       8.333592727642e+01            3.182704967437e+00            1.979799189177e+00            -8.325159193241e+01           
980       1.071902041529e+02            -1.511436403551e+01           5.395716830849e+00            -1.059819895361e+02           
990       1.027233779030e+02            -1.102253506828e+01           6.637216432868e+00            -1.019143927347e+02           
1000      8.723638320023e+01            -1.751877875778e+01           -3.870744427258e+00           -8.537151915172e+01           
1010      4.532661246695e+01            7.905020960199e+00            -1.841401406525e+01           -4.065632210804e+01           
1020      1.161361252516e+02            -2.510181040522e+01           3.132238009742e+00            -1.133476412983e+02           
1030      9.063591687575e+01            3.703130833237e+00            1.336889079766e+01            -8.956801331268e+01           
1040      1.033731817089e+02            3.183148509754e+00            2.451968206101e+00            -1.032950633579e+02           
1050      7.412410186395e+01            -2.157526932237e+00           1.034521797370e+01            -7.336691365834e+01           
1060      8.096464607121e+01            3.926012988010e+00            -2.216907755889e+01           -7.777141078598e+01           
1070      8.895708886478e+01            -2.484641651957e+01           -1.212393482657e+01           -8.455193344775e+01           
1080      1.157153469353e+02            1.847046362333e+01            5.901918228949e+00            -1.140791429277e+02           
1090      1.090521897080e+02            -7.189649840664e+00           -2.183873553690e+01           -1.066009317287e+02           
1100      8.335475358017e+01            -8.004127771783e+00           1.450843825192e+01            -8.169121190504e+01           
1110      9.703873852377e+01            2.255549592546e+01            -2.147256194621e+01           -9.190590547570e+01           
1120      7.837254529463e+01            9.930640095100e-01            -1.837446319091e+00           -7.834470927163e+01           
1130      8.717347089067e+01            4.655467615902e+00            4.971161572371e+00            -8.690700892923e+01           
1140      1.109096685393e+02            1.068718983618e+01            -9.710797185712e+00           -1.099656262971e+02           
1150      8.055442530526e+01            1.871709187090e+01            -1.370460897017e+00           -7.833777980698e+01           
1160      9.463429280863e+01            -9.967054087029e+00           -1.149100563295e+01           -9.340376864859e+01           
1170      9.680412817673e+01            -5.648598669569e+00           1.149419679349e+00            -9.663235172305e+01           
1180      1.317092491412e+02            -1.960731315173e+01           2.183488328240e+01            -1.283982766721e+02           
1190      9.054190327605e+01            2.007163215133e+01            -1.114242544430e+01           -8.758317296633e+01           
1200      9.079717343838e+01            9.735052528696e+00            6.620486183898e+00            -9.003068709807e+01           
1210      6.899470514492e+01            8.989029911072e+00            -2.693600589002e+01           -6.288018977376e+01           
1220      1.126947016723e+02            -9.688706608118e-01           3.102132855405e-01            -1.126901097806e+02           
1230      7.743229676544e+01            2.913684731345e+01            -1.075014689187e+01           -7.093122762794e+01           
1240      6.598988158272e+01            -2.254481968510e+01           6.580276397299e+00            -6.166924305683e+01           
1250      8.645114002522e+01            -1.572205761595e+00           -1.175221525769e+01           -8.563418252801e+01           
1260      9.307725314298e+01            4.641741746738e+00            -1.059739786648e+01           -9.235542455459e+01           
1270      8.064852701281e+01            7.290188904515e+00            -1.375734081453e+01           -7.913136943581e+01           
1280      1.030599205576e+02            -2.397110744131e+01           1.244260921412e+00            -1.002256706046e+02           
1290      7.555397785648e+01            3.339923122328e+01            1.782757653080e+01            -6.538403810311e+01           
1300      1.184203147257e+02            -1.195207502948e+01           -3.600919240895e+00           -1.177605715970e+02           
1310      8.432491101220e+01            -9.148574127123e+00           -3.581284289907e-01           -8.382640367262e+01           
1320      1.042580133172e+02            1.288525043128e+01            -2.365856401151e+00           -1.034316507925e+02           
1330      1.195019392671e+02            -1.846983325940e+01           1.047213633334e+01            -1.176006509701e+02           
1340      6.765690635742e+01            1.365025688317e+01            2.909576286810e+00            -6.620167543734e+01           
1350      1.151766836832e+02            6.248020217563e+00            2.714186827340e+00            -1.149750577190e+02           
1360      9.643434870441e+01            -4.077355052265e+00           -1.141182874970e+00           -9.634135398399e+01           
1370      9.645890948633e+01            1.071475573053e+01            -1.923559587767e+01           -9.391223072720e+01           
1380      8.856040983420e+01            -1.020106038057e+01           -9.151734604918e-01           -8.796616971683e+01           
1390      1.000857861633e+02            -2.930155003145e+00           3.249566449908e+01            -9.461823593971e+01           
1400      8.891909388570e+01            1.907065667439e+01            -1.143641094279e+01           -8.609369208142e+01           
1410      1.213984077497e+02            1.277813695185e+00            -9.422803362056e+00           -1.210254162278e+02           
1420      9.425140376374e+01            2.146914384593e-01            -1.425203544311e+01           -9.316737897327e+01           
1430      9.688563442822e+01            -2.442944851707e+01           2.922119631083e+00            -9.370960153886e+01           
1440      1.161483713862e+02            3.469436550909e+01            -1.645091557651e+00           -1.108333832894e+02           
1450      8.738758489799e+01            -5.064964192036e-02           6.263628874837e+00            -8.716280389154e+01           
1460      8.429398163649e+01            -2.184073871168e+01           -2.763685414709e+01           -7.658107968365e+01           
1470      6.349051572885e+01            1.195208798544e+01            -1.190228270070e+00           -6.234401765180e+01           
1480      1.050635493958e+02            -9.858095048095e+00           -3.749121724227e+00           -1.045328247966e+02           
1490      6.977525842714e+01            -1.904034606066e+00           -9.678574942814e+00           -6.907449983800e+01           
1500      1.046423510059e+02            -6.301972801513e+00           6.612289977983e+00            -1.042429104740e+02           
1510      1.084660346838e+02            5.877117022176e+00            7.181082462855e+00            -1.080683683147e+02           
1520      1.232024281971e+02            -7.088300078938e+00           7.177688713107e+00            -1.227887417494e+02           
1530      6.711682226373e+01            -4.522839731344e+00           -6.029171546565e+00           -6.669228472626e+01           
1540      3.735971704656e+01            -6.043207565348e+00           1.945104711509e-01            -3.686719769385e+01           
1550      1.232642055807e+02            -4.928422819167e+00           -1.411301390728e+00           -1.231575545971e+02           
1560      1.078661199868e+02            -9.117334673031e+00           -5.067382802319e+00           -1.073605871863e+02           
1570      1.116612486625e+02            -7.800435641279e+00           -5.510309069177e+00           -1.112520748150e+02           
1580      9.783526045839e+01            -6.676345832811e+00           -9.284461096393e-01           -9.760277958697e+01           
1590      1.169591494899e+02            -1.185789664466e+01           -1.779389355057e+01           -1.149878701815e+02           
1600      6.629511243624e+01            -1.192599894964e+01           -2.904204995849e+01           -5.838982630729e+01           
1610      5.943220800542e+01            -1.584927715546e+01           2.388812606348e+01            -5.206097574215e+01           
1620      1.014650011830e+02            1.743886277842e+01            1.534441871074e-01            -9.995503481538e+01           
1630      6.490090947788e+01            7.284546174519e+00            2.042934114431e+01            -6.116948143066e+01           
1640      1.224888361295e+02            -1.841801788108e+01           8.230131996946e+00            -1.208162096782e+02           
1650      1.000158479474e+02            1.952499487946e+00            -6.675026668355e-01           -9.999455998494e+01           
1660      1.039775073957e+02            -1.909753988879e+00           5.231109242099e+00            -1.038282735098e+02           
1670      9.511598385436e+01            7.163132647044e-01            1.434287441626e+01            -9.402563072572e+01           
1680      6.268490039486e+01            2.484853214648e+01            7.635677997540e+00            -5.704071886992e+01           
1690      7.266830468420e+01            9.963283299534e+00            -7.414105931856e+00           -7.159920757103e+01           
1700      8.198954036347e+01            -1.333585592076e+01           3.339883502339e+00            -8.082873779829e+01           
1710      8.989852561385e+01            5.137928157520e+00            -1.196251704988e+01           -8.895079981441e+01           
1720      7.785631388876e+01            1.278982570641e+00            -2.036168149261e+00           -7.781917395602e+01           
1730      6.268444144818e+01            1.131579539069e+01            -2.431422704726e+01           -5.665783562263e+01           
1740      8.467706182793e+01            1.234943606646e+01            -5.145130597862e+00           -8.361353873496e+01           
1750      6.387677771888e+01            -9.497677721408e-01           -3.560861354054e+00           -6.377037665988e+01           
1760      7.964953423323e+01            3.147364387284e+00            -4.325888905566e+00           -7.946967400311e+01           
1770      8.836229475243e+01            2.840116115588e+01            5.187558077654e+00            -8.351262431575e+01           
1780      8.903986784322e+01            -1.624191602752e+00           -2.075858324738e+01           -8.657101875765e+01           
1790      4.348974214314e+01            7.808299663144e-01            3.038784735755e+00            -4.337641944156e+01           
1800      8.481573477845e+01            -3.159523398483e+00           5.062705919072e+00            -8.460552751848e+01           
1810      6.278780760742e+01            -8.788732760931e+00           -2.403410516797e+01           -5.733610336758e+01           
1820      1.012119775485e+02            -5.224025274432e+00           5.345929685563e-01            -1.010756556723e+02           
1830      9.236507292666e+01            8.129262440611e+00            -4.178808449774e+00           -9.191169321071e+01           
1840      4.092534920335e+01            5.135135675789e+00            4.260342469602e+00            -4.037776703892e+01           
1850      6.382150329830e+01            -3.002423613355e+00           1.187778261247e+01            -6.263455927770e+01           
1860      9.582663374928e+01            1.786398563785e+01            4.234439577654e+00            -9.405153520444e+01           
1870      1.000022569298e+02            -5.904975425928e-01           1.397586876100e+01            -9.901907793996e+01           
1880      8.714123640139e+01            -4.104531845915e-01           2.488106907095e+01            -8.351262785730e+01           
1890      7.706129758148e+01            -1.348067079749e+01           -3.324185867221e+01           -6.820332786461e+01           
1900      1.114913523212e+02            1.190963227226e+01            -1.316933438030e+00           -1.108456042785e+02           
1910      1.155286575758e+02            -3.070036959078e+01           5.142072551001e-01            -1.113736666325e+02           
1920      1.019756427828e+02            8.729001177234e+00            -1.139050373462e+01           -1.009608472829e+02           
1930      1.123982340879e+02            4.186554806315e-01            -3.739506068699e+00           -1.123352297724e+02           
1940      5.571647075875e+01            1.730614585760e+01            -3.697206324189e+00           -5.283136468768e+01           
1950      8.086631491691e+01            -1.337256013441e+00           2.773169439983e+01            -7.595081145261e+01           
1960      7.523930812044e+01            -4.490936604661e+00           -7.248178752563e+00           -7.475459102709e+01           
1970      9.004763322777e+01            -3.715943390490e+00           8.648122863336e+00            -8.955432979807e+01           
1980      1.954364446034e+01            -1.723591276211e+01           4.201120659628e+00            -8.199264311633e+00           
1990      9.152143286628e+01            -5.091985663448e+00           7.679779911786e+00            -9.105638547849e+01           
2000      7.960863408685e+01            1.716524024877e+01            1.785018634779e+01            -7.565883950818e+01           
2010      8.055250823674e+01            -3.051880975554e+01           1.329575383115e+01            -7.335210811147e+01           
2020      8.825228002341e+01            6.822062530711e+00            4.237349373863e+00            -8.788611529952e+01           
2030      8.570887635613e+01            -1.319902647953e+01           -2.022577807918e+01           -8.223572877597e+01           
2040      1.044089183385e+02            -3.273310760327e+00           1.834508526533e+00            -1.043414694345e+02           
2050      9.450343327600e+01            -1.682480658516e+01           -1.409862192509e+01           -9.191873391282e+01           
2060      8.102378464697e+01            4.682460483037e-01            -1.372300961910e+01           -7.985182171466e+01           
2070      1.227239315164e+02            -9.904764431354e-01           -2.782598222583e+01           -1.195236254321e+02           
2080      8.325279769005e+01            -2.711173465776e+01           3.170081162760e+01            -7.204887722387e+01           
2090      1.209058396767e+02            -2.286922311448e+00           4.186220412699e+00            -1.208117031290e+02           
2100      7.890064453614e+01            -4.657942012617e+00           -9.977013995657e+00           -7.812857656553e+01           
2110      1.073747861058e+02            -2.049192778278e+01           -7.256618779745e+00           -1.051511629555e+02           
2120      1.044612299949e+02            -1.885499643216e+01           -1.452107194644e+01           -1.017141885438e+02           
2130      1.152380432603e+02            3.448702387421e+01            2.836266304342e+00            -1.099200045134e+02           
2140      9.012155318698e+01            1.071614513937e+01            -7.865022120840e-01           -8.947871253240e+01           
2150      6.079526185681e+01            1.816142456640e+01            7.326475572237e+00            -5.755475026135e+01           
2160      1.109853390387e+02            -8.743891871337e+00           -1.718765412627e+01           -1.092971837794e+02           
2170      2.937168551096e+01            -2.322679908621e+01           9.427805518381e+00            1.530778223883e+01            
2180      1.096850546804e+02            -4.351083937501e+00           -2.970509296206e+01           -1.054963825964e+02           
2190      9.781166973518e+01            -7.635932705434e+00           2.164812938181e+01            -9.507982836738e+01           
2200      8.041719420093e+01            -6.789826625968e+00           -2.153553478331e+00           -8.010109602843e+01           
2210      7.207813838087e+01            -5.044697757486e+00           -1.155095288084e+01           -7.096748934923e+01           
2220      7.835721121525e+01            -5.732026687002e+00           7.034379619796e+00            -7.783003226812e+01           
2230      1.201214556136e+02            5.936844550737e+00            2.520668288414e+01            -1.172968077719e+02           
2240      9.605257588529e+01            -6.810659008210e+00           -3.788063209649e+00           -9.573590149569e+01           
2250      1.064103633799e+02            -3.244358040439e+00           8.250755792375e+00            -1.060403913818e+02           
2260      8.772952179056e+01            4.252414436778e-01            -1.908020656833e+01           -8.562846419634e+01           
2270      1.084699913909e+02            -4.457091573087e+00           -1.648829084159e+01           -1.071168036872e+02           
2280      8.442771947244e+01            1.018536081668e+00            -2.548769387537e+01           -8.048217107213e+01           
2290      6.079390429583e+01            -1.702315795559e+01           -1.731849342974e+01           -5.573312011788e+01           
2300      9.225666640316e+01            -8.548254985682e+00           -2.815109015369e+00           -9.181663789181e+01           
2310      6.730079240325e+01            -1.259004151234e+01           -1.508034275995e+01           -6.436979707180e+01           
2320      8.812485747386e+01            4.119773030840e+00            -7.729895298857e+00           -8.768846385718e+01           
2330      1.089691658550e+02            -1.015426325494e+01           -2.078026623248e+00           -1.084751208814e+02           
2340      9.995444461094e+01            -1.305782974173e+01           4.008538796959e+00            -9.901674452652e+01           
2350      7.983690000573e+01            -6.306682344430e+00           -2.906147341922e+00           -7.953433640861e+01           
2360      1.132618663367e+02            9.040933896932e+00            1.448803942468e+00            -1.128911548682e+02           
2370      1.019675174646e+02            2.833811328758e+00            -7.203337152306e+00           -1.016732809794e+02           
2380      8.201144660995e+01            -7.212599868015e+00           -8.015123632557e+00           -8.129952995778e+01           
2390      1.206440630267e+02            1.561671260417e-02            1.196897139910e+01            -1.200488793090e+02           
2400      7.740139886521e+01            4.066214274795e-01            -4.210680791314e+00           -7.728571260317e+01           
2410      1.124004101235e+02            8.340179387621e+00            5.198552806328e+00            -1.119699453087e+02           
2420      8.345787303929e+01            -5.387177490846e+00           8.596654291082e+00            -8.283895476117e+01           
2430      1.094294223331e+02            3.548378310669e+00            -1.566002707440e+01           -1.082449584763e+02           
2440      2.733253184777e+01            3.007523184069e+00            3.021835513790e+00            -2.699797421353e+01           
2450      7.449208215959e+01            -9.236531225264e+00           2.935991792021e+00            -7.385889755197e+01           
2460      9.163369863243e+01            -1.060280423224e+00           3.094224314970e+00            -9.157530402009e+01           
2470      6.728056138490e+01            -5.375082371104e+00           3.403195381991e-01            -6.706464502540e+01           
2480      9.568325951857e+01            -1.591922968400e+01           -1.341207446903e-01           -9.434959613052e+01           
2490      1.097875265972e+02            -1.201986701733e+01           1.617859626873e+01            -1.079216234867e+02           
2500      5.074637702012e+01            1.928240289108e+01            2.553046135248e+00            -4.687073367087e+01           
2510      8.851260407583e+01            3.384889924295e-01            1.793326933421e+01            -8.667620409590e+01           
2520      9.376928733158e+01            -6.883280499360e+00           3.463286570467e+00            -9.345215536503e+01           
2530      1.021582902793e+02            2.035216475723e+01            -1.011559162110e+01           -9.959809470388e+01           
2540      1.136273372710e+02            -1.083448996492e+01           9.011506686503e+00            -1.127500702870e+02           
2550      9.530340681670e+01            9.544533554468e+00            -8.011273109794e+00           -9.448524082235e+01           
2560      1.026052977941e+02            -8.820933349505e+00           -2.074719744405e+01           -1.000979124082e+02           
2570      3.890720496351e+01            6.884642255068e+00            -3.487780821290e+01           -1.580856708739e+01           
2580      1.061596666475e+02            -1.048928152643e+01           -4.583350968214e-01           -1.056391959678e+02           
2590      8.633647013357e+01            -1.776720450309e+00           -2.504223034282e+00           -8.628185328655e+01           
2600      1.037672739212e+02            7.677907448392e+00            -3.469375312493e+01           -9.749379656342e+01           
2610      7.900869503167e+01            -8.385459399138e+00           1.026139261791e+01            -7.788942022389e+01           
2620      1.045838387529e+02            -1.930016179591e+01           6.661876211702e+00            -1.025714506492e+02           
2630      1.220459280240e+02            -2.329388237338e+00           -1.338987838145e+01           -1.212868239118e+02           
2640      7.337471147791e+01            -1.463735400686e+00           5.219317423507e+00            -7.317420644446e+01           
2650      7.764254748384e+01            4.924562046640e+00            -1.928042716616e+01           -7.504917718882e+01           
2660      8.359350214226e+01            -3.948563622291e+00           9.228747169999e+00            -8.298862977180e+01           
2670      8.907165988005e+01            1.581655955882e+01            -2.100609173450e+01           -8.510194561555e+01           
2680      8.266168865893e+01            9.016554152876e+00            8.609885333309e+00            -8.171613303198e+01           
2690      8.913290057716e+01            -5.642320053294e+00           -1.083471845127e+00           -8.894753666334e+01           
2700      1.005800948362e+02            -4.354961504944e+01           1.290200877547e+01            -8.974031800624e+01           
2710      9.563817024067e+01            4.805719786045e+00            -2.116881186499e+00           -9.549389236158e+01           
2720      1.181711508939e+02            -2.180838104400e+01           -8.368299760086e+00           -1.158394879950e+02           
2730      1.131988133804e+02            -1.335195902151e+01           -3.106249080674e+00           -1.123656876349e+02           
2740      4.382302679325e+01            6.375135595166e+00            -6.432257181425e+00           -4.287704970047e+01           
2750      3.373361647037e+01            5.832869664469e+00            -1.824397659745e+01           -2.776854028499e+01           
2760      6.854119877050e+01            -8.009062068283e+00           -6.612401939342e+00           -6.774973796463e+01           
2770      5.044899323995e+01            -1.478418666486e+01           1.434656625428e+01            -4.605111052184e+01           
2780      9.698360453733e+01            -1.484434489314e+00           -4.776023727925e+00           -9.685455900808e+01           
2790      7.759119581206e+01            2.913876511312e+01            2.836715454574e+00            -7.185596064807e+01           
2800      1.018222714478e+02            4.762935943716e+00            6.986766009264e+00            -1.014705597930e+02           
2810      8.105445861267e+01            -7.027908598293e+00           6.332127860318e+00            -8.050054607571e+01           
2820      1.206539288297e+02            -5.171981065360e+00           1.535427131721e+01            -1.195611454705e+02           
2830      7.553362371969e+01            -3.211266556217e+01           -6.570806011349e+00           -6.805093335937e+01           
2840      9.777703696206e+01            -4.504054848704e+00           1.213923609854e+01            -9.691595015241e+01           
2850      9.014663630497e+01            -1.018807477239e+01           -7.031209757627e+00           -8.929267192148e+01           
2860      8.920474697173e+01            9.235980551015e+00            5.898897698464e+00            -8.852901530852e+01           
2870      4.194542737485e+01            -2.792396089865e+01           -5.885366836917e+00           -3.074140111616e+01           
2880      9.236881697366e+01            -7.823425831997e+00           -1.759044963920e+01           -9.034029244394e+01           
2890      9.274269849998e+01            1.014332405919e+01            -1.545985386256e+01           -9.088076815607e+01           
2900      1.079680668655e+02            -1.361931578618e+00           -3.863342517531e+00           -1.078903294537e+02           
2910      1.112847328485e+02            -4.091666109915e+00           1.973137060636e+00            -1.111919815623e+02           
2920      1.247345005491e+02            9.280541416971e+00            4.245137078215e+00            -1.243163142529e+02           
2930      1.098743156475e+02            -5.376240579263e+00           4.880460479545e+00            -1.096341296392e+02           
2940      1.018424221571e+02            4.516258860034e+00            -7.435706969357e+00           -1.014701562954e+02           
2950      6.106789649065e+01            -9.926285978874e+00           -1.977049208486e+01           -5.691998305675e+01           
2960      1.213757439526e+02            -1.454510583174e+01           3.361392587887e+00            -1.204541911112e+02           
2970      9.216553478522e+01            9.431254972273e+00            1.033788073203e+01            -9.109701122355e+01           
2980      4.328095129601e+01            4.113860760061e+01            -4.392391020779e+00           -1.271072818099e+01           
2990      1.038549848971e+02            7.451267762316e+00            1.044684627077e+01            -1.030592057980e+02           
3000      8.748594872402e+01            1.717500056275e+01            -2.071799939847e+00           -8.575848777130e+01           
3010      1.178254680752e+02            -9.211291979294e+00           3.769150199869e-01            -1.174642539766e+02           
3020      1.075921692078e+02            8.631471528564e+00            -4.920874255463e+00           -1.071324300604e+02           
3030      9.084944687914e+01            2.281167657031e+01            6.570998889853e+00            -8.769305208446e+01           
3040      9.281105200740e+01            -6.513937750585e+00           5.417448673405e+00            -9.242354266946e+01           
3050      1.107506058626e+02            2.380977842512e+01            -2.160245776020e+00           -1.081393752917e+02           
3060      4.926495591438e+01            1.061526579616e+01            2.562965843108e+00            -4.803939237136e+01           
3070      7.334414758550e+01            8.296999939277e+00            -1.625798920444e+00           -7.285520266200e+01           
3080      4.033890272738e+01            -1.484405876747e+01           7.639019145178e-01            -3.750063261362e+01           
3090      1.204645587203e+02            8.390966447033e+00            -1.093959001917e+01           -1.196730001294e+02           
3100      6.410201993154e+01            2.742938982350e+00            1.157940586250e+01            -6.298779726990e+01           
3110      8.667893674978e+01            -1.955785260941e+01           -4.252518917738e+00           -8.433649601587e+01           
3120      9.667497119259e+01            -1.063187007855e+01           -2.010384423951e+01           -9.396195421826e+01           
3130      1.012220413520e+02            1.822621305580e+01            -6.344384319772e-01           -9.956557789209e+01           
3140      8.161655270968e+01            -1.394618308233e+01           1.089694472811e+01            -7.967447677417e+01           
3150      1.005421584829e+02            6.563085444085e-01            -6.799937210528e+00           -1.003097988505e+02           
3160      1.009026626726e+02            9.771794719889e-01            5.111548733393e+00            -1.007683706540e+02           
3170      9.844622874871e+01            6.737519269851e+00            1.257484817143e+01            -9.740707870785e+01           
3180      7.199045067478e+01            6.329248801382e+00            2.025950224005e+01            -6.879039298444e+01           
3190      1.021660699024e+02            8.504849105438e+00            1.198996379149e+01            -1.011029878355e+02           
3200      7.382549114765e+01            -1.783136950937e+01           2.205779154293e+01            -6.815936646464e+01           
3210      7.239288819212e+01            9.297099784710e+00            3.850788061010e+00            -7.169006645065e+01           
3220      5.617524244600e+01            -2.920082560001e+01           -8.275832173454e+00           -4.727028929446e+01           
3230      8.157215481992e+01            5.787298147671e+00            3.310580386415e+00            -8.129922311819e+01           
3240      8.773172273113e+01            5.503750489243e+00            -1.686243162526e+01           -8.591985977414e+01           
3250      6.834389988511e+01            3.239388015745e+00            1.664002690423e+01            -6.620803970377e+01           
3260      7.184282896937e+01            -1.289076688068e+01           1.978630404892e+00            -7.064917002535e+01           
3270      8.929549125176e+01            6.046167329272e+00            -6.472477748331e+00           -8.885513857013e+01           
3280      1.137098760691e+02            -2.044494933242e+01           -5.801590419921e+00           -1.117062286135e+02           
3290      8.119436601467e+01            -2.566532712030e+01           1.846287494774e-02            -7.703126453236e+01           
3300      1.248661413430e+02            1.275391007326e+01            -4.255309738315e+00           -1.241401762958e+02           
3310      1.014293576934e+02            -5.875636401394e+00           6.206499678265e+00            -1.010686443004e+02           
3320      6.929357900362e+01            -8.719856653354e+00           6.250660507996e+00            -6.845796837688e+01           
3330      9.897223956981e+01            -8.135885473233e+00           -1.516751616446e+01           -9.746413712968e+01           
3340      6.149073140432e+01            -4.628732901531e+00           1.308787918681e+01            -5.990319105654e+01           
3350      9.949495351038e+01            -1.876006756898e+01           1.837860402027e+01            -9.596630946903e+01           
3360      7.862711054762e+01            7.621482889976e+00            -6.432430161110e+00           -7.799204673457e+01           
3370      6.926062436312e+01            -4.289968581897e+01           -2.065461493018e+01           -5.029948236204e+01           
3380      9.587670418100e+01            -4.105271258003e-01           -1.727160853688e+01           -9.430729245737e+01           
3390      6.290219994927e+01            -1.016861791830e+01           1.813218917712e+01            -5.936758108374e+01           
3400      1.047607455442e+02            -1.325013356800e+01           8.210823162422e+00            -1.035945469144e+02           
3410      7.839429096714e+01            2.363599463943e+01            7.091832538141e-01            -7.474290382878e+01           
3420      8.167625696546e+01            -7.142065079214e+00           -7.360027288316e+00           -8.102982078597e+01           
3430      3.622351760413e+01            -1.248205669009e+01           -9.729712414653e+00           3.258334213567e+01            
3440      8.731502249868e+01            -3.059593397543e+01           -8.749499933854e+00           -8.130958263959e+01           
3450      1.082656517474e+02            -4.614321925056e+00           -8.272155021047e+00           -1.078505022369e+02           
3460      9.557072437326e+01            1.237951360584e+01            5.037470351907e-01            -9.476421919182e+01           
3470      1.062846626068e+02            -1.461661640062e+01           -6.894278282351e+00           -1.050488122608e+02           
3480      1.371756085397e+02            9.319857736182e+00            9.742977147322e+00            -1.365113996204e+02           
3490      1.028819581475e+02            -1.665459796504e+01           2.586054837617e+00            -1.014920390930e+02           
3500      1.073520351938e+02            1.595055630873e+01            -1.771082981348e+01           -1.046726598545e+02           
3510      1.029863590692e+02            6.062478199377e+00            -3.495131893880e+00           -1.027483360715e+02           
3520      9.105687170697e+01            2.295973271367e+00            -1.074352391740e+01           -9.039169810128e+01           
3530      8.030126609842e+01            -4.489331331713e+00           -6.623382683464e-01           -8.017294150286e+01           
3540      5.429447625751e+01            1.825148253854e+01            2.677822364406e+01            -4.356260180121e+01           
3550      8.269246806070e+01            1.639626473654e+01            -1.660723362959e+01           -7.933099374035e+01           
3560      1.135260373121e+02            -3.813003820750e+00           2.553072755992e+01            -1.105522686331e+02           
3570      7.505367231816e+01            1.804872823130e+01            2.324314091381e+00            -7.281411059457e+01           
3580      1.171829907622e+02            -1.571536699819e+01           8.927462526176e+00            -1.157807452772e+02           
3590      1.070061244199e+02            -7.004277550983e+00           -1.159096519430e+01           -1.061456559885e+02           
3600      9.011589204599e+01            4.948296914730e+00            2.092233313214e+00            -8.995560525421e+01           
3610      1.271410825950e+02            -2.163475964012e+01           4.286020580511e+00            -1.252135060060e+02           
3620      1.206315985472e+02            -1.497561830064e+00           4.133227429123e+00            -1.205514674636e+02           
3630      8.851020047302e+01            -9.197998198300e+00           -6.688279509262e-02           -8.803094878285e+01           
3640      8.183143702208e+01            1.330837628653e+01            1.948046035044e+00            -8.071850049624e+01           
3650      1.235247683498e+02            9.897300797355e+00            7.554936050751e+00            -1.228956255287e+02           
3660      9.683747094554e+01            -1.719519265475e+01           -7.212642318596e+00           -9.502525411426e+01           
3670      6.256432514691e+01            -1.052925424774e+00           2.269990888419e+01            -5.829151109543e+01           
3680      9.894861836547e+01            -2.117572653393e+01           1.715214999363e+01            -9.512213955116e+01           
3690      6.519646597336e+01            1.916628383843e+01            9.321758157152e+00            -6.161442659069e+01           
3700      1.118444037675e+02            -5.261491051056e+00           -2.032731044001e+01           -1.098557591403e+02           
3710      1.165028045839e+02            -9.858114026782e+00           7.159760740555e+00            -1.158639671765e+02           
3720      7.480882053252e+01            2.809530977652e+01            -1.281346668066e+01           -6.813830251519e+01           
3730      9.625882811359e+01            -1.911259531471e+01           -8.057633762425e+00           -9.399758097041e+01           
3740      7.933147205811e+01            -1.997677511274e+01           4.789764137211e+00            -7.662551190375e+01           
3750      8.913139212394e+01            2.050641144541e+00            -1.163234214870e+01           -8.834528028697e+01           
3760      8.814209101917e+01            2.377288859730e+00            -5.462991740168e+00           -8.794050504834e+01           
3770      1.045798010432e+02            5.044513831046e+00            1.802696458367e+01            -1.028907975202e+02           
3780      8.464313690423e+01            1.913510783868e+01            -1.399793019293e+01           -8.125494583904e+01           
3790      7.731408259395e+01            1.872759757163e+01            2.084601773682e+00            -7.498265727477e+01           
3800      7.863427113483e+01            1.237598874374e+01            -1.538443620106e+01           -7.611506173088e+01           
3810      9.544980708818e+01            -2.290734616869e+00           -2.209376415048e+01           -9.282932615154e+01           
3820      6.894101945879e+01            -5.941710534729e-01           -2.289371070265e+00           -6.890043472199e+01           
3830      7.882880577585e+01            -7.011470847411e-01           1.478702738358e+00            -7.881181669664e+01           
3840      7.716720678193e+01            -1.041479509827e+01           -1.798464623640e+01           -7.431596292411e+01           
3850      2.786731165133e+01            -4.808136965562e+00           -6.029205177076e+00           -2.677905081450e+01           
3860      9.564154087216e+01            2.033271433591e+01            -1.229685425941e+01           -9.264271392538e+01           
3870      7.794493339038e+01            8.018840462625e+00            -2.952352482488e+00           -7.747512151449e+01           
3880      1.185418728282e+02            2.608897273535e+00            -9.153927840366e+00           -1.181591082978e+02           
3890      9.920048570867e+01            -1.151304269612e+01           -2.095288845937e+01           -9.627649078525e+01           
3900      8.390522617491e+01            -1.616029994658e+01           3.089486120347e+01            -7.631801383892e+01           
3910      1.216481040977e+02            5.898325048629e+00            9.910640957015e+00            -1.211001659289e+02           
3920      9.230603376324e+01            -3.546095516402e+00           1.454114665560e+01            -9.108448896288e+01           
3930      1.101117140977e+02            1.792194218744e+01            1.652381149100e+01            -1.073795009468e+02           
3940      7.974954528067e+01            -1.154479222087e+01           3.575994502513e+00            -7.882842132359e+01           
3950      9.883521973274e+01            -5.243661852200e+00           -1.487747970883e+01           -9.756825952896e+01           
3960      7.076184605885e+01            2.805952887165e+01            1.655958752029e+01            -6.281466196928e+01           
3970      8.014852739440e+01            1.399102717943e+01            -4.156901491642e+00           -7.880836105354e+01           
3980      7.918657292986e+01            4.535464275984e+00            9.203998484799e-01            -7.905122238331e+01           
3990      1.023415911334e+02            9.587617408603e+00            -2.156154741287e+01           -9.958402754109e+01           
4000      1.416595976189e+01            -9.144021920123e+00           4.998393854857e+00            9.595693720176e+00            
4010      9.695959834462e+01            2.008135379225e+01            1.201028958807e+01            -9.409386741458e+01           
4020      5.184522897220e+01            -8.656093465824e+00           -3.325626261544e+00           -5.100921507982e+01           
4030      8.901849857523e+01            1.993714020107e+01            2.551277099182e+00            -8.671963165486e+01           
4040      9.472959532092e+01            -2.194096906749e+01           -7.262016105967e+00           -9.186704103280e+01           
4050      9.834951910548e+01            1.537956344516e+01            3.036797696166e+01            -9.227070451542e+01           
4060      1.083206318415e+02            1.432532901655e+01            -1.891859900413e+01           -1.056893128128e+02           
4070      6.063084698235e+01            4.077010186053e+00            -1.143583385783e+01           -5.940285597272e+01           
4080      9.001988363656e+01            1.121091651521e+01            -2.634320156898e+00           -8.928020585852e+01           
4090      8.675309667504e+01            2.924110945977e+01            -2.781808979157e+00           -8.162915434496e+01           
4100      1.064112946365e+02            2.062366975282e+01            -2.693784364486e+00           -1.043588587421e+02           
4110      8.123757134150e+01            2.343570842694e+01            3.930990121688e-01            -7.778274899461e+01           
4120      7.708830661510e+01            -5.875437289950e+00           -1.994238766972e+01           -7.423198385781e+01           
4130      6.509062500863e+01            -1.996763048195e+00           1.579616820737e+01            -6.311325907690e+01           
4140      9.075653817213e+01            -2.935152387750e+00           -6.592297608060e+00           -9.046919759618e+01           
4150      6.374036455160e+01            1.196010876545e+01            -1.241615098950e+01           -6.136472167374e+01           
4160      1.090056543988e+02            -9.076540577801e+00           1.226566989825e+01            -1.079323975644e+02           
4170      1.130732515150e+02            -1.222261587693e+01           3.880256083789e+00            -1.123437202608e+02           
4180      1.097073637970e+02            -1.270878534789e+01           6.956209450704e+00            -1.087465107319e+02           
4190      1.098369033131e+02            -2.780866940847e+00           3.632638677360e+00            -1.097415875806e+02           
4200      4.624791211992e+01            2.488796026602e+01            3.578612419337e+01            1.545354731011e+01            
4210      5.404233593361e+01            8.089806551570e+00            -7.571777171348e+00           -5.289420850704e+01           
4220      8.449216143616e+01            -1.019728595159e+01           5.061627863077e-01            -8.387302607281e+01           
4230      1.119950625419e+02            -6.046825758183e+00           1.984323778439e+00            -1.118140974616e+02           
4240      8.918185488701e+01            1.630497222534e+01            2.241038208638e+01            -8.476630165674e+01           
4250      9.158094267930e+01            1.588863927486e+00            -1.820507843825e+01           -8.973917590722e+01           
4260      3.383368687202e+01            -2.105727293661e+01           1.036378536393e+00            -2.646196408727e+01           
4270      7.680162630640e+01            -2.109416464173e+01           -1.160108255118e-01           -7.384790154679e+01           
4280      3.513398261756e+01            -8.223937178698e+00           -2.322036752886e+01           2.505150940914e+01            
4290      1.141268150046e+02            -5.015753699518e+00           1.112079811015e+01            -1.134729041107e+02           
4300      6.315627114742e+01            1.012941850349e+01            4.477986381543e+00            -6.217762542904e+01           
4310      9.685747183035e+01            -1.048998359306e+01           2.510025000692e+00            -9.625502515755e+01           
4320      4.305727028436e+01            7.402464722854e+00            -3.988147652779e+00           -4.222826918862e+01           
4330      9.718903628397e+01            2.278933833573e+01            1.806142905471e+01            -9.273693769221e+01           
4340      1.073628679619e+02            -9.311980711468e+00           -5.648532588005e+00           -1.068090188694e+02           
4350      1.057872055070e+02            -9.279253167974e+00           -1.490291114766e-01           -1.053793438010e+02           
4360      5.053143500083e+01            9.530853838735e+00            3.503554425634e+01            3.514398080767e+01            
4370      7.341228924736e+01            1.624955066376e+01            -9.828451433378e+00           -7.091345329474e+01           
4380      9.182140145392e+01            -2.627182628597e+00           -5.065435199620e+01           -7.654021361508e+01           
4390      5.411436878739e+01            -5.846812552929e+00           -1.391561346446e+01           -5.196667580417e+01           
4400      9.343162970066e+01            1.791237427532e+01            5.806959263040e+00            -9.151445514485e+01           
4410      1.014751493717e+02            -1.474946323920e+01           1.016596323293e+01            -9.988149210798e+01           
4420      9.541722425794e+01            4.556866282016e-01            1.530140344378e+01            -9.418124063441e+01           
4430      9.800061558299e+01            -3.352974036982e-01           -2.578993219731e+00           -9.796610140384e+01           
4440      9.518350411797e+01            -6.279750974359e+00           -3.041882783663e+00           -9.492739927443e+01           
4450      8.749255790061e+01            2.149733586772e+01            -4.346380277157e+00           -8.469900363681e+01           
4460      1.020342008312e+02            -6.538675994035e+00           1.843117109634e+01            -1.001424774385e+02           
4470      7.568427906193e+01            -3.318938687980e+00           -1.905148876017e+01           -7.317195855744e+01           
4480      7.209476605544e+01            3.966312280165e-01            -3.056967681747e-01           -7.209302688710e+01           
4490      1.033794869277e+02            -1.710744483716e+01           -8.869261852500e+00           -1.015676614025e+02           
4500      1.032627478619e+02            -2.576244320204e+01           -6.865282552782e+00           -9.976151317875e+01           
4510      1.131893254263e+02            -7.649772764356e+00           1.614883875058e+01            -1.117699394923e+02           
4520      1.041752517090e+02            5.247169340727e+00            -2.087764014342e+01           -1.019268091553e+02           
4530      2.452896050967e+01            1.338194313145e+01            2.053063641756e+01            -1.042338717260e+00           
4540      9.123566529886e+01            -1.134054541928e+01           -4.143492533917e+00           -9.043323571421e+01           
4550      9.815294556329e+01            1.573322156885e+01            -7.523490165913e+00           -9.659121884281e+01           
4560      9.850645110662e+01            8.265047547686e+00            -5.869806879345e+00           -9.798344383545e+01           
4570      8.408239907289e+01            -3.286868834301e+01           1.825469230158e+01            -7.520814696186e+01           
4580      1.003645283965e+02            4.791970230244e+00            1.562699245572e+00            -1.002378848172e+02           
4590      9.256870944852e+01            5.565211826720e+00            -2.124856577382e+01           -8.992492890653e+01           
4600      1.081458652614e+02            -2.948420678360e+00           1.214553700196e+01            -1.074212312328e+02           
4610      9.248582249254e+01            -8.234555411013e+00           -6.271924262087e-01           -9.211637253478e+01           
4620      9.856829526423e+01            -2.604534201462e+01           4.013704042900e+00            -9.498020409798e+01           
4630      1.088158641017e+02            1.188279630129e+00            -4.156167850978e+00           -1.087299707556e+02           
4640      1.217424271280e+01            9.341795870396e+00            3.066335285068e-01            -7.800577634072e+00           
4650      8.560803397651e+01            6.400974443817e+00            9.549337556020e+00            -8.483261848920e+01           
4660      8.075197766477e+01            -8.176147744469e-01           1.368900411477e+01            -7.957904604353e+01           
4670      1.130656239396e+02            1.028759814601e+01            -5.179748323012e+00           -1.124774237283e+02           
4680      5.809423883215e+01            1.853377969232e+01            -7.138642637063e+00           -5.459376683380e+01           
4690      9.271256866472e+01            -3.055063023537e+01           9.775154130054e+00            -8.698692857186e+01           
4700      5.948444628737e+01            -4.793552445728e+00           1.415624620870e+00            -5.927408550115e+01           
4710      1.089646199435e+02            -2.248335810805e+00           2.097775985221e+00            -1.089212225483e+02           
4720      7.754089856316e+01            -6.943611340650e+00           8.698953284182e+00            -7.673790082672e+01           
4730      1.093317456683e+02            -4.141141461854e+00           -1.879983550895e+01           -1.076236393322e+02           
4740      8.759666211742e+01            2.116526082865e+00            -1.865274016337e+01           -8.556150311823e+01           
4750      6.289399234277e+01            6.560593841360e+00            -1.283556254257e+00           -6.253771153955e+01           
4760      9.142014296731e+01            1.029716180841e+01            -1.152117038960e+01           -9.010479250133e+01           
4770      9.754801889384e+01            1.242183713257e+01            -4.250897759227e+00           -9.666045634387e+01           
4780      8.832650029150e+01            -5.757754478851e+00           -1.492855518113e+01           -8.686516653590e+01           
4790      1.147848148121e+02            1.180503914904e+01            -1.912912123440e+01           -1.125623004515e+02           
4800      1.279911913459e+02            1.941612996817e+01            2.817908525480e+01            -1.233316590069e+02           
4810      7.345755934701e+01            -1.334868448229e+01           -6.051617587047e+00           -7.198057774422e+01           
4820      1.065996060142e+02            -8.059751575857e+00           -1.555919002989e+01           -1.051495507006e+02           
4830      7.922416260228e+01            3.033848854346e+00            -2.448835140088e+00           -7.912816759927e+01           
4840      1.015726722757e+02            -1.356599479732e+01           -8.645953755508e+00           -1.002906726573e+02           
4850      9.161763157853e+01            -7.828192888017e+00           -2.161348234071e+01           -8.868690542169e+01           
4860      8.215586323765e+01            2.053078144595e+00            -1.264527492225e+01           -8.115089498333e+01           
4870      1.012523586987e+02            -2.575509310208e+00           8.813564278499e+00            -1.008351524943e+02           
4880      9.309366739556e+01            5.726787168593e+00            -5.964246914470e-01           -9.291544056543e+01           
4890      1.048561387146e+02            -7.324005769749e+00           -9.245047662442e+00           -1.041906802902e+02           
4900      7.103282443595e+01            4.578997496658e+00            5.811264509515e+00            -7.064647290612e+01           
4910      1.064094600483e+02            -5.208093269476e+00           4.149297457213e+00            -1.062009052827e+02           
4920      1.147099066877e+02            -2.524726338868e+00           -6.735929556454e+00           -1.144841286040e+02           
4930      9.618775876353e+01            -1.766969237174e+01           1.786338757026e+01            -9.284808178931e+01           
4940      1.057650777535e+02            -4.981984487042e+00           -6.113295780308e+00           -1.054706552435e+02           
4950      9.753372421273e+01            1.705956886196e+01            3.306239607803e+00            -9.597326319713e+01           
4960      1.175962136863e+02            3.160703416746e+00            -1.990532655357e+01           -1.158561927652e+02           
4970      9.515423543608e+01            1.269267176401e+01            1.524416975180e+01            -9.306363357130e+01           
4980      6.298508386397e+01            4.817087462474e+00            3.027882476395e+00            -6.272757276860e+01           
4990      1.181824558417e+02            -2.472162549391e+01           -5.866345508401e+00           -1.154188896676e+02           
5000      8.276914745796e+01            -5.917007377365e+00           -1.829479647002e+00           -8.253710558794e+01           
