-200.0                        5.189957567712019e-21
-199.5995995995996            8.326799677015499e-21
-199.1991991991992            1.3319762207556128e-20
-198.7987987987988            2.124315275847188e-20
-198.3983983983984            3.37789170739357e-20
-197.997997997998             5.355214001143021e-20
-197.5975975975976            8.464716340027545e-20
-197.1971971971972            1.3339900035928484e-19
-196.7967967967968            2.0960297870704986e-19
-196.3963963963964            3.283576664458663e-19
-195.995995995996             5.128635541287576e-19
-195.5955955955956            7.986594192887303e-19
-195.1951951951952            1.24001415747352e-18
-194.7947947947948            1.9195395378965228e-18
-194.3943943943944            2.962600054738913e-18
-193.993993993994             4.558843638235563e-18
-193.5935935935936            6.994267506787966e-18
-193.1931931931932            1.0698818605720325e-17
-192.7927927927928            1.6316824154855013e-17
-192.3923923923924            2.4810861916104388e-17
-191.991991991992             3.7614446330349566e-17
-191.5915915915916            5.685573789260954e-17
-191.1911911911912            8.568423852786391e-17
-190.7907907907908            1.2874631726617802e-16
-190.3903903903904            1.9287509260569736e-16
-189.98998998999              2.880880040689894e-16
-189.5895895895896            4.2902454712154614e-16
-189.1891891891892            6.37011544331637e-16
-188.7887887887888            9.430200446407544e-16
-188.3883883883884            1.3918847632570544e-15
-187.987987987988             2.048305162519255e-15
-187.5875875875876            3.0053520921212807e-15
-187.1871871871872            4.3964859499616406e-15
-186.7867867867868            6.41247926701498e-15
-186.3863863863864            9.325165494937508e-15
-185.985985985986             1.3520655935228848e-14
-185.5855855855856            1.954564368252907e-14
-185.1851851851852            2.817173369464365e-14
-184.7847847847848            4.048451549494741e-14
-184.3843843843844            5.800647869073471e-14
-183.983983983984             8.286605594854161e-14
-183.5835835835836            1.1802931583349837e-13
-183.1831831831832            1.6761644539939088e-13
-182.7827827827828            2.3733257958117214e-13
-182.3823823823824            3.350522891573612e-13
-181.981981981982             4.716098169450338e-13
-181.5815815815816            6.618638227960381e-13
-181.1811811811812            9.261270600741753e-13
-180.7807807807808            1.2920794393097663e-12
-180.3803803803804            1.797319063350414e-12
-179.97997997998              2.492752187537587e-12
-179.5795795795796            3.447082322037361e-12
-179.1791791791792            4.7527341173092394e-12
-178.7787787787788            6.533643255034562e-12
-178.3783783783784            8.955464170707784e-12
-177.977977977978             1.2238898947901367e-11
-177.57757757757759           1.6677040230383622e-11
-177.17717717717719           2.2657856965015307e-11
-176.77677677677679           3.069324427693074e-11
-176.37637637637638           4.1456419664692154e-11
-175.97597597597598           5.582989090890786e-11
-175.57557557557558           7.49667628175928e-11
-175.17517517517518           1.0036880890519882e-10
-174.77477477477478           1.3398553177439055e-10
-174.37437437437438           1.7833939672312854e-10
-173.97397397397398           2.3668357439571205e-10
-173.57357357357358           3.131999007646843e-10
-173.17317317317318           4.132463901736093e-10
-172.77277277277278           5.436655564602091e-10
-172.37237237237238           7.131670480140853e-10
-171.97197197197198           9.32800727115351e-10
-171.57157157157158           1.2165393659640407e-09
-171.17117117117118           1.5819936363079601e-09
-170.77077077077078           2.0512860812023295e-09
-170.37037037037038           2.652115319295937e-09
-169.96996996996995           3.4190468839093187e-09
-169.56956956956958           4.395072875412091e-09
-169.16916916916915           5.633489032530537e-09
-168.76876876876878           7.20014492209447e-09
-168.36836836836835           9.176130709542479e-09
-167.96796796796798           1.1660972389276525e-08
-167.56756756756755           1.4776416389135222e-08
-167.16716716716718           1.8670894056839906e-08
-166.76676676676675           2.3524766600401443e-08
-166.36636636636638           2.9556461469670486e-08
-165.96596596596595           3.702962177865271e-08
-165.56556556556558           4.62614009867985e-08
-165.16516516516515           5.763204545277155e-08
-164.76476476476478           7.159591737724053e-08
-164.36436436436435           8.86941197553627e-08
-163.96396396396398           1.0956889292195956e-07
-163.56356356356355           1.3497995871996344e-07
-163.16316316316318           1.6582299285758826e-07
-162.76276276276275           2.0315040823049128e-07
-162.36236236236238           2.481946314564403e-07
-161.96196196196195           3.0239405119992966e-07
-161.56156156156158           3.6742180967831234e-07
-161.16116116116115           4.4521759771576775e-07
-160.76076076076077           5.3802259859155e-07
-160.36036036036035           6.484177065553277e-07
-159.95995995995997           7.79365122210519e-07
-159.55955955955955           9.34253399097349e-07
-159.15915915915917           1.1169459840005345e-06
-158.75875875875874           1.3318332582132224e-06
-158.35835835835837           1.5838880488516125e-06
-157.95795795795794           1.878724539198473e-06
-157.55755755755757           2.222660466026162e-06
-157.15715715715714           2.6227824512040757e-06
-156.75675675675674           3.0870142761032965e-06
-156.35635635635634           3.624187872035152e-06
-155.95595595595594           4.244116769974242e-06
-155.55555555555554           4.957671729993415e-06
-155.15515515515514           5.776858257057782e-06
-154.75475475475474           6.714895706909855e-06
-154.35435435435434           7.786297695407125e-06
-153.95395395395394           9.006953548276123e-06
-153.55355355355354           1.039421056690111e-05
-153.15315315315314           1.1966956940097012e-05
-152.75275275275274           1.3745705201866088e-05
-152.35235235235234           1.5752676220291765e-05
-151.95195195195194           1.8011883801583358e-05
-151.55155155155154           2.0549220103612483e-05
-151.15115115115114           2.3392542171940592e-05
-150.75075075075074           2.6571760034235943e-05
-150.35035035035034           3.011892691112601e-05
-149.94994994994994           3.4068332217025e-05
-149.54954954954954           3.845659812662084e-05
-149.14914914914914           4.332278056414783e-05
-148.74874874874874           4.870847552543407e-05
-148.34834834834834           5.465793165890356e-05
-147.94794794794794           6.121817000308716e-05
-147.54754754754754           6.843911169701035e-05
-147.14714714714714           7.637371433890653e-05
-146.74674674674674           8.507811746203074e-05
-146.34634634634634           9.461179731925038e-05
-145.94594594594594           0.00010503773081775487
-145.54554554554554           0.00011642256802108289
-145.14514514514514           0.00012883681213959146
-144.74474474474474           0.00014235500536733729
-144.34434434434434           0.000157055918300957
-143.94394394394394           0.0001730227400056038
-143.54354354354354           0.00019034326508881526
-143.14314314314313           0.00020911007342284252
-142.74274274274273           0.00022942069744026172
-142.34234234234233           0.00025137777123992875
-141.94194194194193           0.0002750891551061473
-141.54154154154153           0.000300668028490701
-141.14114114114113           0.00032823294406319613
-140.74074074074073           0.0003579078351284618
-140.34034034034033           0.00038982196856772726
-139.93993993993993           0.0004241098355087033
-139.53953953953953           0.00046091097219064475
-139.13913913913913           0.000500369703982649
-138.73873873873873           0.000542634806249747
-138.33833833833833           0.0005878590767487985
-137.93793793793793           0.000636198815474676
-137.53753753753753           0.0006878132093585008
-137.13713713713713           0.0007428636209274112
-136.73673673673673           0.0008015127819442358
-136.33633633633633           0.00086392389512145
-135.93593593593593           0.0009302596492045091
-135.53553553553553           0.0010006811549944097
-135.13513513513513           0.0010753468121708688
-134.73473473473473           0.0011544111190226014
-134.33433433433433           0.001238023439322124
-133.93393393393393           0.0013263267425302422
-133.53353353353353           0.0014194563352091234
-133.13313313313313           0.0015175386028956229
-132.73273273273273           0.0016206897826742876
-132.33233233233233           0.0017290147872364027
-131.93193193193193           0.0018426061012701575
-131.53153153153153           0.001961542770562315
-131.13113113113113           0.0020858895031823843
-130.73073073073073           0.002215695900559189
-130.33033033033033           0.0023509958341588607
-129.92992992992993           0.002491806980858924
-129.52952952952953           0.0026381305270332324
-129.12912912912913           0.00278995104787877
-128.72872872872873           0.0029472365647083857
-128.32832832832833           0.003109938778898249
-127.92792792792793           0.00327799347702146
-127.52752752752752           0.0034513210975377242
-127.12712712712712           0.0036298274453660847
-126.72672672672672           0.0038134045368687737
-126.32632632632632           0.004001931554345355
-125.92592592592592           0.0041952758861934945
-125.52552552552552           0.004393294226547433
-125.12512512512512           0.004595833706549907
-124.72472472472472           0.00480273302852642
-124.32432432432432           0.005013823574266497
-123.92392392392392           0.0052289304594071995
-123.52352352352352           0.005447873507565629
-123.12312312312312           0.005670468120355904
-122.72272272272272           0.005896526022705341
-122.32232232232232           0.006125855866875263
-121.92192192192192           0.0063582636831946825
-121.52152152152152           0.006593553170603295
-121.12112112112112           0.0068315258255311215
-120.72072072072072           0.0070719809132559685
-120.32032032032032           0.007314715291504602
-119.91991991991992           0.007559523101526201
-119.51951951951952           0.0078061953469894555
-119.11911911911912           0.008054519385668217
-118.71871871871872           0.008304278362827787
-118.31831831831832           0.00855525061836018
-117.91791791791792           0.008807209101925149
-117.51751751751752           0.009059920831536566
-117.11711711711712           0.009313146431128476
-116.71671671671672           0.009566639781606734
-116.31631631631632           0.009820147817740947
-115.91591591591592           0.010073410500012392
-115.51551551551552           0.010326160986273418
-115.11511511511512           0.010578126022892749
-114.71471471471472           0.010829026569088709
-114.3143143143143            0.011078578661543574
-113.9139139139139            0.011326494519325736
-113.5135135135135            0.011572483881815268
-113.1131131131131            0.011816255564942072
-112.7127127127127            0.012057519213813468
-112.3123123123123            0.012295987222946368
-111.9119119119119            0.01253137678903157
-111.5115115115115            0.012763412055643474
-111.1111111111111            0.012991826304741296
-110.7107107107107            0.013216364146348039
-110.3103103103103            0.0134367836555647
-109.9099099099099            0.013652858405181361
-109.5095095095095            0.01386437934264252
-109.1091091091091            0.014071156462040036
-108.7087087087087            0.014273020225130361
-108.3083083083083            0.01446982269005017
-107.9079079079079            0.014661438312348693
-107.5075075075075            0.014847764390036737
-107.1071071071071            0.015028721132409164
-106.7067067067067            0.015204251341239473
-106.3063063063063            0.015374319702344777
-105.9059059059059            0.01553891169524201
-105.5055055055055            0.01569803213839665
-105.1051051051051            0.015851703397138213
-104.7047047047047            0.01599996329041148
-104.3043043043043            0.016142862740882752
-103.9039039039039            0.0162804632202752
-103.5035035035035            0.016412834047931216
-103.1031031031031            0.016540049605294784
-102.7027027027027            0.016662186532095367
-102.3023023023023            0.01677932097137743
-101.9019019019019            0.01689152593006712
-101.5015015015015            0.01699886881947391
-101.1011011011011            0.017101409236007652
-100.7007007007007            0.01719919703653077
-100.3003003003003            0.017292270755287133
-99.89989989989989            0.017380656400438333
-99.49949949949949            0.01746436665812455
-99.09909909909909            0.017543400520918306
-98.69869869869869            0.017617743345869512
-98.29829829829829            0.017687367335375008
-97.89789789789789            0.017752232422200937
-97.49749749749749            0.0178122875284936
-97.09709709709709            0.01786747215788795
-96.69669669669669            0.017917718270192718
-96.29629629629629            0.01796295237990707
-95.89589589589589            0.018003097813271866
-95.49549549549549            0.018038077053898323
-95.09509509509509            0.018067814104414923
-94.69469469469469            0.018092236791131817
-94.29429429429429            0.018111278940472788
-93.89389389389389            0.018124882359844868
-93.49349349349349            0.018132998561591045
-93.09309309309309            0.018135590176550136
-92.69269269269269            0.018132632013289688
-92.29229229229229            0.018124111730008868
-91.89189189189189            0.018110030098099233
-91.49149149149149            0.01809040084903954
-91.09109109109109            0.01806525010930252
-90.69069069069069            0.018034615440871482
-90.29029029029029            0.017998544517406574
-89.88988988988989            0.017957093477691383
-89.48948948948949            0.01791032500836982
-89.08908908908909            0.01785830621684815
-88.68868868868869            0.017801106362312684
-88.28828828828829            0.017738794517897494
-87.88788788788789            0.017671437239977553
-87.48748748748748            0.01759909632128345
-87.08708708708708            0.017521826703018762
-86.68668668668668            0.017439674617467316
-86.28628628628628            0.01735267602682234
-85.88588588588588            0.017260855416332994
-85.48548548548548            0.017164224990576182
-85.08508508508508            0.017062784311000414
-84.68468468468468            0.016956520401163806
-84.28428428428428            0.016845408333636475
-83.88388388388388            0.016729412299708084
-83.48348348348348            0.016608487150187225
-83.08308308308308            0.01648258038304356
-82.68268268268268            0.01635163454175739
-82.28228228228228            0.01621558997730164
-81.88188188188188            0.01607438791695751
-81.48148148148148            0.01592797377488302
-81.08108108108108            0.01577630063269412
-80.68068068068068            0.015619332813417153
-80.28028028028027            0.015457049469107816
-79.87987987987987            0.015289448101246795
-79.47947947947947            0.015116547933697516
-79.07907907907907            0.01493839306049134
-78.67867867867866            0.014755055294891939
-78.27827827827826            0.014566636651947976
-77.87787787787786            0.014373271403906884
-77.47747747747746            0.014175127656244681
-77.07707707707706            0.013972408401455418
-76.67667667667666            0.013765352017924356
-76.27627627627626            0.013554232191947171
-75.87587587587586            0.013339357252029968
-75.47547547547546            0.013121068915780592
-75.07507507507506            0.012899740460766744
-74.67467467467466            0.012675774341458015
-74.27427427427426            0.012449599284596845
-73.87387387387386            0.0122216669048784
-73.47347347347346            0.011992447891501196
-73.07307307307306            0.011762427823839967
-72.67267267267266            0.011532102681069615
-72.27227227227226            0.011301974115935486
-71.87187187187186            0.01107254456694441
-71.47147147147146            0.01084431228598717
-71.07107107107106            0.010617766359765891
-70.67067067067066            0.010393381803376412
-70.27027027027026            0.010171614802999641
-69.86986986986986            0.009952898181921625
-69.46946946946946            0.00973763716008413
-69.06906906906906            0.009526205472143936
-68.66866866866866            0.009318941902688732
-68.26826826826826            0.009116147289935053
-67.86786786786786            0.00891808204105674
-67.46746746746746            0.008724964193412173
-67.06706706706706            0.008536968046517756
-66.66666666666666            0.00835422337983279
-66.26626626626626            0.008176815261460444
-65.86586586586586            0.008004784442916878
-65.46546546546546            0.007838128325368295
-65.06506506506506            0.007676802473365746
-64.66466466466466            0.007520722643298802
-64.26426426426426            0.007369767285706858
-63.863863863863855           0.0072237804733805725
-63.463463463463455           0.007082575200985896
-63.063063063063055           0.006945936996857252
-62.662662662662655           0.006813627783717057
-62.262262262262254           0.006685389922442288
-61.861861861861854           0.006560950371641081
-61.461461461461454           0.006440024895724365
-61.061061061061054           0.00632232225532811
-60.66066066066065            0.006207548316306655
-60.26026026026025            0.006095410016994547
-59.85985985985985            0.0059856191379211
-59.45945945945945            0.005877895823536267
-59.05905905905905            0.005771971811630625
-58.65865865865865            0.005667593332857396
-58.25825825825825            0.0055645236499343624
-57.85785785785785            0.0054625452135580975
-57.45745745745745            0.0053614614196430856
-57.05705705705705            0.00526109796004948
-56.65665665665665            0.005161303766338161
-56.25625625625625            0.005061951553153582
-55.85585585585585            0.004962937974460934
-55.45545545545545            0.004864183411945447
-55.05505505505505            0.004765631420326098
-54.65465465465465            0.0046672478590691685
-54.25425425425425            0.00456901974395161
-53.85385385385385            0.004470953855080266
-53.45345345345345            0.004373075140298533
-53.05305305305305            0.004275424954400979
-52.65265265265265            0.004178059175237695
-52.25225225225225            0.004081046237648298
-51.85185185185185            0.003984465125256526
-51.45145145145145            0.0038884033585290397
-51.05105105105105            0.0037929550152155187
-50.65065065065065            0.003698218816408887
-50.25025025025025            0.003604296308070396
-49.849849849849846           0.0035112901640369713
-49.449449449449446           0.003419302632354351
-49.049049049049046           0.0033284341423515384
-48.648648648648646           0.0032387820852833793
-48.248248248248245           0.0031504397767149867
-47.847847847847845           0.0030634956041998597
-47.447447447447445           0.002978032359307446
-47.047047047047045           0.0028941267487776925
-46.646646646646644           0.002811849075606811
-46.246246246246244           0.0027312630772822533
-45.845845845845844           0.0026524259052590296
-45.44544544544544            0.0025753882271690584
-45.04504504504504            0.002500194431233738
-44.64464464464464            0.002426882910948649
-44.24424424424424            0.0023554864073554596
-43.84384384384384            0.0022860323861223627
-43.44344344344344            0.002218543427217018
-43.04304304304304            0.0021530376061551543
-42.64264264264264            0.0020895288476072854
-42.24224224224224            0.0020280272344931146
-41.84184184184184            0.0019685392585195556
-41.44144144144144            0.0019110680013427613
-41.04104104104104            0.0018556132390617401
-40.64064064064064            0.0018021714664776267
-40.24024024024024            0.001750735841365899
-39.83983983983984            0.0017012960527929737
-39.43943943943944            0.0016538381211461844
-39.03903903903904            0.0016083441409220293
-38.63863863863864            0.0015647919803229186
-38.23823823823824            0.001523154954247131
-37.83783783783784            0.0014834014892336777
-37.43743743743744            0.0014454948002713133
-37.03703703703704            0.0014093926000461423
-36.63663663663664            0.0013750468611521238
-36.23623623623624            0.001342403651012479
-35.83583583583584            0.0013114030577695026
-35.43543543543544            0.0012819792232300416
-35.03503503503504            0.0012540604961611974
-34.63463463463464            0.0012275697158931392
-34.234234234234236           0.0012024246324000008
-33.833833833833836           0.0011785384649080758
-33.433433433433436           0.0011558205967478932
-33.033033033033036           0.0011341773997572467
-32.632632632632635           0.0011135131771940528
-32.232232232232235           0.0010937312099694907
-31.831831831831835           0.0010747348871974344
-31.431431431431434           0.0010564288987008606
-31.031031031031034           0.001038720464332163
-30.630630630630634           0.0010215205728478119
-30.230230230230234           0.001004745201704151
-29.829829829829833           0.000988316488563709
-29.429429429429433           0.0009721638255488397
-29.029029029029005           0.0009562248483554215
-28.628628628628604           0.0009404462942213804
-28.228228228228204           0.0009247847053860861
-27.827827827827804           0.0009092069580065826
-27.427427427427403           0.0008936906004237294
-27.027027027027003           0.0008782239890859117
-26.626626626626603           0.0008628062152158475
-26.226226226226203           0.0008474468203124761
-25.825825825825802           0.0008321653036740479
-25.425425425425402           0.0008169904301677095
-25.025025025025002           0.0008019593513154056
-24.6246246246246             0.000787116557282889
-24.2242242242242             0.0007725126814265771
-23.8238238238238             0.0007582031825647367
-23.4234234234234             0.0007442469330057728
-23.023023023023              0.0007307047425176577
-22.6226226226226             0.0007176378498110152
-22.2222222222222             0.0007051064137086745
-21.8218218218218             0.0006931680359837667
-21.4214214214214             0.0006818763468860853
-21.021021021021              0.0006712796826822756
-20.6206206206206             0.00066141988216847
-20.2202202202202             0.0006523312261495647
-19.8198198198198             0.0006440395404065376
-19.4194194194194             0.0006365614787916622
-19.019019019018998           0.0006299039989083011
-18.618618618618598           0.0006240640384581158
-18.218218218218198           0.0006190283958858737
-17.817817817817797           0.0006147738145300373
-17.417417417417397           0.0006112672652001812
-17.017017017016997           0.0006084664180465753
-16.616616616616597           0.0006063202908495446
-16.216216216216196           0.0006047700575114793
-15.815815815815796           0.0006037499976446081
-15.415415415415396           0.0006031885657611087
-15.015015015014995           0.0006030095567228361
-14.614614614614595           0.0006031333428156471
-14.214214214214195           0.0006034781570839019
-13.813813813813795           0.0006039613973869276
-13.413413413413394           0.0006045009260015076
-13.013013013012994           0.0006050163404622314
-12.612612612612594           0.0006054301926645578
-12.212212212212194           0.0006056691350052545
-11.811811811811793           0.0006056649744464257
-11.411411411411393           0.0006053556178025091
-11.011011011010993           0.0006046858942008647
-10.610610610610593           0.0006036082434904606
-10.210210210210192           0.0006020832623038591
-9.809809809809792            0.0006000801024503196
-9.409409409409392            0.0005975767192698498
-9.009009009008992            0.0005945599704503356
-8.608608608608591            0.0005910255685477732
-8.208208208208191            0.0005869778930039978
-7.807807807807791            0.0005824296697839774
-7.407407407407391            0.0005774015288194348
-7.00700700700699             0.0005719214512181285
-6.60660660660659             0.0005660241196569172
-6.20620620620619             0.0005597501865077364
-5.8058058058057895           0.0005531454750423757
-5.405405405405389            0.0005462601295255013
-5.005005005004989            0.000539147730143728
-4.604604604604589            0.0005318643885464944
-4.2042042042041885           0.0005244678393126675
-3.8038038038037882           0.0005170165419312804
-3.403403403403388            0.0005095688069260537
-3.0030030030029877           0.0005021819585954324
-2.6026026026025875           0.0004949115455194852
-2.202202202202187            0.00048781060854043954
-1.801801801801787            0.0004809290143937584
-1.4014014014013867           0.00047431286159000085
-1.0010010010009864           0.00046800396356141646
-0.6006006006005862           0.0004620394125262009
-0.20020020020018592          0.00045645122601950956
0.20020020020021434           0.0004512660766218385
0.6006006006006146            0.000446505104106177
1.0010010010010149            0.0004421838080446114
1.4014014014014151            0.00043831201787711873
1.8018018018018154            0.00043489393655931106
2.2022022022022156            0.000431928253176126
2.602602602602616             0.00042940831933426595
3.003003003003016             0.0004273223837224985
3.4034034034034164            0.0004256538789466772
3.8038038038038167            0.0004243817545929936
4.204204204204217             0.0004234808504332878
4.604604604604617             0.0004229223037429292
5.005005005005017             0.00042267398483631556
5.405405405405418             0.00042270095511843283
5.805805805805818             0.00042296594218453197
6.206206206206218             0.00042342982675618257
6.6066066066066185            0.00042405213650490684
7.007007007007019             0.0004247915420706997
7.407407407407419             0.0004256063508212023
7.807807807807819             0.00042645499411044944
8.20820820820822              0.0004272965039795701
8.60860860860862              0.00042809097539459165
9.00900900900902              0.00042880001024083527
9.40940940940942              0.00042938713939456993
9.80980980980982              0.0004298182192785343
10.21021021021022             0.0004300617993886818
10.610610610610621            0.000430089457366656
11.011011011011021            0.00042987609829847867
11.411411411411422            0.00042940021505735504
11.811811811811822            0.00042864410668933315
12.212212212212222            0.0004275940520755375
12.612612612612622            0.00042624043640256647
13.013013013013023            0.00042457782833966567
13.413413413413423            0.00042260500626074924
13.813813813813823            0.0004203249323612414
14.214214214214223            0.0004177446741006397
14.614614614614624            0.0004148752730447769
15.015015015015024            0.000411731561876851
15.415415415415424            0.00040833193108031376
15.815815815815824            0.0004046980475540533
16.216216216216225            0.00040085452818351913
16.616616616616625            0.000396828572141753
17.017017017017025            0.000392649556412514
17.417417417417425            0.00038834859969481725
17.817817817817826            0.0003839581004462669
18.218218218218226            0.00037951125533525323
18.618618618618626            0.000375041564785345
19.019019019019026            0.00037058233259783046
19.419419419419427            0.0003661661668221647
19.819819819819827            0.0003618244891043235
20.220220220220227            0.0003575870596783252
20.620620620620628            0.00035348152497837224
21.021021021021028            0.0003495329945431613
21.421421421421428            0.00034576365346759526
21.82182182182183             0.0003421924161403612
22.22222222222223             0.00033883462640033475
22.62262262262263             0.00033570180856346617
23.02302302302303             0.0003328014730283351
23.42342342342343             0.0003301369793767203
23.82382382382383             0.0003277074590588884
24.22422422422423             0.0003255077989047925
24.62462462462463             0.0003235286858440718
25.02502502502503             0.0003217567123607145
25.42542542542543             0.00032017454136251764
25.82582582582583             0.0003187611283200586
26.22622622622623             0.00031749199773296763
26.62662662662663             0.0003163395702204054
27.02702702702703             0.0003152735358149274
27.427427427427432            0.00031426126837135387
27.827827827827832            0.0003132682753919268
28.228228228228232            0.00031225867702321857
28.628628628628633            0.0003111957075066539
29.029029029029033            0.0003100422319711248
29.429429429429433            0.0003087612711513564
29.829829829829833            0.00030731652640778674
30.230230230230234            0.0003056728973209531
30.630630630630634            0.0003037969841433063
31.031031031031034            0.0003016575675205224
31.431431431431434            0.0002992260581477568
31.831831831831835            0.00029647690940681943
32.232232232232235            0.0002933879865383796
32.632632632632635            0.0002899408865365192
33.033033033033036            0.00028612120370547075
33.433433433433436            0.0002819187366809377
33.833833833833836            0.000277327633678203
34.234234234234236            0.0002723464737700178
34.63463463463464             0.0002669782830995492
35.03503503503504             0.00026123048607518584
35.43543543543544             0.0002551147927502326
35.83583583583584             0.0002486470247354254
36.23623623623624             0.00024184688309894807
36.63663663663664             0.00023473766275055604
37.03703703703704             0.00022734591875782766
37.43743743743744             0.00021970109087971146
37.83783783783784             0.00021183509330439484
38.23823823823824             0.00020378187712757635
38.63863863863864             0.0001955769734901153
39.03903903903904             0.0001872570255020143
39.43943943943947             0.00017885931710897454
39.83983983983987             0.00017042130690964784
40.24024024024027             0.00016198017461247464
40.64064064064067             0.00015357238734179846
41.04104104104107             0.0001452332923791552
41.44144144144147             0.00013699674217659065
41.84184184184187             0.000128894756626857
42.24224224224227             0.00012095722664507302
42.64264264264267             0.00011321166213399403
43.04304304304307             0.00010568298639713816
43.44344344344347             9.839337805700767e-05
43.84384384384387             9.136216055481385e-05
44.24424424424427             8.460573837681444e-05
44.64464464464467             7.813757829145202e-05
45.04504504504507             7.196823310870402e-05
45.44544544544547             6.610540480272784e-05
45.84584584584587             6.0554043281577076e-05
46.24624624624627             5.531647665023402e-05
46.64664664664667             5.0392568498382214e-05
47.04704704704707             4.577989755153121e-05
47.44744744744747             4.147395494922058e-05
47.84784784784787             3.7468354449999334e-05
48.248248248248274            3.375505100005226e-05
48.648648648648674            3.0324563329037876e-05
49.049049049049074            2.7166196539683417e-05
49.449449449449475            2.426826102273247e-05
49.849849849849875            2.161828444127149e-05
50.250250250250275            1.9203213973616632e-05
50.650650650650675            1.700960646762614e-05
51.051051051051076            1.5023804628199422e-05
51.451451451451476            1.323209782168837e-05
51.851851851851876            1.1620866525278042e-05
52.252252252252276            1.0176709867003997e-05
52.65265265265268             8.886556085587984e-06
53.05305305305308             7.737756083076121e-06
53.45345345345348             6.718160543457011e-06
53.85385385385388             5.81618134477849e-06
54.25425425425428             5.0208382000409735e-06
54.65465465465468             4.321791623955566e-06
55.05505505505508             3.7093634403209276e-06
55.45545545545548             3.1745461210709278e-06
55.85585585585588             2.709002286514359e-06
56.25625625625628             2.3050557010272273e-06
56.65665665665665             1.9556750739255722e-06
57.05705705705708             1.6544519260799767e-06
57.45745745745745             1.3955737136872928e-06
57.85785785785788             1.1737933160170118e-06
58.25825825825825             9.84395898194146e-07
58.65865865865868             8.231640571154664e-07
59.05905905905905             6.863420519876939e-07
59.45945945945948             5.705998138278699e-07
59.85985985985985             4.729973232305119e-07
60.26026026026028             3.909498449489305e-07
60.66066066066065             3.2219441307687345e-07
61.06106106106108             2.6475787312111725e-07
61.461461461461454            2.1692670790260325e-07
61.86186186186188             1.7721880352076355e-07
62.262262262262254            1.443572497621558e-07
62.66266266266268             1.1724621625732803e-07
63.063063063063055            9.494890110173622e-08
63.46346346346348             7.666751209533068e-08
63.863863863863855            6.172521163362092e-08
64.26426426426428             4.954993392361661e-08
64.66466466466466             3.9659966873469674e-08
65.06506506506508             3.165117996452099e-08
65.46546546546546             2.518577291377108e-08
65.86586586586589             1.9982417252094247e-08
66.26626626626626             1.580766339895277e-08
66.66666666666669             1.2468488779374155e-08
67.06706706706706             9.805867435405586e-09
67.46746746746749             7.689247927493045e-09
67.86786786786786             6.011833662451462e-09
68.26826826826829             4.686567749257138e-09
68.66866866866866             3.6427327592157345e-09
69.06906906906909             2.8230840980698954e-09
69.46946946946946             2.181443882094838e-09
69.86986986986989             1.680690093017208e-09
70.27027027027026             1.2910832539367067e-09
70.67067067067069             9.888798420125703e-10
71.07107107107106             7.551880851192206e-10
71.47147147147149             5.750276551110612e-10
71.87187187187186             4.3656006564853594e-10
72.27227227227229             3.304613189118394e-10
72.67267267267266             2.494125456819263e-10
73.07307307307309             1.8768807810004624e-10
73.47347347347352             1.4082362026572397e-10
73.87387387387389             1.0534997816139815e-10
74.27427427427432             7.858021796337914e-11
74.67467467467469             5.844018122827091e-11
75.07507507507512             4.333403611948116e-11
75.47547547547549             3.203802313457435e-11
75.87587587587592             2.361679654335922e-11
76.27627627627629             1.735780091911e-11
76.67667667667672             1.2719984692744589e-11
77.07707707707709             9.293865492029667e-12
77.47747747747752             6.770548083664863e-12
77.87787787787789             4.9177751270766774e-12
78.27827827827832             3.561481148036114e-12
78.6786786786787              2.57163620202864e-12
79.07907907907912             1.8514204890655646e-12
79.4794794794795              1.328975620242102e-12
79.87987987987992             9.511415180838175e-13
80.2802802802803              6.787177523665452e-13
80.68068068068072             4.828908672951957e-13
81.0810810810811              3.425502292149116e-13
81.48148148148152             2.4227845586888625e-13
81.8818818818819              1.7085212135545024e-13
82.28228228228232             1.2012704130848673e-13
82.6826826826827              8.421235227840201e-14
83.08308308308312             5.886067228450393e-14
83.4834834834835              4.101935541021021e-14
83.88388388388393             2.8501415762386483e-14
84.2842842842843              1.9745031089283353e-14
84.68468468468473             1.3638380335745358e-14
85.0850850850851              9.392499137295736e-15
85.48548548548553             6.449302195217957e-15
85.8858858858859              4.4152703059774724e-15
86.28628628628633             3.013801770968095e-15
86.6866866866867              2.0510899338048915e-15
87.08708708708713             1.3917690423835518e-15
87.4874874874875              9.415901573780081e-16
87.88788788788793             6.351389394704243e-16
88.2882882882883              4.271569582747017e-16
88.68868868868873             2.864296516388664e-16
89.0890890890891              1.9149614601781054e-16
89.48948948948953             1.2764785082920276e-16
89.8898898898899              8.483561589983384e-17
90.29029029029033             5.621523173057468e-17
90.6906906906907              3.713989837908161e-17
91.09109109109113             2.4464603228003082e-17
91.4914914914915              1.606742370220007e-17
91.89189189189193             1.0521187652348431e-17
92.2922922922923              6.869001109179023e-18
92.69269269269273             4.471287105151323e-18
93.0930930930931              2.901893916429984e-18
93.49349349349353             1.8777612243551933e-18
93.8938938938939              1.2114595528115792e-18
94.29429429429433             7.792683694408361e-19
94.6946946946947              4.997751035449881e-19
95.09509509509513             3.195740384033763e-19
95.4954954954955              2.0374057794505745e-19
95.89589589589593             1.2950681268898653e-19
96.2962962962963              8.207607976626693e-20
96.69669669669673             5.1862013712666997e-20
97.0970970970971              3.267313458697422e-20
97.49749749749753             2.0522995941912556e-20
97.8978978978979              1.2852840749857843e-20
98.29829829829833             8.02538329565682e-21
98.6986986986987              4.996209175116961e-21
99.09909909909913             3.1011551697819347e-21
99.4994994994995              1.9191738752408833e-21
99.89989989989994             1.1841670651105512e-21
100.30030030030031            7.284828818543365e-22
100.70070070070074            4.46820750066948e-22
101.10110110110111            2.732466319695038e-22
101.50150150150154            1.6660333796020906e-22
101.90190190190191            1.0127910901696487e-22
102.30230230230234            6.138513798875754e-23
102.70270270270271            3.7094856133424293e-23
103.10310310310314            2.234967114050565e-23
103.50350350350351            1.3425654834834095e-23
103.90390390390394            8.040936206005108e-24
104.30430430430431            4.801583218686334e-24
104.70470470470474            2.8587022008816755e-24
105.10510510510511            1.696914235349855e-24
105.50550550550554            1.0042857526243385e-24
105.90590590590591            5.925991905189791e-25
106.30630630630634            3.4863506337634554e-25
106.70670670670671            2.0449714302459018e-25
107.10710710710714            1.195940339284002e-25
107.50750750750751            6.973291034190893e-26
107.90790790790794            4.053890301699534e-26
108.30830830830831            2.3496979589123176e-26
108.70870870870874            1.3578689398243273e-26
109.10910910910911            7.823649028361888e-27
109.50950950950954            4.494345753990467e-27
109.90990990990991            2.574122088197584e-27
110.31031031031034            1.469932087133792e-27
110.71071071071071            8.368946569567938e-28
111.11111111111114            4.7506129200426495e-28
111.51151151151151            2.6886467879617353e-28
111.91191191191194            1.517130873472968e-28
112.31231231231232            8.535273883478629e-29
112.71271271271274            4.7875897856689055e-29
113.11311311311312            2.677450141468221e-29
113.51351351351354            1.4929002115542366e-29
113.91391391391392            8.299368174511431e-30
114.31431431431434            4.600066238924799e-30
114.71471471471472            2.5420722051523577e-30
115.11511511511515            1.400607223964767e-30
115.51551551551552            7.6939518968054635e-31
115.91591591591595            4.213928273481065e-31
116.31631631631632            2.301067310455519e-31
116.71671671671675            1.2527833203440168e-31
117.11711711711712            6.800283272259515e-32
117.51751751751755            3.680292985664589e-32
117.91791791791792            1.985830057265416e-32
118.31831831831835            1.068331441825878e-32
118.71871871871872            5.730257450073346e-33
119.11911911911915            3.0644066979837128e-33
119.51951951951952            1.633889819419827e-33
119.91991991991995            8.685667061088713e-34
120.32032032032032            4.603494085398649e-34
120.72072072072075            2.432629421693535e-34
121.12112112112112            1.281646421275154e-34
121.52152152152155            6.732314056628889e-35
121.92192192192192            3.525854003846201e-35
122.32232232232235            1.8410605008267583e-35
122.72272272272272            9.584633929967297e-36
123.12312312312315            4.974926780695277e-36
123.52352352352352            2.5745510555135152e-36
123.92392392392395            1.3283726836857155e-36
124.32432432432432            6.833480144246885e-37
124.72472472472475            3.504834148773429e-37
125.12512512512512            1.792241390459336e-37
125.52552552552555            9.137533727448722e-38
125.92592592592592            4.644777402737112e-38
126.32632632632635            2.3539877839089585e-38
126.72672672672672            1.1894518196514207e-38
127.12712712712715            5.992289983383905e-39
127.52752752752752            3.009830725097263e-39
127.92792792792795            1.5072821974614165e-39
128.32832832832833            7.525758615290436e-40
128.72872872872875            3.746357199875343e-40
129.12912912912913            1.8593931830965804e-40
129.52952952952955            9.20102915772568e-41
129.92992992992993            4.53946498336996e-41
130.33033033033036            2.2329345558325427e-41
130.73073073073073            1.0950913550433305e-41
131.13113113113116            5.3546083267852456e-42
131.53153153153153            2.6104058966555412e-42
131.93193193193196            1.2687945984617322e-42
132.33233233233233            6.1486181049299e-43
132.73273273273276            2.9707534513346786e-43
133.13313313313313            1.431062386966135e-43
133.53353353353356            6.873111101606399e-44
133.93393393393393            3.29117500444697e-44
134.33433433433436            1.571272022705199e-44
134.73473473473473            7.47918963503899e-45
135.13513513513516            3.549445020579086e-45
135.53553553553553            1.6794577392190976e-45
135.93593593593596            7.92283116514065e-46
136.33633633633633            3.7264422441426405e-46
136.73673673673676            1.7474752665715709e-46
137.13713713713713            8.170155237142245e-47
137.53753753753756            3.808484441163568e-47
137.93793793793793            1.7700137833522736e-47
138.33833833833836            8.201696143088437e-48
138.73873873873873            3.7890753952072107e-48
139.13913913913916            1.745280927898388e-48
139.53953953953953            8.01493387095935e-49
139.93993993993996            3.66975465184617e-49
140.34034034034033            1.6752382580826538e-49
140.74074074074076            7.624626667861949e-50
141.14114114114113            3.4598957632530027e-50
141.54154154154156            1.5653442358093084e-50
141.941941941942              7.060884321057719e-51
142.34234234234236            3.17548972736462e-51
142.7427427427428             1.423851471786239e-51
143.14314314314316            6.365331247710945e-52
143.5435435435436             2.8371327524068045e-52
143.94394394394396            1.2607837937258305e-52
144.3443443443444             5.586037853656609e-53
144.74474474474476            2.467569604560399e-53
145.1451451451452             1.0867689344028922e-53
145.54554554554556            4.7720751043792316e-54
145.945945945946              2.08919780714485e-54
146.34634634634637            9.119144025089705e-55
146.7467467467468             3.9685403177686104e-55
147.14714714714717            1.7219070865698203e-55
147.5475475475476             7.448877139498672e-56
147.94794794794797            3.2127288771045577e-56
148.3483483483484             1.3815273837098874e-56
148.74874874874877            5.923072664971481e-57
149.1491491491492             2.5318428947732186e-57
149.54954954954957            1.0790176875099439e-57
149.94994994995               4.584822002636854e-58
150.35035035035037            1.942309745270419e-58
150.7507507507508             8.203828649671725e-59
151.15115115115117            3.454750936669175e-59
151.5515515515516             1.4505041151325472e-59
151.95195195195197            6.071880782741041e-60
152.3523523523524             2.5341338170735047e-60
152.75275275275277            1.0544788668906801e-60
153.1531531531532             4.3746995680454244e-61
153.55355355355357            1.8095083563962485e-61
153.953953953954              7.462338577070571e-62
154.35435435435437            3.0682538901446964e-62
154.7547547547548             1.2577942784555778e-62
155.15515515515517            5.140790483932977e-63
155.5555555555556             2.0948462448054622e-63
155.95595595595597            8.510916912220118e-64
156.3563563563564             3.447485829903713e-64
156.75675675675677            1.3922927479045886e-64
157.1571571571572             5.606096328243721e-65
157.55755755755757            2.2505696916180444e-65
157.957957957958              9.007956555959878e-66
158.35835835835837            3.594694596890201e-66
158.7587587587588             1.4302093263371588e-66
159.15915915915917            5.6733437146099865e-67
159.5595595595596             2.2437809743469993e-67
159.95995995995997            8.847563629636463e-68
160.3603603603604             3.4783140319839724e-68
160.76076076076077            1.3633762874996742e-68
161.1611611611612             5.328003851276028e-69
161.56156156156158            2.0759417501236807e-69
161.961961961962              8.064317703183501e-70
162.36236236236238            3.123359111195136e-70
162.7627627627628             1.206085319738985e-70
163.16316316316318            4.6433984809649315e-71
163.5635635635636             1.78236105880865e-71
163.96396396396398            6.821143961535647e-72
164.3643643643644             2.6026785933972143e-72
164.76476476476478            9.901150293721796e-73
165.1651651651652             3.7553684045818075e-73
165.56556556556558            1.4201074959019058e-73
165.965965965966              5.354163911995688e-74
166.36636636636638            2.0126296695178545e-74
166.7667667667668             7.54289111817603e-75
167.16716716716718            2.8184709404515376e-75
167.5675675675676             1.0500041935083165e-75
167.96796796796798            3.9000506743122064e-76
168.3683683683684             1.4442793624584198e-76
168.76876876876878            5.332537221100976e-77
169.1691691691692             1.9629910290629725e-77
169.56956956956958            7.204510172446387e-78
169.96996996997               2.6362847836124293e-78
170.37037037037038            9.617936433322159e-79
170.7707707707708             3.498430034423676e-79
171.17117117117118            1.2687211791752078e-79
171.5715715715716             4.587339566125832e-80
171.97197197197198            1.6537021305700893e-80
172.3723723723724             5.943679414854589e-81
172.77277277277278            2.129880107210146e-81
173.1731731731732             7.609508798674565e-82
173.57357357357358            2.710564658458204e-82
173.973973973974              9.626415375522065e-83
174.37437437437438            3.4085612097252104e-83
174.7747747747748             1.2033148259445703e-83
175.17517517517518            4.235348043866302e-84
175.5755755755756             1.4862799012413147e-84
175.97597597597598            5.200124778640478e-85
176.3763763763764             1.8139636536383568e-85
176.77677677677679            6.30877515990019e-86
177.1771771771772             2.1875760910441898e-86
177.57757757757759            7.562805524628184e-87
177.97797797797801            2.606779761027363e-87
178.3783783783784             8.958336838178099e-88
178.77877877877881            3.0693899911017157e-88
179.1791791791792             1.0485240369662423e-88
179.57957957957962            3.571135591696812e-89
179.97997997998               1.2126512459764098e-89
180.38038038038042            4.105510050652072e-90
180.7807807807808             1.3857980450074843e-90
181.18118118118122            4.6637406201961684e-91
181.5815815815816             1.564841840736853e-91
181.98198198198202            5.2348968087966216e-92
182.3823823823824             1.7460127563852155e-92
182.78278278278282            5.806150763607529e-93
183.1831831831832             1.925000344386545e-93
183.58358358358362            6.363190403543788e-94
183.983983983984              2.097107182147453e-94
184.38438438438442            6.890772883451574e-95
184.7847847847848             2.257443250990816e-95
185.18518518518522            7.373392315410215e-96
185.5855855855856             2.4011507948290584e-96
185.98598598598602            7.796023124236867e-97
186.3863863863864             2.5236457419156873e-97
186.78678678678682            8.144890474802898e-98
187.1871871871872             2.6208592058233777e-98
187.58758758758762            8.408213205628633e-99
187.987987987988              2.689461428638196e-99
188.38838838838842            8.576863592390871e-100
188.7887887887888             2.727051014402528e-100
189.18918918918922            8.644892476183957e-101
189.5895895895896             2.7322944644382218e-101
189.98998998999002            8.609877637613963e-102
190.3903903903904             2.705004709252312e-102
190.79079079079082            8.4730669694218845e-103
191.1911911911912             2.646152187744126e-103
191.59159159159162            8.239304646683039e-104
191.991991991992              2.557807558714155e-104
192.39239239239242            7.916746385738869e-105
192.7927927927928             2.443020760754955e-105
193.19319319319322            7.516387131494904e-106
193.5935935935936             2.30564627045773e-106
193.99399399399402            7.051439311176912e-107
194.3943943943944             2.1501285153999562e-107
194.79479479479483            6.536610647727778e-108
195.1951951951952             1.9812640778299256e-108
195.59559559559563            5.987336440673473e-109
195.995995995996              1.803958355249125e-109
196.39639639639643            5.419021805541868e-110
196.7967967967968             1.622993701778897e-110
197.19719719719723            4.846344852026455e-111
197.5975975975976             1.4428239275766299e-111
197.99799799799803            4.28266297695888e-112
198.3983983983984             1.2674067099596111e-112
198.79879879879883            3.7395525783640945e-113
199.1991991991992             1.1000814035398571e-113
199.59959959959963            3.2264990305580406e-114
200.0                         9.434954064576104e-115
