@    title "Magnitude of Electric Field"
@    xaxis  label "Residues"
@    yaxis  label "MV/cm"
#time  EField_Magnitude
@type xydy
21        1.458893488849e+00            6.144383623398e-02            
22        3.024244062263e+00            4.319965403379e-02            
23        9.125172771474e+00            1.592166108577e-01            
24        4.673101295159e-02            1.859863199017e-02            
25        2.308645616387e-01            3.064612217044e-02            
26        2.372302472761e-01            1.933746837610e-02            
27        3.646067806601e-01            3.240035799820e-02            
28        1.483225626324e-01            2.497002934003e-02            
29        2.489550392761e-01            1.516498565454e-02            
30        5.320697408422e-01            2.569690309917e-02            
31        1.843064296418e-01            5.636938040981e-02            
32        3.637492149934e-01            1.716498774193e-02            
33        4.341514688917e-01            1.211490244053e-02            
34        4.867540021874e-01            5.844059877336e-02            
35        4.334799269536e-01            2.017531352728e-02            
36        3.997836865140e-01            1.187665886765e-02            
37        4.279125995376e-01            5.386043381414e-02            
38        1.327448484295e-01            3.004270601911e-02            
39        4.058953655964e-01            3.326548268799e-02            
40        2.300860969471e-01            1.417111595096e-02            
41        4.912948197472e-02            1.806073994847e-02            
42        1.698626236164e-01            6.022700163912e-02            
43        1.342178532629e-01            2.067022117851e-02            
44        7.659058621168e-02            1.772491541439e-02            
45        5.438254681755e-02            1.481771579569e-02            
46        8.086906685112e+00            9.978509750255e-02            
47        1.002207439373e-01            1.800689713814e-02            
48        4.460862082573e-01            1.953657616052e-02            
49        5.551661130480e+00            5.646155874525e-02            
50        3.129212163560e-01            1.948897380708e-02            
51        3.590896259473e-01            2.214801483495e-02            
52        8.409659285001e+00            9.396104243717e-02            
53        6.164852630313e-01            3.183006715082e-02            
54        5.499009339814e-01            4.016300020588e-02            
55        1.312693338078e+00            9.543476529913e-02            
56        1.437930280329e+00            6.665363377001e-02            
57        8.025152646209e-01            1.324531676988e-01            
58        1.108271189108e+00            1.972077543590e-01            
59        5.830023239614e+00            1.759572805390e-01            
60        5.877820010009e+00            3.868503523216e-01            
61        3.330010637131e+00            2.847723108408e-01            
62        5.923118087381e+00            2.041168882947e+00            
63        8.291917012900e+01            1.791554325195e+01            
64        1.587960491902e+01            1.663992334139e+00            
65        5.164851745492e+00            6.092224496361e-01            
66        1.163238618868e+00            2.750931001594e-01            
67        6.355727269529e-01            9.228840345297e-02            
68        1.884343833255e+01            4.938621655529e-01            
69        1.369729663783e+00            7.811190574304e-02            
70        1.101446483756e+00            1.436057146408e-01            
71        3.509550818810e-01            4.492540979384e-02            
72        1.490926857585e-01            8.509240520822e-02            
73        2.706735246228e-01            2.474383609138e-02            
74        5.746742827640e+00            6.479008642113e-02            
75        1.252659640992e-01            1.708529545837e-02            
76        9.069891416461e-02            3.506491975374e-02            
77        8.976264440882e+00            1.670271961609e-01            
78        9.243406999937e-02            2.860731805144e-02            
79        2.939488013774e-01            4.100270859947e-02            
80        1.103193745309e-01            5.377283701261e-02            
81        2.573288272528e-01            6.133118020225e-02            
82        5.514538623124e-01            3.845014215632e-02            
83        1.007646170502e+00            7.668939624457e-02            
84        2.519681952431e+00            9.530804916283e-02            
85        1.092473076669e+00            6.776011131781e-02            
86        1.168396770723e+00            7.317569832799e-02            
87        1.434888369299e+00            1.027910012021e-01            
88        1.677650269507e+00            2.877288834775e-01            
89        1.544569325574e+00            1.563679398143e-01            
90        1.000867132427e+00            8.832412445015e-02            
91        2.655798411900e-01            1.108814180203e-01            
92        2.443100559655e+00            8.869009225726e-01            
93        6.180627214990e-01            1.107577857193e-01            
94        1.179636743904e-01            5.273803993605e-02            
95        1.480094963081e+00            1.079794822763e-01            
96        2.644739770381e+00            2.474657105986e-01            
97        1.254751177647e+01            3.517843552724e-01            
98        5.815134869593e-01            3.801099703750e-02            
99        1.233915837541e+00            4.259951069467e-02            
100       7.151530168602e-01            4.029680089249e-02            
101       2.096117856820e-01            5.711487671958e-02            
102       3.372184928486e-01            1.559220948744e-02            
103       6.321756800284e-01            9.065589746517e-02            
104       5.147302458188e-01            1.913988134024e-02            
105       2.323280438815e-01            1.234972876911e-02            
106       3.701602076327e-01            4.601463066821e-02            
107       3.245768641853e-01            1.262782076615e-02            
108       2.439502070603e-01            1.113247074352e-02            
109       2.110208693794e-01            2.822630982073e-02            
110       2.973038744390e-01            2.239721083365e-02            
111       1.527767614744e-01            1.182103185816e-02            
112       1.040726660730e-01            8.505247024664e-03            
113       2.104460445384e+00            1.698772851703e-02            
2         5.525803516718e+01            6.209122031315e+00            
3         1.922698434630e+01            1.452466038651e+00            
4         7.274823144058e+00            2.905074093978e-01            
