@    title "Magnitude of Electric Field"
@    xaxis  label "Residues"
@    yaxis  label "MV/cm"
#time     EField_per_residue            Std.Deviation         EField_residue_alignement   Std.Deviation
@type xydy
21        1.726300184987e-01            7.643360800050e-02            0.003143            0.001511                      
22        1.935293821150e+00            1.970414305502e-02            0.036594            0.001181                      
23        2.873614478452e+00            5.697099257498e-02            0.054398            0.001953                      
24        7.828913059185e-02            4.271066103033e-03            0.001480            0.000089                      
25        6.422644774906e-02            1.244024136862e-02            0.001118            0.000247                      
26        6.809781425998e-02            4.228591272180e-03            0.001287            0.000087                      
27        8.608514871829e-02            5.463684740529e-03            0.001627            0.000113                      
28        1.240554225580e-01            6.347347445698e-03            0.002345            0.000136                      
29        1.090304068755e-01            5.536412204716e-03            0.002062            0.000120                      
30        8.112154784645e-02            6.190079412109e-03            0.001532            0.000123                      
31        2.122646846680e-01            1.021579443958e-02            0.004012            0.000219                      
32        1.484309017260e-01            8.780838224049e-03            0.002806            0.000180                      
33        8.847886042711e-02            7.074323054332e-03            0.001669            0.000141                      
34        4.124627361066e-02            1.436510865353e-02            0.000740            0.000281                      
35        9.587483719085e-02            1.045270856896e-02            0.001798            0.000202                      
36        1.138227962788e-01            1.100610194616e-02            0.002143            0.000221                      
37        6.661122408070e-02            2.334148888306e-02            0.000943            0.000582                      
38        6.704697330043e-02            1.840321257582e-02            0.001213            0.000356                      
39        1.576309653091e-01            2.231847830388e-02            0.002938            0.000438                      
40        2.455354441081e-02            9.648154335180e-03            0.000299            0.000190                      
41        2.042315231846e-01            1.694971182350e-02            0.003838            0.000345                      
42        2.352281689082e-01            5.054836158592e-02            0.004371            0.000992                      
43        3.151843958898e-01            2.483096695786e-02            0.005841            0.000468                      
44        3.094732652982e-01            1.879805745105e-02            0.005762            0.000387                      
45        2.910106531067e-01            2.491148220112e-02            0.005455            0.000492                      
46        8.203510961832e+00            2.034858787684e-01            0.155143            0.005479                      
47        1.183607797038e-01            3.502583628363e-02            0.001525            0.000549                      
48        5.809153278264e-01            3.054251082793e-02            0.010952            0.000661                      
49        4.013041066491e+00            7.778168047225e-02            0.075820            0.002722                      
50        4.127977619786e-01            1.623745148906e-02            0.007795            0.000375                      
51        4.198846953709e-01            1.690329412798e-02            0.007925            0.000376                      
52        8.035322433202e+00            1.381896906712e-01            0.152008            0.005160                      
53        5.166118746446e-01            2.592194150311e-02            0.009757            0.000543                      
54        3.512796849370e-01            2.015143015473e-02            0.006636            0.000433                      
55        3.583240325868e-01            6.722938099458e-02            0.006613            0.001303                      
56        1.980174079211e-01            5.211088994577e-02            0.003595            0.001032                      
57        2.171769455090e-01            3.872568273990e-02            0.004067            0.000742                      
58        6.237117565178e-02            2.287856326145e-02            0.001098            0.000459                      
59        1.744922762705e-01            4.790922038361e-02            0.003247            0.000951                      
60        6.053246979724e-01            5.889958467944e-02            0.011426            0.001169                      
61        3.223263293089e-02            1.714816846291e-02            0.000487            0.000372                      
62        1.978553897321e-01            3.811116630234e-02            0.003707            0.000734                      
63        2.200009350953e-01            5.379227268134e-02            0.004115            0.001029                      
64        9.035094286680e-01            5.317039228115e-02            0.017082            0.001109                      
65        1.479914864032e+00            7.515774386098e-02            0.027976            0.001610                      
66        2.669585212344e+00            2.192506360490e-01            0.050354            0.004200                      
67        5.074584133384e+00            6.575680159182e-01            0.095727            0.011267                      
68        2.772783232871e+01            5.074324041415e-01            0.524876            0.015126                      
69        2.079913477698e+00            2.121373808012e-01            0.039205            0.003871                      
70        1.476906803543e+00            4.097000381511e-01            0.026488            0.008500                      
71        1.285728056394e+00            1.052328329717e-01            0.024166            0.002044                      
72        1.781951587777e+00            4.371193039064e-01            0.027517            0.009028                      
73        5.267878568952e-01            4.768530123615e-02            0.009857            0.000945                      
74        4.721601514471e+00            1.336556842963e-01            0.089240            0.003493                      
75        2.619281150246e-01            1.641760145761e-02            0.004933            0.000343                      
76        7.619689531939e-02            2.562896173258e-02            0.001243            0.000525                      
77        9.780466176747e+00            2.693955885202e-01            0.185005            0.008109                      
78        2.166287697631e-01            1.735163629987e-02            0.004085            0.000350                      
79        3.245973706890e-02            1.358445477189e-02            0.000498            0.000291                      
80        7.644250853163e-02            3.154524019379e-02            0.001084            0.000678                      
81        8.774489653681e-02            1.972787623114e-02            0.001619            0.000382                      
82        4.673134135587e-02            1.337169942537e-02            0.000850            0.000263                      
83        3.736524233076e-02            2.898339151651e-02            0.000533            0.000492                      
84        2.751797876382e-01            1.861734512776e-02            0.005201            0.000384                      
85        2.038250267450e-02            1.023510125391e-02            0.000299            0.000219                      
86        8.247723291687e-02            1.282105084051e-02            0.001544            0.000239                      
87        1.997452491332e-01            1.654710483864e-02            0.003774            0.000338                      
88        1.413826050551e-01            1.481262813470e-02            0.002670            0.000308                      
89        1.630455481687e-02            7.671989706078e-03            0.000225            0.000167                      
90        8.698958837510e-02            1.133888321918e-02            0.001639            0.000218                      
91        1.976866300937e-01            1.209953219858e-02            0.003741            0.000263                      
92        1.402007874713e-01            1.110079943571e-02            0.002648            0.000232                      
93        4.818497336595e-02            7.458433749084e-03            0.000905            0.000145                      
94        1.471484659557e-01            6.976167773578e-03            0.002783            0.000155                      
95        1.915957372221e-01            7.363860755710e-03            0.003626            0.000177                      
96        1.751632037601e-01            3.636016091069e-02            0.003269            0.000730                      
97        3.234949916702e+00            3.786953556425e-02            0.061242            0.001969                      
98        1.551922387800e-01            5.971592724597e-03            0.002936            0.000133                      
99        1.314678139107e-01            5.206854893823e-03            0.002487            0.000123                      
100       7.470063420114e-02            4.265276503273e-03            0.001412            0.000094                      
101       2.304569911571e-02            1.378970365985e-02            0.000318            0.000284                      
102       1.095853838565e-01            3.231525205325e-03            0.002073            0.000087                      
103       9.842851948113e-02            3.478422824035e-02            0.001585            0.000707                      
104       5.766074076486e-02            4.367043532183e-03            0.001089            0.000090                      
105       4.536381119078e-02            2.907289066691e-03            0.000856            0.000060                      
106       1.123331191346e-01            1.052068018499e-02            0.002114            0.000231                      
107       8.849078579476e-02            3.490241118144e-03            0.001674            0.000084                      
108       4.946097361004e-02            2.961636535130e-03            0.000934            0.000064                      
109       5.980337705962e-02            8.444622565738e-03            0.001110            0.000161                      
110       3.868449523655e-02            2.045997928753e-02            0.000591            0.000402                      
111       3.694681775429e-02            5.066993337237e-03            0.000695            0.000100                      
112       1.743449677996e+00            1.715312904923e-02            0.032987            0.001023                      
1         6.792453722734e-01            2.854730821230e-01            0.004034            0.001915                      
2         6.288802609033e-01            1.265997019648e-01            0.004282            0.002018                      
3         5.564664989926e-01            1.910340309735e-01            0.003029            0.001761                      
4         5.213183210469e-01            1.161836659258e-01            0.004828            0.002331                      
5         3.968744610482e-01            1.264632621377e-01            0.002861            0.001644                      
6         7.251299522445e-01            1.996669582774e-01            0.005310            0.003161                      
7         7.974973953970e-01            1.099340616587e-01            0.000972            0.000694                      
8         3.936455878230e-01            1.375623096655e-01            0.002645            0.001449                      
9         5.074466997450e-01            1.797667177995e-01            0.002474            0.001864                      
10        7.081728720371e-01            1.962880025979e-01            0.002832            0.001520                      
11        6.929854534256e-01            2.420795626265e-01            0.006549            0.002225                      
12        6.869488767142e-01            1.463509696549e-01            0.006740            0.001905                      
13        8.071001104107e-01            2.112682866530e-01            0.006638            0.004436                      
14        4.113212063902e-01            9.672666844112e-02            0.003801            0.002104                      
15        4.609695788114e-01            1.426010515882e-01            0.003420            0.001696                      
16        3.935115026853e-01            9.384205024400e-02            0.002677            0.001773                      
17        6.603813401114e-01            1.802988492093e-01            0.005805            0.002327                      
18        2.469229640353e-01            4.694469413612e-02            0.000982            0.000653                      
19        1.887245391620e-01            3.459690618069e-02            0.001415            0.000647                      
20        4.986100361269e-01            2.048030537647e-01            0.002146            0.001440                      
21        3.321454617081e-01            1.019126720067e-01            0.001436            0.001040                      
22        3.351597979304e-01            8.229702988460e-02            0.003377            0.001408                      
23        3.145914849228e-01            6.028479217586e-02            0.001122            0.000914                      
24        3.793112075710e-01            9.991024325832e-02            0.002123            0.001472                      
25        3.725233651481e-01            1.317232757767e-01            0.001390            0.001079                      
26        4.592502371347e-01            1.756561457160e-01            0.002579            0.001632                      
27        5.460578310653e-01            1.083299381887e-01            0.002319            0.001664                      
28        2.418954715730e-01            6.040002106334e-02            0.001691            0.000832                      
29        1.947776337211e-01            4.333289641481e-02            0.001108            0.000776                      
30        3.154311865512e-01            1.264735107208e-01            0.001947            0.000935                      
31        2.045403957467e-01            5.362001067096e-02            0.001305            0.000806                      
32        2.241382403553e-01            6.231098012992e-02            0.000806            0.000570                      
33        2.257780740250e-01            6.399646911243e-02            0.000824            0.000600                      
34        2.668702631956e-01            5.700982001663e-02            0.001714            0.001367                      
35        2.827337762406e-01            7.897238963985e-02            0.001393            0.000881                      
36        2.653541330519e-01            1.255837553786e-01            0.001475            0.000748                      
37        2.358721699508e-01            6.093512824408e-02            0.001280            0.000798                      
38        3.318339059880e-01            1.086172503587e-01            0.001308            0.000906                      
39        2.032544598620e-01            4.863404836136e-02            0.001526            0.000760                      
40        1.627410351470e-01            3.659085662753e-02            0.001347            0.000651                      
41        2.563629174011e-01            8.338567534629e-02            0.001633            0.000989                      
42        1.699897154903e-01            4.454194018961e-02            0.001838            0.000914                      
43        1.343302068676e-01            4.969279876668e-02            0.000954            0.000566                      
44        1.855063545008e-01            4.208665872972e-02            0.001054            0.000834                      
45        1.324694102854e-01            5.184374258430e-02            0.000430            0.000289                      
46        2.115965177181e-01            7.371244793352e-02            0.001014            0.000845                      
47        1.231011011616e-01            3.714557322984e-02            0.000828            0.000490                      
48        2.071805837903e-01            3.861543571060e-02            0.000777            0.000479                      
49        1.449546420526e-01            4.705113060508e-02            0.001294            0.000565                      
50        1.135772463443e-01            2.341297713560e-02            0.000682            0.000490                      
51        1.222296439717e-01            3.380581223155e-02            0.000682            0.000519                      
52        9.286649113846e-02            2.217192639540e-02            0.000567            0.000307                      
53        1.560135520080e-01            3.153757473013e-02            0.001422            0.000761                      
54        1.749200732150e-01            6.797003212200e-02            0.000906            0.000614                      
55        1.801975291489e-01            6.521801427482e-02            0.001350            0.000575                      
56        1.590751820214e-01            3.447363201279e-02            0.000631            0.000440                      
57        1.836836451232e-01            4.786292348827e-02            0.001154            0.000568                      
58        1.999520912834e-01            6.288269928346e-02            0.000740            0.000523                      
59        1.711343517347e-01            5.262812939583e-02            0.001007            0.000633                      
60        2.074640450888e-01            5.292926613064e-02            0.001112            0.000568                      
61        2.125664225587e-01            4.225306267875e-02            0.001003            0.000678                      
62        1.623447294333e-01            6.390671141630e-02            0.001249            0.000480                      
63        1.461506469946e-01            4.777737167180e-02            0.000666            0.000497                      
64        1.050832097990e-01            3.452603342889e-02            0.000730            0.000377                      
65        1.099404636687e-01            2.575936817744e-02            0.000556            0.000366                      
66        1.115237251798e-01            2.087064539710e-02            0.000554            0.000381                      
67        1.325937485382e-01            3.596462550508e-02            0.000814            0.000513                      
68        1.489909001331e-01            3.662108665612e-02            0.000555            0.000484                      
69        1.166866864132e-01            2.861350390015e-02            0.000696            0.000461                      
70        1.192744297185e-01            3.553678348438e-02            0.000483            0.000403                      
71        8.572216283628e-02            2.365661128684e-02            0.000531            0.000390                      
72        1.204942053268e-01            3.397293769997e-02            0.000601            0.000502                      
73        1.133880683097e-01            2.413464752723e-02            0.000840            0.000379                      
74        1.695597428370e-01            5.265984838783e-02            0.000889            0.000553                      
75        1.083708290610e-01            2.625941856755e-02            0.000608            0.000384                      
76        1.213082707134e-01            3.137696012975e-02            0.000903            0.000551                      
77        8.371176990458e-02            1.917682034724e-02            0.000524            0.000279                      
78        1.242345230879e-01            3.215480384464e-02            0.000824            0.000396                      
79        1.344596558450e-01            5.234313518266e-02            0.000612            0.000344                      
80        8.415584703557e-02            1.594955112005e-02            0.000641            0.000331                      
81        8.377297267306e-02            2.938219957608e-02            0.000523            0.000288                      
82        7.356047146338e-02            9.653241730732e-03            0.000368            0.000213                      
83        9.355332320869e-02            3.348059505937e-02            0.000579            0.000396                      
84        1.200514010224e-01            3.921400344869e-02            0.000457            0.000303                      
85        8.533956831725e-02            2.252372705097e-02            0.000440            0.000317                      
86        8.450856468282e-02            2.954100081161e-02            0.000298            0.000233                      
87        7.517889452712e-02            1.710539768734e-02            0.000746            0.000223                      
88        7.503326991597e-02            2.099208844309e-02            0.000583            0.000294                      
89        7.074648032560e-02            2.420117603484e-02            0.000397            0.000246                      
90        9.106541125295e-02            2.502160120071e-02            0.000525            0.000338                      
91        6.608765516634e-02            1.706873718798e-02            0.000214            0.000187                      
92        9.898440965744e-02            2.859781842012e-02            0.000523            0.000345                      
93        8.938156149960e-02            2.932577937184e-02            0.000438            0.000273                      
94        5.456331477821e-02            1.218339183006e-02            0.000302            0.000190                      
95        6.149632424530e-02            1.419148617711e-02            0.000275            0.000189                      
96        6.006774884455e-02            1.535424476578e-02            0.000402            0.000190                      
97        4.475504278503e-02            1.062779142306e-02            0.000235            0.000144                      
98        5.527751703434e-02            1.103533134135e-02            0.000257            0.000163                      
99        4.327645705616e-02            1.133938963251e-02            0.000227            0.000144                      
100       4.858452198953e-02            7.427518689049e-03            0.000277            0.000140                      
101       6.136029921464e-02            1.492994411207e-02            0.000986            0.000349                      
102       4.862674457460e-02            1.525034016974e-02            0.000418            0.000358                      
103       6.957888838351e-02            1.190439379993e-02            0.000637            0.000429                      
104       6.647114666648e-02            1.103732514524e-02            0.000692            0.000450                      
105       6.869815711403e-02            1.579156466684e-02            0.000805            0.000480                      
106       7.722118941335e-02            1.611303528167e-02            0.001198            0.000443                      
107       4.868813250751e-02            1.091996857370e-02            0.000444            0.000371                      
108       7.370111249732e-02            1.826993407833e-02            0.000826            0.000436                      
109       8.465754008497e-02            2.332786929813e-02            0.001159            0.000592                      
110       6.415031395722e-02            1.369503471088e-02            0.000814            0.000392                      
111       7.877299478807e-02            2.359418037374e-02            0.000879            0.000579                      
112       6.828458774959e-02            1.377076004292e-02            0.000579            0.000358                      
113       7.280998028582e-02            1.625644371921e-02            0.001073            0.000447                      
114       6.328633829469e-02            8.486380800544e-03            0.000934            0.000200                      
115       5.280976305531e-02            1.167469667392e-02            0.000589            0.000338                      
116       7.334021707720e-02            2.495234235955e-02            0.000928            0.000651                      
117       6.269367503704e-02            1.517549287692e-02            0.000760            0.000523                      
118       8.409844574360e-02            1.203056638167e-02            0.001506            0.000191                      
119       6.856937694790e-02            1.300120375820e-02            0.001077            0.000349                      
120       5.162166580570e-02            8.588811110681e-03            0.000571            0.000351                      
121       6.009695417493e-02            1.166147817312e-02            0.000665            0.000382                      
122       5.319393011657e-02            8.932036708410e-03            0.000249            0.000173                      
123       8.047966711694e-02            2.187580907410e-02            0.001092            0.000462                      
124       5.757029251355e-02            1.261965411294e-02            0.000600            0.000441                      
125       5.188994657543e-02            1.382374626621e-02            0.000606            0.000411                      
126       6.037161616679e-02            1.170421289560e-02            0.000874            0.000281                      
127       5.239786168763e-02            1.286876226466e-02            0.000504            0.000340                      
128       4.697704996818e-02            6.930012214495e-03            0.000447            0.000230                      
129       5.014821629948e-02            1.188604657606e-02            0.000698            0.000288                      
130       4.461991200891e-02            1.012733115479e-02            0.000606            0.000315                      
131       5.662309686756e-02            1.234427926232e-02            0.000846            0.000267                      
132       5.916138772162e-02            1.272801757102e-02            0.000744            0.000331                      
133       4.960821068830e-02            6.667599661714e-03            0.000435            0.000274                      
134       6.395543128148e-02            1.661696511057e-02            0.000542            0.000360                      
135       4.729945746186e-02            8.415997895983e-03            0.000558            0.000308                      
136       5.388509063950e-02            1.496432552378e-02            0.000487            0.000362                      
137       5.606557770474e-02            9.276730963780e-03            0.000814            0.000252                      
138       4.490166594386e-02            9.219548646208e-03            0.000549            0.000257                      
139       5.599583798846e-02            1.440918992023e-02            0.000695            0.000339                      
140       5.429281130414e-02            1.176211059417e-02            0.000796            0.000298                      
141       7.062053535241e-02            1.020537384348e-02            0.000953            0.000256                      
142       4.590595911781e-02            1.272162417638e-02            0.000464            0.000237                      
143       4.786493647719e-02            8.980433143363e-03            0.000751            0.000152                      
144       5.438498642489e-02            1.595891220792e-02            0.000771            0.000336                      
145       4.092277655688e-02            7.195604017642e-03            0.000573            0.000260                      
146       4.983493882445e-02            1.117202945891e-02            0.000709            0.000261                      
147       4.542195056226e-02            1.030668849155e-02            0.000590            0.000307                      
148       5.243434677096e-02            1.383683751045e-02            0.000795            0.000225                      
149       5.546184031445e-02            8.856430094086e-03            0.000805            0.000181                      
150       5.402208029962e-02            1.650080226457e-02            0.000577            0.000363                      
151       3.767056003913e-02            5.982240584061e-03            0.000214            0.000149                      
152       4.331662558203e-02            7.722839830118e-03            0.000268            0.000188                      
153       3.834298883767e-02            7.382305708083e-03            0.000274            0.000196                      
154       4.199185513764e-02            9.538606882982e-03            0.000487            0.000264                      
155       4.049371218575e-02            8.172724033121e-03            0.000411            0.000248                      
156       5.456691568617e-02            1.023083750288e-02            0.000784            0.000164                      
157       4.377038390600e-02            1.261146999145e-02            0.000417            0.000266                      
158       4.935207599307e-02            1.393076964974e-02            0.000612            0.000359                      
159       3.684727733540e-02            9.690071210139e-03            0.000418            0.000257                      
160       5.358582220470e-02            1.235887295300e-02            0.000777            0.000132                      
161       3.624764271905e-02            7.798064137074e-03            0.000355            0.000250                      
162       3.972888714435e-02            8.439593988280e-03            0.000303            0.000195                      
163       3.579437158840e-02            7.366916491936e-03            0.000306            0.000228                      
164       4.544397906986e-02            7.855962081797e-03            0.000462            0.000263                      
165       4.526477490461e-02            9.716419763185e-03            0.000534            0.000295                      
166       4.296700175093e-02            8.714210699065e-03            0.000528            0.000228                      
167       4.336666289200e-02            9.487695348894e-03            0.000709            0.000166                      
168       3.106162731502e-02            6.636685433150e-03            0.000327            0.000195                      
169       3.421339367935e-02            8.088955624184e-03            0.000370            0.000245                      
170       3.815134722247e-02            8.101701048768e-03            0.000269            0.000166                      
171       3.301842150263e-02            6.548662730041e-03            0.000344            0.000196                      
172       3.563830569588e-02            7.818332308128e-03            0.000451            0.000242                      
173       4.841684660910e-02            1.001426460255e-02            0.000737            0.000186                      
174       3.148454294430e-02            7.183287171182e-03            0.000315            0.000219                      
175       3.649001320758e-02            9.693284793219e-03            0.000337            0.000225                      
176       4.668084486581e-02            9.696638073451e-03            0.000566            0.000198                      
177       3.201975850762e-02            5.460904283950e-03            0.000323            0.000168                      
178       4.363318032003e-02            8.678661948910e-03            0.000604            0.000170                      
179       3.612965228433e-02            9.482886058526e-03            0.000519            0.000249                      
180       3.749196383309e-02            8.400419780878e-03            0.000477            0.000182                      
181       3.143239745796e-02            7.520317486167e-03            0.000371            0.000193                      
182       4.213636288946e-02            1.062685292584e-02            0.000502            0.000288                      
183       2.568793355763e-02            5.250827717701e-03            0.000239            0.000168                      
184       3.879221785277e-02            1.166813956081e-02            0.000392            0.000254                      
185       2.837047226870e-02            6.517521765710e-03            0.000277            0.000186                      
186       2.437901386001e-02            4.569104173735e-03            0.000343            0.000168                      
187       3.043786408745e-02            1.175094032815e-02            0.000434            0.000234                      
188       2.449868128776e-02            4.842090372188e-03            0.000312            0.000151                      
189       2.408531862402e-02            6.966333850058e-03            0.000255            0.000189                      
190       2.694896517427e-02            6.391351792719e-03            0.000201            0.000156                      
191       3.809935371735e-02            9.540529286523e-03            0.000432            0.000261                      
192       3.020596256098e-02            4.668668207294e-03            0.000319            0.000198                      
193       2.946252474635e-02            6.075798787903e-03            0.000418            0.000148                      
194       3.177642152631e-02            9.214817256598e-03            0.000411            0.000207                      
195       3.080961623993e-02            7.205087412301e-03            0.000360            0.000170                      
196       3.707103629520e-02            8.048999195544e-03            0.000279            0.000164                      
197       2.740627822228e-02            6.170269998557e-03            0.000388            0.000140                      
198       2.890232517652e-02            5.635570599641e-03            0.000369            0.000168                      
199       2.360185605412e-02            4.916644870672e-03            0.000272            0.000136                      
200       2.307871395138e-02            6.701596452022e-03            0.000288            0.000120                      
201       2.237856844872e-02            5.908447710002e-03            0.000217            0.000136                      
202       2.365691482189e-02            5.457372190962e-03            0.000336            0.000146                      
