@    title "Electric Field"
@    xaxis  label "Time (ps)"
@    yaxis  label "MV/cm"
#time      Magnitude                     Efield_X                      Efield_Y                     Efield_Z
@type xy
10        5.284304855742e+01            -5.170080943979e+00           -3.773310015073e+00           5.245398150193e+01            
20        5.237924776461e+01            -2.792948389735e+00           -3.847638679726e+00           5.216302054395e+01            
30        5.276822972889e+01            -2.970817262917e+00           -1.510810396187e+00           5.266286894443e+01            
40        5.184063825888e+01            -4.406459683364e+00           -1.872512043723e+00           5.161907192883e+01            
50        5.105407660394e+01            -2.358775813713e+00           -4.781197601711e+00           5.077494523911e+01            
60        5.310048125088e+01            -2.017413950831e+00           -2.725521560671e+00           5.299210018718e+01            
70        5.249248951282e+01            -6.343789094118e+00           -3.488590159205e+00           5.199084086533e+01            
80        5.412148541240e+01            -4.168318571130e+00           -4.208975972918e+00           5.379632724261e+01            
90        5.038287655830e+01            -2.890135438896e+00           -3.292824548119e+00           5.019201803005e+01            
100       5.289479217812e+01            -2.554628002218e-01           -4.994125569263e+00           5.265788153849e+01            
110       5.193761954835e+01            -4.129008988799e+00           -5.137978445352e+00           5.151765509624e+01            
120       5.195926828409e+01            -4.867997385188e+00           -1.015167171814e+00           5.172076563325e+01            
130       5.395684745816e+01            -4.404988035994e+00           -3.708844205214e+00           5.364869003701e+01            
140       5.117592372655e+01            -3.133427485607e+00           -2.738644429539e+00           5.100643712461e+01            
150       5.254629875442e+01            -1.837898322310e+00           -2.712769362220e+00           5.244403231001e+01            
160       5.296567529395e+01            -3.332053402027e+00           -4.326320391564e+00           5.268342368658e+01            
170       5.329341141163e+01            -2.649700633528e+00           -5.587765443554e+00           5.293338893166e+01            
180       5.312459742119e+01            -1.181082216072e+00           -4.717953954297e+00           5.290150098483e+01            
190       5.175652842058e+01            -3.675604163872e+00           -1.841552333397e+00           5.159299228756e+01            
200       5.231706631606e+01            -1.104999435056e+00           -4.635845053051e+00           5.209955225154e+01            
210       5.512378494775e+01            -4.159609200267e+00           -5.692891380918e+00           5.467101888562e+01            
220       5.278840809632e+01            -3.934873291374e+00           -4.044883285913e+00           5.248591926153e+01            
230       5.095877755946e+01            -4.868332702473e+00           -5.876423646848e+00           5.038416410119e+01            
240       5.162785213885e+01            -5.542362157630e+00           -6.439912279587e+00           5.092391253641e+01            
250       5.275667072232e+01            -4.395108806423e+00           -5.696473715514e+00           5.226374949706e+01            
260       5.098725869590e+01            -3.562933287608e+00           -4.466112081469e+00           5.066616127739e+01            
270       5.040937133789e+01            -3.655820918043e+00           -4.154970685224e+00           5.010464959165e+01            
280       5.328806193791e+01            -4.485359925529e+00           -2.113144848780e+00           5.305689126103e+01            
290       5.346079705163e+01            -3.412658891821e+00           -2.120795817576e-01           5.335134115404e+01            
300       5.138867630119e+01            -4.724516571065e+00           -3.933620334832e+00           5.101962001250e+01            
310       4.978378493418e+01            -4.846539104206e+00           -2.950841802311e+00           4.945936548058e+01            
320       5.197678758629e+01            -3.976085883545e+00           -5.504107330770e+00           5.153136900305e+01            
330       5.297067029031e+01            -3.159593486950e+00           -4.447436259700e+00           5.268898547816e+01            
340       5.498175141086e+01            -4.374499442495e+00           -2.864999458863e+00           5.473251794805e+01            
350       5.407327035276e+01            -1.099357850276e+00           -1.640393704381e+00           5.403720095873e+01            
360       5.324369106874e+01            -2.947079422294e+00           -3.354806562653e+00           5.305610836114e+01            
370       5.137839388582e+01            -7.687046513463e-01           -3.026349426225e+00           5.128342481344e+01            
380       5.301874344599e+01            -2.048430083870e+00           -4.909199403686e+00           5.275121659259e+01            
390       5.405717667574e+01            -8.436526745122e-01           -3.884007482507e+00           5.391086241373e+01            
400       5.183426218162e+01            -2.750321669478e+00           -1.441293551329e+00           5.174117450856e+01            
410       5.269719136022e+01            -3.842001458445e+00           -3.451746690165e+00           5.244347859206e+01            
420       5.090496471200e+01            -2.012984783128e+00           -1.913041121349e+00           5.082916090456e+01            
430       5.228563307845e+01            -9.860049596998e-01           -4.132918520310e+00           5.211270675314e+01            
440       5.207810155366e+01            -2.775792136661e-01           -4.315864794911e+00           5.189821694707e+01            
450       5.154590100145e+01            -4.524320203866e-01           -1.098149500295e+00           5.153221597209e+01            
460       5.311650247331e+01            -1.084841223775e+00           -2.606019933088e+00           5.304144242594e+01            
470       5.049508631199e+01            -2.184836196827e+00           -3.983158207218e+00           5.029030406693e+01            
480       5.107922309317e+01            -2.946862381863e+00           -3.265108871504e+00           5.088950872195e+01            
490       5.010998244976e+01            -3.032939446850e+00           -2.250688995889e+00           4.996744958941e+01            
500       5.178104154727e+01            -2.290453992354e-01           -3.089836926371e+00           5.168826471931e+01            
510       5.231537618912e+01            -1.717817685220e+00           -5.315970474873e+00           5.201622964153e+01            
520       5.399027992435e+01            -2.123812408875e+00           -3.708828946780e+00           5.382085409026e+01            
530       5.105787460038e+01            -2.201511437773e+00           -2.244051011637e+00           5.096100608460e+01            
540       5.091383097381e+01            -2.837252714340e+00           -1.947243454265e+00           5.079740568567e+01            
550       5.107058013335e+01            -3.535697481442e+00           -3.819103767070e+00           5.080469904343e+01            
560       4.940949874011e+01            -3.020146483424e+00           -2.888312132273e+00           4.923245813480e+01            
570       5.043228463296e+01            -2.813078081321e+00           -2.014783920906e+00           5.031344324095e+01            
580       4.988113368651e+01            -3.487026410327e+00           -2.004982819995e+00           4.971869053541e+01            
590       5.107037172440e+01            -6.023729724652e-01           -4.689367318268e+00           5.085105553501e+01            
600       5.110668483583e+01            -9.268833029581e-01           -3.083391471307e+00           5.100516463346e+01            
610       5.108874838939e+01            -7.398483894287e-01           -2.769037221694e+00           5.100828627997e+01            
620       5.211501631671e+01            -5.282471205810e+00           -2.152877956582e+00           5.180188741884e+01            
630       5.129648767778e+01            -3.918785620215e+00           -2.672880970663e+00           5.107669208803e+01            
640       5.187762326119e+01            -4.672602565662e+00           -2.486127793103e+00           5.160691570991e+01            
650       5.133452764223e+01            -4.310004562311e+00           -1.119770270641e+00           5.114101781804e+01            
660       5.076956501226e+01            -3.128532764865e+00           -1.297533307934e+00           5.065646475612e+01            
670       5.088373505200e+01            -2.567017504709e+00           -1.919937167880e+00           5.078266195508e+01            
680       5.132907219473e+01            -4.076409144115e+00           1.733537820994e+00            5.113757314817e+01            
690       5.118619814131e+01            -3.658252966954e+00           -1.289206554015e+00           5.103902440146e+01            
700       5.163771106984e+01            -2.433054313715e+00           -1.685025589299e+00           5.155282863240e+01            
710       5.292727279512e+01            -2.271655822132e+00           -7.944598291186e-01           5.287253179993e+01            
720       5.053215054723e+01            -3.014205501043e-01           -2.003270517658e+00           5.049152693089e+01            
730       5.104871395232e+01            -6.097906831245e-01           -3.464177598720e-01           5.104389626825e+01            
740       5.021243542324e+01            -1.125663070573e+00           -1.407416934904e+00           5.018008301464e+01            
750       5.291959584840e+01            6.115733211319e-01            -1.520170051965e-02           5.291605967699e+01            
760       5.049653510559e+01            -8.243191344215e-01           -1.636837513653e+00           5.046326702255e+01            
770       5.263080126916e+01            -6.069086106461e-01           -2.679253543883e+00           5.255905730338e+01            
780       5.331091397307e+01            -1.930510155675e-01           -2.012015578395e+00           5.327258275381e+01            
790       5.275730507837e+01            -1.963050213974e+00           -1.400934556179e+00           5.270215418139e+01            
800       5.208064546947e+01            -1.593462665135e+00           2.816615555028e-01            5.205550091988e+01            
810       5.027477312191e+01            6.847531095095e-02            -3.065548644767e+00           5.018117709956e+01            
820       5.320762880401e+01            2.128050098091e-01            -1.301700679949e+00           5.319127797217e+01            
830       5.188056306256e+01            -8.456473480281e-01           -6.743258104856e-02           5.187362679723e+01            
840       5.176984553449e+01            -8.513551816319e-01           -6.668286557608e-02           5.176280184085e+01            
850       5.096867200320e+01            -8.816881034225e-01           9.215548110744e-01            5.095271227901e+01            
860       5.297679764882e+01            4.254477777843e-01            1.431066170870e-01            5.297489597732e+01            
870       5.152217795064e+01            5.048259188948e-01            -1.065934311168e+00           5.150867650807e+01            
880       5.603547938161e+01            2.863123049921e-02            -3.809376314290e+00           5.590583853120e+01            
890       5.390983763044e+01            2.284663901920e-01            -1.775928766187e+00           5.388009348049e+01            
900       5.477961480251e+01            7.497950592717e-01            -5.445893426256e+00           5.450308477573e+01            
910       5.436522193172e+01            2.952192608087e+00            -3.005150814734e+00           5.420176180781e+01            
920       5.056263877918e+01            4.416480044840e-02            -5.524617532587e-01           5.055960122267e+01            
930       5.551441914835e+01            1.106997586732e+00            -2.780084350758e+00           5.543371195152e+01            
940       5.297266321839e+01            2.578548372785e+00            -2.265113984553e+00           5.286136013550e+01            
950       5.069310872939e+01            1.272328660959e+00            -2.733714225610e+00           5.060335225023e+01            
960       5.240701207740e+01            1.478245280508e+00            -1.881694937496e+00           5.235235362363e+01            
970       5.101369787371e+01            1.514484735547e+00            -2.295344882004e+00           5.093952393386e+01            
980       5.111248936163e+01            -2.530616756420e-01           -1.900867188656e+00           5.107650372198e+01            
990       5.005619020349e+01            1.980159944538e+00            -1.676823616286e+00           4.998889283473e+01            
1000      5.330889714091e+01            1.785143262660e+00            -4.229105344964e-01           5.327732092168e+01            
1010      5.279245130584e+01            9.430436811387e-01            -1.302143322366e+00           5.276796382525e+01            
1020      4.975695170295e+01            -2.010395231839e-01           -1.864639929123e+00           4.972159434104e+01            
1030      5.236386149771e+01            -8.872610295362e-02           -3.420463140862e+00           5.225195260018e+01            
1040      5.269891766042e+01            1.949249027563e+00            -1.472575496110e+00           5.264226317529e+01            
1050      4.955357906366e+01            1.830548678131e-01            -7.492183773561e-01           4.954757673950e+01            
1060      5.258946807260e+01            -1.235067794571e+00           -8.746622029284e-01           5.256768708753e+01            
1070      5.164320077806e+01            -8.442382101972e-01           -1.221651621777e+00           5.162184630331e+01            
1080      4.873987946395e+01            -1.169159238391e+00           -2.546436141525e+00           4.865927023511e+01            
1090      5.101552055805e+01            -2.547180953232e-02           -3.873317360898e+00           5.086826222329e+01            
1100      5.128288363053e+01            2.157444044349e+00            -2.543154032859e+00           5.117432907448e+01            
1110      5.228734301910e+01            -1.905038047396e+00           -8.488880593330e-01           5.224573149166e+01            
1120      5.130511609376e+01            -8.523705870563e-01           -6.972258533277e-01           5.129329661745e+01            
1130      4.984768324450e+01            -4.850385683530e-01           1.073764488599e+00            4.983375655371e+01            
1140      5.216217825397e+01            -2.910727933628e+00           4.252801005880e-01            5.207916704337e+01            
1150      5.134162812741e+01            -5.818825853123e-02           -1.483081230821e+00           5.132017013771e+01            
1160      5.382809663779e+01            -2.441532417825e+00           -3.845087225284e+00           5.363504648390e+01            
1170      5.346635753017e+01            -1.677483160439e+00           -4.529109714471e-01           5.343811663450e+01            
1180      5.174410966839e+01            -6.002508233519e-01           -1.029941684940e+00           5.173037603235e+01            
1190      5.030593065120e+01            -5.737496094012e-02           -1.865529949213e+00           5.027129563484e+01            
1200      5.207544207402e+01            1.542817792840e+00            1.043298160118e+00            5.204212629603e+01            
1210      5.163925725752e+01            -2.853612478979e+00           -2.927139668069e-01           5.155952001776e+01            
1220      5.152707852119e+01            1.470209642519e+00            1.108892647946e+00            5.149416143246e+01            
1230      5.272401427363e+01            -2.021896516580e+00           7.114782011606e-01            5.268042724174e+01            
1240      5.118487060841e+01            -1.377099243909e+00           5.045878692234e-01            5.116385411552e+01            
1250      5.303047144208e+01            -2.061479015303e+00           -2.204579272349e+00           5.294450902474e+01            
1260      5.229922535136e+01            -3.387560390353e+00           8.812936777613e-01            5.218195788209e+01            
1270      5.288784633176e+01            -7.198534434283e-01           1.632508574147e-02            5.288294464309e+01            
1280      5.466440009963e+01            -3.099883907387e-01           -1.869109643523e+00           5.463155658217e+01            
1290      4.945797523114e+01            -1.596248572107e+00           1.215970569892e+00            4.941725123915e+01            
1300      5.137874725389e+01            -5.543147779642e-01           -1.042799663140e+00           5.136517276685e+01            
1310      5.066142848863e+01            -3.405368444460e-01           4.806979412445e-01            5.065800332283e+01            
1320      5.159274982321e+01            -3.417769908814e-01           -6.282540012191e-01           5.158779235167e+01            
1330      4.990705244902e+01            -5.633816241198e-01           -9.125211348717e-01           4.989552876233e+01            
1340      5.213101637331e+01            -1.198392142898e+00           -1.306998849893e+00           5.210084911393e+01            
1350      5.348903288895e+01            5.990213515619e-01            -1.395405051872e+00           5.346747289293e+01            
1360      5.054633697454e+01            -2.930410123539e-01           9.646390353868e-02            5.054539547006e+01            
1370      5.124772527769e+01            -2.466907363746e+00           -6.165030222658e-01           5.118460352703e+01            
1380      5.394381832340e+01            -2.610608178474e+00           -1.515019115777e+00           5.385930724884e+01            
1390      5.060427723216e+01            -5.275165922158e-01           3.781489800298e-01            5.060011466176e+01            
1400      5.099972354355e+01            -2.606516588425e+00           1.228567775945e-01            5.093292431233e+01            
1410      5.008295032382e+01            -7.020936424359e-01           -2.000199813618e+00           5.003806729242e+01            
1420      5.165283862929e+01            4.383292392713e-01            -2.290224089314e+00           5.160017906521e+01            
1430      4.980578803141e+01            7.019583601097e-01            -4.568164725880e-01           4.979874591393e+01            
1440      5.132410161139e+01            -9.250487296544e-01           -3.121097261588e+00           5.122076183490e+01            
1450      5.244980662663e+01            -5.109826958934e-01           -2.206854933025e+00           5.240086738939e+01            
1460      5.063173852510e+01            4.954011002649e-01            -3.518837755006e+00           5.050688373557e+01            
1470      5.156901826565e+01            -1.380626845718e+00           -1.568955756774e+00           5.152665225133e+01            
1480      5.040848716310e+01            -5.304093406405e-01           -2.101467618653e+00           5.036187127035e+01            
1490      5.110329861362e+01            -9.025178747570e-01           -1.064171065016e+00           5.108424542482e+01            
1500      5.116494877226e+01            4.644654387972e-01            -1.850654939709e+00           5.112935879725e+01            
1510      5.249839913195e+01            6.902791434845e-01            -8.171269183066e-01           5.248750069989e+01            
1520      5.105078211621e+01            2.318135390208e-01            -2.662714861305e-01           5.104956137574e+01            
1530      5.239418392704e+01            -6.351816945961e-01           -1.731156540107e+00           5.236172409909e+01            
1540      5.267078072620e+01            -1.375601050109e+00           -1.572203256909e+00           5.262933631519e+01            
1550      5.212856480497e+01            -2.356321127487e+00           -9.022064743334e-01           5.206746626107e+01            
1560      5.121330222005e+01            -2.080298281675e+00           -7.463797021932e-01           5.116559000619e+01            
1570      5.117229970541e+01            -2.529583274328e+00           -1.754685345691e+00           5.107960987454e+01            
1580      5.047260345313e+01            -2.819025134558e+00           -7.228543121592e-01           5.038863243104e+01            
1590      5.546090601712e+01            -3.542015965604e+00           -1.860107583486e+00           5.531641907171e+01            
1600      5.101934345220e+01            -3.045862256090e+00           -1.314900349593e+00           5.091136578880e+01            
1610      5.148311893931e+01            -5.933331361072e+00           -1.341687030090e+00           5.112247050557e+01            
1620      5.164111169325e+01            -3.903502708910e+00           3.572307261807e-01            5.149213017272e+01            
1630      5.269876706301e+01            -4.973656069771e+00           -7.074270385701e-01           5.245876802067e+01            
1640      5.358758078849e+01            -4.222541272925e+00           -9.039182617385e-01           5.341331193380e+01            
1650      5.350126218190e+01            -3.392239642880e+00           -1.291193700600e+00           5.337799719069e+01            
1660      5.188079335697e+01            -3.020362356068e+00           -1.221213762908e+00           5.177840058878e+01            
1670      5.196971394720e+01            -1.383034917528e+00           -2.660443274421e-01           5.195062658512e+01            
1680      5.267593336134e+01            1.426494377798e+00            -2.460440067690e+00           5.259909983975e+01            
1690      5.067272345344e+01            -8.868405374465e-01           -1.155838882783e+00           5.065177640051e+01            
1700      5.155638332107e+01            -1.632615356475e+00           -1.844360012728e+00           5.149751027370e+01            
1710      5.037013478580e+01            1.702878271834e-01            -1.537439971135e+00           5.034637781142e+01            
1720      5.217651051285e+01            -4.671184752041e-01           -1.559813532729e+00           5.215109808404e+01            
1730      5.197375200018e+01            -1.138374215068e+00           -2.814514740621e-01           5.196052141954e+01            
1740      5.469230050597e+01            6.392221075496e-01            7.699433209463e-01            5.468314472499e+01            
1750      5.312895524281e+01            -1.327957649134e+00           4.508792885052e-01            5.311044267883e+01            
1760      5.299196186936e+01            -2.635482167419e+00           -7.079630734931e-01           5.292165005738e+01            
1770      5.227137843683e+01            -1.170249818484e+00           -1.348998525189e-01           5.225810292268e+01            
1780      5.298831788975e+01            -2.486746443357e+00           -6.520125885731e-01           5.292591807892e+01            
1790      5.251691212923e+01            -2.072271095231e+00           -4.303544917296e-01           5.247424651301e+01            
1800      4.900565732586e+01            -1.012986717583e+00           2.372503206364e+00            4.893771077998e+01            
1810      5.101932505038e+01            -3.367131807486e+00           -9.821056522123e-01           5.089861904291e+01            
1820      5.256032585663e+01            -2.399725435528e+00           -8.765447877284e-01           5.249819845694e+01            
1830      5.048848813876e+01            -7.224191738489e-01           -2.639511551926e+00           5.041426904997e+01            
1840      5.226877412439e+01            -1.626992809569e+00           -2.107864913633e+00           5.220090562787e+01            
1850      5.048319222646e+01            3.827356918777e-01            -1.972893478346e+00           5.044317498024e+01            
1860      5.071802425335e+01            -1.247594327061e+00           4.471506155899e-01            5.070070560540e+01            
1870      5.125198546047e+01            -1.381158394001e+00           -1.803993020060e+00           5.120160177489e+01            
1880      5.333931669701e+01            -1.729015613757e+00           3.632484625706e-01            5.331004840802e+01            
1890      5.258232458671e+01            -3.691901788064e-01           -6.216256586282e-01           5.257735386166e+01            
1900      5.343673335136e+01            -5.987851903428e-01           -9.530889654675e-01           5.342487762254e+01            
1910      5.258948075094e+01            -5.527065560991e-01           -1.339713107365e+00           5.256950798615e+01            
1920      5.060934415242e+01            6.407673982119e-01            -3.391561342951e+00           5.049150863598e+01            
1930      5.278392731067e+01            -4.488823456775e-01           -7.250485870485e-02           5.278196879639e+01            
1940      5.224904744896e+01            1.040763203543e+00            3.091591318030e+00            5.214711722041e+01            
1950      5.092464331163e+01            -3.029844078583e-01           -1.194373756977e+00           5.090973353097e+01            
1960      5.223877806024e+01            -4.255108978110e-02           -5.882816271153e-01           5.223544818760e+01            
1970      5.198536412177e+01            -3.116016587529e+00           8.178278676885e-02            5.189182821095e+01            
1980      5.364246596515e+01            -1.320361686767e+00           -3.662065027673e-01           5.362496333459e+01            
1990      5.134518888504e+01            -9.893155188142e-02           -1.106527170345e+00           5.133316892430e+01            
2000      5.419340101765e+01            -1.583938735828e+00           -2.870326087237e+00           5.409415014671e+01            
2010      5.297451196358e+01            -1.065739253047e+00           -7.641303566473e-01           5.295827812931e+01            
2020      5.243090831732e+01            1.236722740618e+00            -7.524161604790e-01           5.241091998586e+01            
2030      5.333116003155e+01            -6.760626629838e-01           -1.114552308722e+00           5.331522618106e+01            
2040      5.312220700933e+01            9.622761135023e-02            -9.629507928753e-03           5.312211898128e+01            
2050      5.379443279725e+01            -1.427681348620e+00           1.084808937129e+00            5.376454143313e+01            
2060      5.443538069882e+01            -3.651210339282e-01           -2.292415383666e-01           5.443367346389e+01            
2070      5.289460703081e+01            1.232454908865e+00            -1.272818529940e+00           5.286492637686e+01            
2080      5.271382304243e+01            2.309950848268e+00            -4.173505276637e-01           5.266153326067e+01            
2090      5.306418124638e+01            2.688376295657e+00            -1.596671559184e-01           5.299579672616e+01            
2100      5.306491035112e+01            2.571862459697e+00            3.201174759261e-01            5.300158260715e+01            
2110      5.370815432018e+01            6.818502559116e-01            -9.342879489535e-01           5.369569840068e+01            
2120      5.382433731789e+01            3.981686785041e-01            -1.767805083092e+00           5.379382506015e+01            
2130      5.251534483583e+01            1.997992709928e+00            -1.403858706906e+00           5.245854219370e+01            
2140      5.148914215051e+01            9.113263267705e-01            6.846197214078e-02            5.148103103746e+01            
2150      5.113019036176e+01            1.060171570935e+00            -3.990374420407e+00           5.096321530923e+01            
2160      5.459191646099e+01            -1.203912719528e+00           -2.316422005568e+00           5.452946108426e+01            
2170      5.204339694367e+01            5.974625062254e-01            -1.674495368109e+00           5.201302018968e+01            
2180      5.322557284809e+01            9.358644584192e-01            -1.861862055945e+00           5.318476504045e+01            
2190      5.270145579489e+01            -7.063879353545e-01           -3.855775618597e+00           5.255547025158e+01            
2200      5.380978071145e+01            6.804157478943e-01            -2.252465993553e+00           5.375831034893e+01            
2210      5.247793286724e+01            -2.161668489434e+00           -1.903727160589e+00           5.239882107699e+01            
2220      5.319667916292e+01            1.208066523576e-01            -4.567307668578e+00           5.300011113551e+01            
2230      5.144788905749e+01            4.939224785381e-01            -2.647716587637e+00           5.137733864194e+01            
2240      5.265514108910e+01            1.112527933863e+00            -4.606042314037e+00           5.244149634508e+01            
2250      5.258013932614e+01            -1.404029259173e+00           -1.593499929625e+00           5.253722976490e+01            
2260      5.442270785293e+01            -2.008318597823e+00           -1.425687566780e+00           5.436694953202e+01            
2270      5.438372306452e+01            -4.379526751216e-01           -1.259754398567e+00           5.436736659678e+01            
2280      5.175365010922e+01            8.683493520178e-01            -2.789997161964e+00           5.167109622281e+01            
2290      5.147205027845e+01            -1.269592251019e+00           -2.197770701987e+00           5.140943395258e+01            
2300      5.020362903969e+01            -1.509742161989e+00           -2.365838667331e+00           5.012512199246e+01            
2310      5.142960516806e+01            -2.378981934778e-01           -5.506708141992e-01           5.142610673429e+01            
2320      5.073055983743e+01            -3.644967864271e+00           -2.930237256804e+00           5.051452880416e+01            
2330      5.159525282623e+01            -3.105586554823e+00           -1.835616510856e+00           5.146898054535e+01            
2340      5.373465436937e+01            -2.035812576344e+00           -4.149564260920e+00           5.353549909914e+01            
2350      5.215666568389e+01            -1.565249562795e+00           -2.897634780651e+00           5.205258381431e+01            
2360      5.285583151568e+01            -3.590527411367e+00           -3.455096575431e+00           5.262042707710e+01            
2370      5.082590314038e+01            -2.601155766946e+00           -2.277501929828e+00           5.070817886369e+01            
2380      5.368718851565e+01            -2.512714938619e+00           -1.714376051067e+00           5.360094578557e+01            
2390      5.002863037537e+01            -2.691810400879e+00           -1.512226556279e+00           4.993326731593e+01            
2400      5.418996717906e+01            -2.734249231608e+00           -1.606987772903e+00           5.409707953582e+01            
2410      5.273908231240e+01            -2.812029487791e+00           -2.443922783478e+00           5.260732396485e+01            
2420      5.464921095484e+01            -2.776327333601e+00           -1.279136991083e+00           5.456365157393e+01            
2430      5.178589708986e+01            -4.034272868583e+00           -2.189348562312e-01           5.162805291072e+01            
2440      5.120681521750e+01            -5.624030368444e+00           3.843672275972e-01            5.089558398298e+01            
2450      5.334569285543e+01            -2.309009337041e+00           -9.907700765652e-01           5.328648793797e+01            
2460      5.109911851787e+01            -2.688845863713e+00           -1.224265406200e+00           5.101363734767e+01            
2470      5.057878129808e+01            -3.885898617680e+00           -3.105234026402e+00           5.033359147899e+01            
2480      5.285626030996e+01            -5.396669262805e+00           -2.247590702798e+00           5.253197646058e+01            
2490      5.316426191633e+01            -5.342017124591e+00           -1.158847602933e+00           5.288249871538e+01            
2500      5.263610664362e+01            -4.818420337470e+00           -3.968637734519e+00           5.226463873961e+01            
2510      5.188155228057e+01            -3.875723563253e+00           -1.011516679264e+00           5.172669589206e+01            
2520      5.282306453438e+01            -3.236203183704e+00           -2.629353772903e+00           5.265823425158e+01            
2530      5.226093140032e+01            -4.716677081773e+00           -2.106204726758e+00           5.200501715973e+01            
2540      5.286037510278e+01            -4.700280691709e+00           -1.795268355782e+00           5.262037275577e+01            
2550      5.375829899733e+01            -3.101453175220e+00           -2.866192491780e+00           5.359216957624e+01            
2560      5.074998820674e+01            -5.617457592558e+00           -1.899566970838e+00           5.040235231121e+01            
2570      5.077418413010e+01            -5.020532671728e+00           -9.162997719673e-01           5.051705078978e+01            
2580      5.271130852443e+01            -5.976028329230e+00           -3.112143620887e+00           5.227890295185e+01            
2590      5.323584032981e+01            -5.041853654807e+00           -2.534922714255e+00           5.293589117204e+01            
2600      5.316237972311e+01            -5.111927928320e+00           -1.995302115545e+00           5.287840372163e+01            
2610      5.174043956792e+01            -4.268569931083e+00           -2.375782045894e+00           5.150930068537e+01            
2620      5.451522705777e+01            -5.950531769669e+00           -5.790600130534e+00           5.387921772768e+01            
2630      5.369981619784e+01            -3.924360154359e+00           -1.767818018632e+00           5.352704434688e+01            
2640      5.518747118392e+01            -7.206388104898e+00           -1.571889958031e+00           5.469235877266e+01            
2650      5.451351676663e+01            -6.736492258397e+00           -2.908516035237e+00           5.401743900622e+01            
2660      5.828224312835e+01            -5.156771256330e+00           -1.937880565245e+00           5.802130809623e+01            
2670      5.399686445754e+01            -4.808256382979e+00           -2.159822868376e+00           5.373897288727e+01            
2680      5.495398809138e+01            -2.505099311195e+00           -2.340455409943e+00           5.484694661567e+01            
2690      5.373232428461e+01            -3.298294156025e+00           -1.697895476135e+00           5.360411439096e+01            
2700      5.209699898861e+01            -8.694831926980e-01           -1.804460308195e+00           5.205847890203e+01            
2710      5.388329528236e+01            -2.451625026339e+00           -2.384995741099e+00           5.377463008270e+01            
2720      5.338616514320e+01            -1.708278140453e+00           -1.993480963793e+00           5.332157582197e+01            
2730      5.313233290480e+01            -3.267997881029e+00           -2.887636816082e+00           5.295305981125e+01            
2740      5.371545033190e+01            -2.791676468614e+00           -2.912394685813e+00           5.356373870491e+01            
2750      5.292420291977e+01            -2.747596918792e+00           -1.264653340688e+00           5.283770072394e+01            
2760      5.396168481942e+01            -2.151017197346e+00           -3.813559046534e+00           5.378376447373e+01            
2770      5.334767296324e+01            -4.298781717499e+00           -1.427250592847e+00           5.315503402391e+01            
2780      5.424864156734e+01            -1.819187590722e+00           -2.201276281273e+00           5.417342569143e+01            
2790      5.494112629625e+01            -2.088467095234e+00           -2.330487110321e+00           5.485193245203e+01            
2800      5.539990974941e+01            -1.408509517591e+00           -2.137065413569e+00           5.534075399378e+01            
2810      5.413938144831e+01            -3.617358065493e+00           -2.538588319333e+00           5.395871489923e+01            
2820      5.231292686582e+01            -3.001866522970e+00           -4.429000250867e+00           5.203859213531e+01            
2830      5.351359861155e+01            -1.503050954737e+00           -4.427216076840e+00           5.330896577495e+01            
2840      5.262649179050e+01            -3.244206644903e+00           -2.957193029693e+00           5.244309078235e+01            
2850      5.304877921566e+01            -1.250515292086e+00           -2.342303596971e+00           5.298228762177e+01            
2860      5.365832288383e+01            -2.384034242689e+00           -5.055613785351e+00           5.336640108428e+01            
2870      5.181624969185e+01            -3.698416801018e+00           -3.841214258181e+00           5.154115363781e+01            
2880      5.357310438421e+01            -4.314055540447e+00           -4.690749773456e+00           5.319269973143e+01            
2890      5.202122037706e+01            -2.458943918321e+00           -5.459253845301e+00           5.167550204669e+01            
2900      5.188064063233e+01            -1.868012874972e+00           -3.283017886538e+00           5.174295308423e+01            
2910      5.052404126789e+01            -1.774920062067e+00           -2.425961995276e+00           5.043454285716e+01            
2920      5.404030048345e+01            -2.982882788685e+00           -2.238922121378e+00           5.391144325971e+01            
2930      5.285884474124e+01            -3.568999717017e+00           -3.696160459207e+00           5.260853643904e+01            
2940      5.128858405296e+01            -2.315798803067e+00           -1.635938795303e+00           5.121015167249e+01            
2950      5.115777812583e+01            -1.677778275482e+00           -8.596226523825e-01           5.112303171493e+01            
2960      5.106148147278e+01            -4.418121287109e-01           -1.458553148848e+00           5.103873347714e+01            
2970      5.233456022672e+01            -1.258615988245e+00           -1.298398173246e+00           5.230331004919e+01            
2980      5.354447853814e+01            -1.188497260357e+00           -4.729967013889e+00           5.332190983292e+01            
2990      5.094225179950e+01            -1.506244697340e+00           -2.620534345908e+00           5.085250283965e+01            
3000      5.246290955526e+01            -1.886880883347e+00           -1.699185066606e+00           5.240142488182e+01            
3010      5.269800260790e+01            -1.600997437261e+00           -3.762019825360e+00           5.253916151693e+01            
3020      5.252458093780e+01            -8.476053988182e-01           -2.677883343861e+00           5.244942429213e+01            
3030      5.016976555455e+01            -2.801886888386e+00           -2.777042497440e+00           5.001442632512e+01            
3040      5.342856946217e+01            -3.201613259070e+00           -4.528837928793e+00           5.313992222734e+01            
3050      5.014591460499e+01            -1.168404282134e+00           -7.572758654941e-01           5.012658093535e+01            
3060      5.205556063689e+01            -7.967479970138e-01           -2.128316959459e+00           5.200593093841e+01            
3070      5.125529622348e+01            1.912959190734e-01            -2.171858155124e+00           5.120890380570e+01            
3080      5.168705043279e+01            -4.620909431642e-01           3.492342723337e-01            5.168380490855e+01            
3090      5.400150168355e+01            -2.858040091985e-02           3.156455255835e-01            5.400057161865e+01            
3100      5.121013709514e+01            9.659544187917e-02            -5.622585806086e-01           5.120695925274e+01            
3110      5.020212915150e+01            5.681856048438e-02            -2.966677339113e+00           5.011436289689e+01            
3120      5.176207628701e+01            -1.613405145539e+00           -2.361620063993e+00           5.168299735940e+01            
3130      5.456457620989e+01            -4.522419114556e-02           -1.380399265000e+00           5.454709368616e+01            
3140      5.150947380221e+01            1.126761351899e+00            -1.629791343879e+00           5.147135203598e+01            
3150      5.182355558853e+01            4.661276051016e-01            -2.574834920747e+00           5.175745225592e+01            
3160      5.045229090943e+01            -5.935287341163e-01           -1.198252269748e+00           5.043456724460e+01            
3170      5.030385981448e+01            -1.694831783206e+00           -1.504403249211e+00           5.025278726922e+01            
3180      5.173491187345e+01            -6.206612774777e-01           -2.622420328049e+00           5.166467649909e+01            
3190      5.371536088108e+01            -1.022444486419e-02           -2.975376471443e+00           5.363289125993e+01            
3200      5.067908479812e+01            6.055699838928e-01            -1.703170515837e+00           5.064683732637e+01            
3210      5.268020851216e+01            -5.140269090724e-01           -1.177266880297e+00           5.266454393530e+01            
3220      5.189814873301e+01            4.793116340288e-01            -1.351073321015e+00           5.187834522373e+01            
3230      5.237368398749e+01            -2.479370051178e+00           -2.790868978214e+00           5.224046849825e+01            
3240      5.231716202325e+01            -2.003173308743e+00           -7.736783112509e-01           5.227307299875e+01            
3250      5.285981966682e+01            -2.609602984103e+00           -1.340504379727e+00           5.277834362201e+01            
3260      5.160121216851e+01            -7.647334465535e-01           1.563528671729e+00            5.157184947341e+01            
3270      5.293274755238e+01            2.815093895176e-01            -6.201567412652e-02           5.293196264984e+01            
3280      5.224602982943e+01            -3.357110446470e+00           1.774321371601e+00            5.210786146118e+01            
3290      5.421709464978e+01            -2.433855435043e+00           -2.068675883414e-01           5.416204303556e+01            
3300      5.230981387819e+01            -3.764026968608e-01           -1.212920740753e+00           5.229439522796e+01            
3310      5.316698797125e+01            4.185532482541e-01            -2.911157632729e+00           5.308557793178e+01            
3320      5.256867911370e+01            -1.604373782802e+00           2.200032077846e-01            5.254373042631e+01            
3330      5.410051579513e+01            -1.098765482993e-01           1.140892519917e+00            5.408837306391e+01            
3340      5.272694273275e+01            -8.827453318835e-01           2.308780876776e-02            5.271954777476e+01            
3350      5.228246103926e+01            -8.028797934944e-01           -2.454854389334e+00           5.221862508996e+01            
3360      5.322957109584e+01            5.807250835707e-01            -8.393118174276e-01           5.321978535373e+01            
3370      5.405883984812e+01            2.026353745871e+00            -4.499114006171e+00           5.383316848729e+01            
3380      5.487567327738e+01            -7.861800899753e-01           -1.768924934124e+00           5.484152024779e+01            
3390      5.273344330417e+01            -1.556150573865e+00           -1.726090077855e+00           5.268220810813e+01            
3400      5.364953935228e+01            -3.716738944329e-01           1.390457810407e-01            5.364807170346e+01            
3410      5.254025342772e+01            2.959317373122e-01            -2.224344703789e-01           5.253894914787e+01            
3420      5.529513720634e+01            -4.416220267416e-01           -1.663274361545e+00           5.526835158616e+01            
3430      5.068097781779e+01            9.572671225614e-02            -3.653455265646e-01           5.067957055472e+01            
3440      5.530443854397e+01            -4.455575297471e-01           -8.885410705816e-01           5.529550520537e+01            
3450      5.363076086497e+01            3.163895622162e-01            8.706864091571e-02            5.362975692330e+01            
3460      5.379727451055e+01            -4.710214846321e-01           -1.200124697974e+00           5.378182392067e+01            
3470      5.528459528441e+01            -2.779786373954e-01           6.315189305151e-01            5.528028932159e+01            
3480      5.533382321427e+01            -2.107677330645e-01           -1.875330849467e+00           5.530163381561e+01            
3490      5.534576552593e+01            -1.292881873088e-01           8.580756257781e-02            5.534554799871e+01            
3500      5.416475455401e+01            -1.547645459543e-02           -1.721584494049e+00           5.413738581799e+01            
3510      5.484815578915e+01            -2.264191295104e+00           -6.193648347600e-01           5.479790158803e+01            
3520      5.592911047306e+01            -2.753595599607e+00           -2.068911342200e+00           5.582295867687e+01            
3530      5.545780799420e+01            -9.438938248485e-01           -1.236905250592e-01           5.544963690253e+01            
3540      5.338928387845e+01            -1.593727736493e-01           1.401063631959e+00            5.337065911221e+01            
3550      5.353023413857e+01            5.410424247824e-01            1.221960441847e+00            5.351355017847e+01            
3560      5.310597102697e+01            -1.367108017264e-01           1.123643968612e+00            5.309390636510e+01            
3570      5.489294627239e+01            1.004081887530e+00            -1.124479623456e+00           5.487224175850e+01            
3580      5.630958458592e+01            -2.644496499846e+00           9.906838618419e-01            5.623872775933e+01            
3590      5.161961576576e+01            -3.539081484607e+00           2.179336703987e-01            5.149769061779e+01            
3600      5.530274576287e+01            -2.382650342963e+00           2.202290158024e+00            5.520748666907e+01            
3610      5.666828862807e+01            -5.654272325503e+00           1.521284167571e+00            5.636496992801e+01            
3620      5.649623794257e+01            -1.466135257201e+00           1.222034262362e+00            5.646398835836e+01            
3630      5.354675946284e+01            -3.264954083377e+00           2.068842684589e+00            5.340707269408e+01            
3640      5.651333132392e+01            -1.453868704389e+00           1.144876741120e+00            5.648302524090e+01            
3650      5.540114600667e+01            -1.114232389907e+00           1.962451866421e+00            5.535516459830e+01            
3660      5.364862545873e+01            -9.701401650920e-01           2.515974132916e+00            5.358081481121e+01            
3670      5.408034731506e+01            -2.114635085564e+00           -1.603370322785e-02           5.403898617750e+01            
3680      5.539030522330e+01            7.071753603610e-02            1.881402604046e+00            5.535829870943e+01            
3690      5.674837795723e+01            -2.017713356718e+00           2.695499992236e+00            5.664840256687e+01            
3700      5.698874717689e+01            -2.980873212108e+00           3.754451702570e-01            5.690949604951e+01            
3710      5.413565840341e+01            -1.469004320455e+00           1.633988187854e+00            5.409104934903e+01            
3720      5.596225387655e+01            -3.098659414479e-01           -1.007126114491e+00           5.595233273985e+01            
3730      5.777677107286e+01            2.405403211029e-01            3.001577620523e+00            5.769824908737e+01            
3740      5.405751787188e+01            -2.282791884093e-01           1.591225700061e+00            5.403361109395e+01            
3750      5.409097497632e+01            5.976296180757e-01            3.615754584692e+00            5.396668167964e+01            
3760      5.402640674329e+01            1.012471302181e+00            4.064053542047e+00            5.386381899068e+01            
3770      5.647208946336e+01            5.606326342653e-01            4.350345169715e+00            5.630148378428e+01            
3780      5.235893782488e+01            2.556195995751e+00            1.638201832622e+00            5.227083820771e+01            
3790      5.295092721285e+01            1.308867463073e+00            2.678689082107e+00            5.286692901489e+01            
3800      5.315864659172e+01            -2.806944592245e-01           3.633592505886e+00            5.303357355096e+01            
3810      5.405913003818e+01            5.875132276912e-01            1.167476394385e+00            5.404332861289e+01            
3820      5.284821958899e+01            2.790107227795e+00            1.008767206037e+00            5.276487471896e+01            
3830      5.260948009978e+01            1.123443788453e+00            1.460596442694e+00            5.257719970153e+01            
3840      5.408053672947e+01            5.934547143579e-01            1.234171032604e+00            5.406319530246e+01            
3850      5.418931477529e+01            1.614054595297e+00            2.559708044504e+00            5.410475541305e+01            
3860      5.408691885588e+01            -2.236207202520e-01           -2.319703626968e-01           5.408595912847e+01            
3870      5.420328489958e+01            1.351093647271e+00            6.040960336473e-01            5.418307584332e+01            
3880      5.359157865236e+01            3.665161361760e-02            3.387492917820e-01            5.359049550087e+01            
3890      5.524768017221e+01            -7.015162595473e-01           -7.731099005226e-01           5.523781621706e+01            
3900      5.255645309468e+01            -1.618509126512e-01           -5.531158974607e-01           5.255329322677e+01            
3910      5.381170052170e+01            -3.209591328939e-01           -9.674161603081e-01           5.380204646893e+01            
3920      5.014219550933e+01            -2.281885102377e+00           -5.576878042182e-01           5.008714161528e+01            
3930      5.200105843236e+01            -1.181320601371e+00           -4.787273802549e-01           5.198543430441e+01            
3940      5.351449317838e+01            4.781349344482e-01            -1.563745741076e+00           5.348950426374e+01            
3950      5.277589618399e+01            -6.159882065019e-01           -3.426560706784e-01           5.277118876215e+01            
3960      5.196607263759e+01            -5.427143395286e-01           -1.700880869530e+00           5.193539420076e+01            
3970      5.167505878070e+01            -1.007339539979e+00           -1.300093971778e+00           5.164887920086e+01            
3980      5.331959827744e+01            -9.244225182098e-01           -1.387165052051e+00           5.329353409743e+01            
3990      5.308203214836e+01            -1.138411847979e+00           1.925598101533e+00            5.303487746206e+01            
4000      5.326417470984e+01            -1.806464710957e+00           -1.900503251378e+00           5.319959661651e+01            
4010      5.248722888876e+01            -5.566866101179e-01           2.103094193890e-01            5.248385529272e+01            
4020      5.443350374123e+01            -1.587090176154e+00           -4.224658105042e-01           5.440872169935e+01            
4030      5.340556261784e+01            -6.066396008269e-01           -1.919570404564e+00           5.336760587084e+01            
4040      5.344280126662e+01            -9.031561986468e-01           -1.367752769679e+00           5.341766157803e+01            
4050      5.175776259329e+01            -1.690487043027e+00           -5.748714136738e-01           5.172695395129e+01            
4060      5.134183214606e+01            1.164328808726e+00            -3.838131642018e-01           5.132719312405e+01            
4070      5.256072832991e+01            3.339482357429e-01            -7.839350814619e-01           5.255382085952e+01            
4080      5.293773554857e+01            -4.357119727771e-01           2.221188620915e-01            5.293547641514e+01            
4090      5.245183818594e+01            1.730453680083e+00            5.754023117266e-01            5.242012754014e+01            
4100      5.278380942131e+01            1.695627352804e+00            1.123797500004e+00            5.274459653921e+01            
4110      5.397734044427e+01            1.296362167912e+00            9.555609951060e-02            5.396168636726e+01            
4120      5.348459264914e+01            -1.070337892776e+00           -1.102694025889e+00           5.346251110381e+01            
4130      5.370684004693e+01            -2.299291136634e+00           -2.122516817105e+00           5.361560267736e+01            
4140      5.209302007599e+01            4.190235398241e-01            -1.523578949846e+00           5.206904903198e+01            
4150      5.422890300919e+01            -1.257613320078e+00           -2.292322625492e-01           5.421383387003e+01            
4160      5.516800602557e+01            5.875170976366e-01            -1.803647759185e+00           5.513538398577e+01            
4170      5.427675161329e+01            -2.523670595456e-01           -9.675958793936e-01           5.426753942065e+01            
4180      5.079051539347e+01            1.260891584531e+00            1.929974710845e-01            5.077449515576e+01            
4190      5.360836539052e+01            -1.530060321001e-01           -8.717128887981e-01           5.360105918392e+01            
4200      5.362960824165e+01            -3.868215821747e-01           -2.441153580511e+00           5.357262377756e+01            
4210      5.301371310727e+01            -1.225537724635e+00           -2.204835194351e+00           5.295366405143e+01            
4220      5.322698899434e+01            -1.889725359819e-01           -2.131702322405e+00           5.318394957121e+01            
4230      5.510677026523e+01            -3.763334589116e-01           -1.288031082383e+00           5.509043000488e+01            
4240      5.362472002226e+01            -4.299802478756e-01           8.827565270732e-02            5.362292347365e+01            
4250      5.691742243923e+01            -1.188768268518e+00           8.212744806728e-01            5.689908009236e+01            
4260      5.449752766594e+01            -5.794748484184e-01           -2.514693844410e-02           5.449444098467e+01            
4270      5.504109479426e+01            -1.666374723715e+00           -2.158472792619e+00           5.497350549705e+01            
4280      5.662964070219e+01            4.837243119340e-01            -1.248347514165e+00           5.661381320255e+01            
4290      5.379005079571e+01            -5.369558526672e-01           -2.940769138901e+00           5.370691873389e+01            
4300      5.375209380754e+01            1.177254183850e+00            -3.101588707957e+00           5.364962077003e+01            
4310      5.546295187998e+01            2.503044961063e+00            -2.727244593043e+00           5.533928020939e+01            
4320      5.232962328159e+01            2.158984269644e+00            -2.703067543015e+00           5.221514804705e+01            
4330      5.407896062746e+01            2.812102219325e+00            -1.718317223654e+00           5.397845356782e+01            
4340      5.303372316983e+01            2.058940001139e+00            -5.106505100391e-01           5.299128037123e+01            
4350      5.304019071325e+01            3.732661504409e-01            6.749388242106e-01            5.303458268773e+01            
4360      5.533586682773e+01            -3.433789071181e-01           -2.394131062295e+00           5.528298458802e+01            
4370      5.402992381014e+01            1.218145984258e+00            -1.840017882830e+00           5.398484158985e+01            
4380      5.554500573914e+01            1.739172004851e+00            -3.584666447044e+00           5.540192333991e+01            
4390      5.384879242941e+01            -1.430949926425e+00           -2.279523752915e+00           5.378148937947e+01            
4400      5.486041575367e+01            -1.901442715449e+00           -3.011508159407e+00           5.474468513812e+01            
4410      5.296022028449e+01            -4.505156478791e-01           -1.637473605679e+00           5.293298261409e+01            
4420      5.277506538386e+01            1.833609335463e-01            -5.235678027406e+00           5.251439403279e+01            
4430      5.171043101386e+01            -1.413625713968e+00           -2.523020466341e+00           5.162949453274e+01            
4440      5.390910563674e+01            9.356671408789e-01            -4.538534448070e+00           5.370956993515e+01            
4450      5.306755055744e+01            -9.480761689318e-01           -3.332481433273e+00           5.295432599176e+01            
4460      5.223323998105e+01            1.034940929571e+00            -3.398085260766e+00           5.211231402222e+01            
4470      5.407817164125e+01            3.216000658164e-02            -2.070872915272e+00           5.403849645543e+01            
4480      5.296393914338e+01            -1.080152924117e+00           -1.555474466202e+00           5.293007291161e+01            
4490      5.399334103791e+01            -2.136674158837e+00           -9.415800169856e-01           5.394283017276e+01            
4500      5.201296305851e+01            9.537953058862e-01            -2.241394271073e+00           5.195589237384e+01            
4510      5.365745804786e+01            5.704426140530e-01            -9.711772191991e-01           5.364563555585e+01            
4520      5.624467180244e+01            9.495111469206e-01            -2.199641952769e+00           5.619362161336e+01            
4530      5.434368292496e+01            -1.183393590041e-01           -1.789369807300e+00           5.431408680386e+01            
4540      5.548630732932e+01            -3.892203490236e-01           -2.353051088371e+00           5.543502466077e+01            
4550      5.320371459278e+01            1.038528047836e+00            -1.989917211906e+00           5.315634426345e+01            
4560      5.386804740578e+01            2.504153705774e+00            -2.946071642199e+00           5.372910205288e+01            
4570      5.246655790837e+01            5.495692644305e-01            -1.390859759623e+00           5.244523983648e+01            
4580      5.625144402332e+01            -9.419817991252e-01           -9.556445607312e-01           5.623543694569e+01            
4590      5.464662273852e+01            -1.820564024868e-01           -1.583628279565e+00           5.462336820139e+01            
4600      5.552077334648e+01            1.473073660812e+00            1.506178552959e+00            5.548078724340e+01            
4610      5.413676270390e+01            -7.474702533900e-01           1.108610049697e+00            5.412024896503e+01            
4620      5.657227181798e+01            -6.611495651846e-01           9.126007601215e-01            5.656104648742e+01            
4630      5.328954615686e+01            -7.071714344250e-01           -1.414150014591e+00           5.326608506266e+01            
4640      5.395745446132e+01            -1.139374181860e+00           1.699918661815e+00            5.391863309620e+01            
4650      5.343894027698e+01            9.664923282357e-01            3.579591343772e-01            5.342900051250e+01            
4660      5.393451283308e+01            -2.447574302566e+00           6.648816611935e-03            5.387894774741e+01            
4670      5.443658429005e+01            -2.913206381109e+00           -1.766268926823e+00           5.432987421141e+01            
4680      5.511433766588e+01            1.642700309574e+00            -4.707639345253e-01           5.508784015878e+01            
4690      5.266337021632e+01            5.829017921372e-02            -6.643822510861e-02           5.266329604913e+01            
4700      5.377840167817e+01            8.398607858181e-01            -9.004790837929e-01           5.376430282575e+01            
4710      5.370425105896e+01            2.574027082485e-01            -6.514715260422e-01           5.369968259218e+01            
4720      5.389143609557e+01            -6.543175546282e-01           -1.043347953265e-01           5.388736277859e+01            
4730      5.395711849556e+01            -3.264899043821e-01           -3.571899554712e-01           5.395494839236e+01            
4740      5.177012962188e+01            -2.067079014562e-01           1.753956126760e+00            5.173999643231e+01            
4750      5.281100482014e+01            -6.885004317595e-01           -3.814622962943e-01           5.280513880092e+01            
4760      5.211870412259e+01            1.894668182660e+00            -2.179767595515e-01           5.208379822966e+01            
4770      5.295593967917e+01            -5.321665804707e-01           -1.259202825310e+00           5.293829194713e+01            
4780      5.263214977785e+01            -2.256685623918e+00           -9.207117387688e-01           5.257568687261e+01            
4790      5.349860118739e+01            -2.849882785712e+00           -2.049082612733e+00           5.338332846087e+01            
4800      5.525382300181e+01            2.311068905327e-01            -8.070051139213e-01           5.524744599225e+01            
4810      5.334207780771e+01            -2.836444965148e-01           -2.053803191007e+00           5.330177016850e+01            
4820      5.453568258403e+01            -4.891564226988e-01           -7.317947512822e-02           5.453343970138e+01            
4830      5.341502171142e+01            -1.909621561743e+00           -9.741812377147e-01           5.337198573071e+01            
4840      5.245945459402e+01            -3.992768915533e+00           -2.407253675104e-01           5.230673210961e+01            
4850      5.216307807615e+01            -2.562135286599e+00           -1.055434537812e+00           5.208942536723e+01            
4860      5.199638896844e+01            -2.060195973706e-01           -6.352937502344e-01           5.199209962614e+01            
4870      5.198486035731e+01            -5.840876025375e-01           -2.080042511803e-01           5.198116276377e+01            
4880      5.496674483962e+01            -1.800962607264e+00           -4.574541505023e-01           5.493532841124e+01            
4890      5.432794570212e+01            -1.476835275694e+00           -1.094472309078e+00           5.429683943054e+01            
4900      5.506474056262e+01            -3.638088166392e+00           -1.638022289937e+00           5.492000410324e+01            
4910      5.330647643196e+01            -1.671652579696e+00           8.136350885753e-01            5.327404626257e+01            
4920      5.158445858134e+01            -3.376555446109e+00           5.404158997991e-01            5.147099368678e+01            
4930      5.386539480646e+01            -2.370947118600e+00           2.219050077854e+00            5.376741749581e+01            
4940      5.445822620598e+01            -2.241191397178e+00           1.689660361817e+00            5.438584843951e+01            
4950      5.408335030791e+01            -3.301681564645e+00           -6.507526984712e-02           5.398243644541e+01            
4960      5.486947551942e+01            -3.927773567863e+00           2.060451871028e+00            5.468991201916e+01            
4970      5.345162638020e+01            -1.875737587376e+00           -7.007092728795e-01           5.341410841442e+01            
4980      5.532591656236e+01            -9.641435867443e-01           9.450332388373e-01            5.530944207626e+01            
4990      5.220593006585e+01            -2.185869565867e+00           -1.804614193672e+00           5.212892168359e+01            
5000      5.405118365569e+01            -1.502420596747e+00           -1.558569696977e+00           5.400781468854e+01            
